test_date,county,new_positives,cumulative_number_of_positives,total_number_of_tests_performed,cumulative_number_of_tests_performed,population,cummulative_death,mortality_rate
3/1/2020,Albany,0,0,0,0,305506,0,NaN
3/2/2020,Albany,0,0,0,0,305506,0,NaN
3/3/2020,Albany,0,0,0,0,305506,0,NaN
3/4/2020,Albany,0,0,0,0,305506,0,NaN
3/5/2020,Albany,0,0,3,3,305506,0,NaN
3/6/2020,Albany,0,0,0,3,305506,0,NaN
3/7/2020,Albany,0,0,5,8,305506,0,NaN
3/8/2020,Albany,0,0,2,10,305506,0,NaN
3/9/2020,Albany,0,0,3,13,305506,0,NaN
3/10/2020,Albany,0,0,2,15,305506,0,NaN
3/11/2020,Albany,0,0,13,28,305506,0,NaN
3/12/2020,Albany,1,1,11,39,305506,0,0
3/13/2020,Albany,2,3,26,65,305506,0,0
3/14/2020,Albany,3,6,108,173,305506,0,0
3/15/2020,Albany,6,12,108,281,305506,0,0
3/16/2020,Albany,11,23,140,421,305506,0,0
3/17/2020,Albany,13,36,267,688,305506,0,0
3/18/2020,Albany,7,43,331,1019,305506,0,0
3/19/2020,Albany,18,61,450,1469,305506,0,0
3/20/2020,Albany,27,88,499,1968,305506,0,0
3/21/2020,Albany,35,123,577,2545,305506,0,0
3/22/2020,Albany,4,127,197,2742,305506,0,0
3/23/2020,Albany,19,146,144,2886,305506,0,0
3/24/2020,Albany,6,152,198,3084,305506,0,0
3/25/2020,Albany,19,171,93,3177,305506,0,0
3/26/2020,Albany,16,187,112,3289,305506,0,0
3/27/2020,Albany,8,195,101,3390,305506,0,0
3/28/2020,Albany,10,205,73,3463,305506,0,0
3/29/2020,Albany,12,217,61,3524,305506,1,0.004608294930875576
3/30/2020,Albany,9,226,72,3596,305506,1,0.004424778761061947
3/31/2020,Albany,14,240,108,3704,305506,1,0.004166666666666667
4/1/2020,Albany,13,253,106,3810,305506,2,0.007905138339920948
4/2/2020,Albany,14,267,105,3915,305506,2,0.00749063670411985
4/3/2020,Albany,26,293,123,4038,305506,4,0.013651877133105802
4/4/2020,Albany,12,305,117,4155,305506,6,0.019672131147540985
4/5/2020,Albany,14,319,89,4244,305506,8,0.025078369905956112
4/6/2020,Albany,14,333,86,4330,305506,9,0.02702702702702703
4/7/2020,Albany,9,342,74,4404,305506,9,0.02631578947368421
4/8/2020,Albany,37,379,229,4633,305506,9,0.023746701846965697
4/9/2020,Albany,47,426,332,4965,305506,12,0.028169014084507043
4/10/2020,Albany,20,446,159,5124,305506,14,0.03139013452914798
4/11/2020,Albany,32,478,223,5347,305506,16,0.03347280334728033
4/12/2020,Albany,21,499,193,5540,305506,16,0.03206412825651302
4/13/2020,Albany,36,535,216,5756,305506,17,0.03177570093457944
4/14/2020,Albany,13,548,106,5862,305506,21,0.03832116788321168
4/15/2020,Albany,33,581,301,6163,305506,22,0.0378657487091222
4/16/2020,Albany,38,619,273,6436,305506,22,0.035541195476575124
4/17/2020,Albany,29,648,291,6727,305506,22,0.033950617283950615
4/18/2020,Albany,34,682,305,7032,305506,22,0.03225806451612903
4/19/2020,Albany,5,687,103,7135,305506,22,0.03202328966521106
4/20/2020,Albany,17,704,164,7299,305506,22,0.03125
4/21/2020,Albany,33,737,236,7535,305506,22,0.029850746268656716
4/22/2020,Albany,21,758,178,7713,305506,22,0.029023746701846966
4/23/2020,Albany,47,805,319,8032,305506,23,0.02857142857142857
4/24/2020,Albany,94,899,626,8658,305506,23,0.025583982202447165
4/25/2020,Albany,49,948,402,9060,305506,23,0.024261603375527425
4/26/2020,Albany,31,979,263,9323,305506,25,0.02553626149131767
4/27/2020,Albany,30,1009,197,9520,305506,26,0.02576808721506442
4/28/2020,Albany,58,1067,351,9871,305506,26,0.02436738519212746
4/29/2020,Albany,98,1165,439,10310,305506,27,0.02317596566523605
4/30/2020,Albany,39,1204,378,10688,305506,31,0.02574750830564784
5/1/2020,Albany,34,1238,434,11122,305506,33,0.02665589660743134
5/2/2020,Albany,20,1258,441,11563,305506,35,0.02782193958664547
5/3/2020,Albany,29,1287,391,11954,305506,36,0.027972027972027972
5/4/2020,Albany,7,1294,130,12084,305506,39,0.030139103554868624
5/5/2020,Albany,27,1321,367,12451,305506,42,0.03179409538228615
5/6/2020,Albany,27,1348,407,12858,305506,63,0.04673590504451038
5/7/2020,Albany,36,1384,385,13243,305506,68,0.049132947976878616
5/8/2020,Albany,32,1416,488,13731,305506,69,0.048728813559322036
5/9/2020,Albany,16,1432,455,14186,305506,74,0.051675977653631286
5/10/2020,Albany,24,1456,384,14570,305506,74,0.050824175824175824
5/11/2020,Albany,23,1479,341,14911,305506,75,0.05070993914807302
5/12/2020,Albany,15,1494,335,15246,305506,78,0.05220883534136546
5/13/2020,Albany,15,1509,546,15792,305506,80,0.053015241882041084
5/14/2020,Albany,29,1538,541,16333,305506,82,0.053315994798439535
5/15/2020,Albany,34,1572,482,16815,305506,86,0.054707379134860054
5/16/2020,Albany,7,1579,411,17226,305506,89,0.05636478784040532
5/17/2020,Albany,31,1610,342,17568,305506,90,0.055900621118012424
5/18/2020,Albany,45,1655,398,17966,305506,90,0.054380664652567974
5/19/2020,Albany,27,1682,697,18663,305506,91,0.054102259215219974
5/20/2020,Albany,18,1700,650,19313,305506,92,0.05411764705882353
5/21/2020,Albany,56,1756,920,20233,305506,93,0.05296127562642369
5/22/2020,Albany,14,1770,655,20888,305506,94,0.05310734463276836
5/23/2020,Albany,12,1782,438,21326,305506,95,0.05331088664421998
5/24/2020,Albany,9,1791,378,21704,305506,97,0.05415968732551647
5/25/2020,Albany,2,1793,328,22032,305506,98,0.05465699944227551
5/26/2020,Albany,3,1796,369,22401,305506,98,0.05456570155902005
5/27/2020,Albany,18,1814,666,23067,305506,98,0.05402425578831312
5/28/2020,Albany,20,1834,416,23483,305506,99,0.0539803707742639
5/29/2020,Albany,9,1843,521,24004,305506,99,0.05371676614215952
5/30/2020,Albany,17,1860,760,24764,305506,99,0.0532258064516129
5/31/2020,Albany,22,1882,537,25301,305506,99,0.052603613177470775
6/1/2020,Albany,18,1900,618,25919,305506,100,0.05263157894736842
6/2/2020,Albany,20,1920,1170,27089,305506,100,0.052083333333333336
6/3/2020,Albany,10,1930,817,27906,305506,100,0.05181347150259067
6/4/2020,Albany,11,1941,1179,29085,305506,100,0.05151983513652756
6/5/2020,Albany,12,1953,1164,30249,305506,100,0.051203277009728626
6/6/2020,Albany,8,1961,751,31000,305506,101,0.051504334523202445
6/7/2020,Albany,17,1978,1194,32194,305506,101,0.051061678463094035
6/8/2020,Albany,5,1983,616,32810,305506,101,0.050932929904185575
6/9/2020,Albany,3,1986,569,33379,305506,101,0.05085599194360524
6/10/2020,Albany,10,1996,774,34153,305506,102,0.05110220440881764
6/11/2020,Albany,11,2007,1103,35256,305506,103,0.05132037867463876
6/12/2020,Albany,9,2016,739,35995,305506,103,0.05109126984126984
6/13/2020,Albany,4,2020,874,36869,305506,104,0.05148514851485148
6/14/2020,Albany,2,2022,496,37365,305506,105,0.05192878338278932
6/15/2020,Albany,4,2026,577,37942,305506,106,0.05231984205330701
6/16/2020,Albany,3,2029,592,38534,305506,107,0.0527353376047314
6/17/2020,Albany,5,2034,843,39377,305506,108,0.05309734513274336
6/18/2020,Albany,15,2049,1070,40447,305506,108,0.0527086383601757
6/19/2020,Albany,4,2053,610,41057,305506,108,0.05260594252313687
6/20/2020,Albany,1,2054,784,41841,305506,108,0.05258033106134372
6/21/2020,Albany,6,2060,931,42772,305506,108,0.05242718446601942
6/22/2020,Albany,2,2062,427,43199,305506,108,0.052376333656644035
6/23/2020,Albany,3,2065,586,43785,305506,108,0.05230024213075061
6/24/2020,Albany,11,2076,1325,45110,305506,108,0.05202312138728324
6/25/2020,Albany,8,2084,630,45740,305506,108,0.05182341650671785
6/26/2020,Albany,7,2091,799,46539,305506,108,0.05164992826398852
6/27/2020,Albany,6,2097,762,47301,305506,108,0.05150214592274678
6/28/2020,Albany,2,2099,514,47815,305506,108,0.05145307289185326
6/29/2020,Albany,3,2102,543,48358,305506,108,0.05137963843958135
6/30/2020,Albany,10,2112,731,49089,305506,108,0.05113636363636364
7/1/2020,Albany,13,2125,928,50017,305506,109,0.05129411764705882
7/2/2020,Albany,5,2130,805,50822,305506,109,0.05117370892018779
7/3/2020,Albany,15,2145,970,51792,305506,109,0.05081585081585081
7/4/2020,Albany,7,2152,1098,52890,305506,109,0.05065055762081784
7/5/2020,Albany,8,2160,626,53516,305506,109,0.050462962962962966
7/6/2020,Albany,4,2164,421,53937,305506,109,0.050369685767097966
7/7/2020,Albany,11,2175,1020,54957,305506,109,0.050114942528735634
7/8/2020,Albany,8,2183,1260,56217,305506,109,0.04993128721942281
7/9/2020,Albany,7,2190,625,56842,305506,109,0.049771689497716896
7/10/2020,Albany,18,2208,1252,58094,305506,109,0.049365942028985504
7/11/2020,Albany,11,2219,815,58909,305506,109,0.049121225777377195
7/12/2020,Albany,6,2225,594,59503,305506,109,0.048988764044943824
7/13/2020,Albany,22,2247,1139,60642,305506,109,0.04850912327547842
7/14/2020,Albany,33,2280,860,61502,305506,109,0.04780701754385965
7/15/2020,Albany,10,2290,1065,62567,305506,109,0.04759825327510917
7/16/2020,Albany,20,2310,1098,63665,305506,109,0.047186147186147186
7/17/2020,Albany,5,2315,816,64481,305506,110,0.047516198704103674
7/18/2020,Albany,3,2318,335,64816,305506,110,0.04745470232959448
7/19/2020,Albany,4,2322,877,65693,305506,110,0.047372954349698536
7/20/2020,Albany,29,2351,1354,67047,305506,110,0.04678860059549128
7/21/2020,Albany,18,2369,981,68028,305506,111,0.04685521317011397
7/22/2020,Albany,32,2401,975,69003,305506,112,0.04664723032069971
7/23/2020,Albany,25,2426,896,69899,305506,112,0.046166529266281946
7/24/2020,Albany,12,2438,632,70531,305506,112,0.04593929450369155
7/25/2020,Albany,13,2451,817,71348,305506,112,0.04569563443492452
7/26/2020,Albany,2,2453,820,72168,305506,112,0.04565837749694252
7/27/2020,Albany,15,2468,929,73097,305506,112,0.04538087520259319
7/28/2020,Albany,12,2480,843,73940,305506,113,0.045564516129032256
7/29/2020,Albany,13,2493,763,74703,305506,114,0.0457280385078219
7/30/2020,Albany,10,2503,745,75448,305506,115,0.04594486616060727
7/31/2020,Albany,12,2515,1055,76503,305506,115,0.04572564612326044
8/1/2020,Albany,6,2521,463,76966,305506,116,0.04601348671162237
8/2/2020,Albany,10,2531,529,77495,305506,116,0.04583168708020545
8/3/2020,Albany,12,2543,770,78265,305506,116,0.045615414864333466
8/4/2020,Albany,13,2556,1218,79483,305506,116,0.04538341158059468
8/5/2020,Albany,9,2565,800,80283,305506,116,0.045224171539961014
8/6/2020,Albany,8,2573,757,81040,305506,116,0.04508356004663817
8/7/2020,Albany,8,2581,946,81986,305506,116,0.0449438202247191
8/8/2020,Albany,14,2595,903,82889,305506,116,0.044701348747591525
8/9/2020,Albany,5,2600,739,83628,305506,116,0.04461538461538461
8/10/2020,Albany,14,2614,1127,84755,305506,116,0.04437643458301454
8/11/2020,Albany,10,2624,1451,86206,305506,117,0.04458841463414634
8/12/2020,Albany,12,2636,1052,87258,305506,117,0.04438543247344461
8/13/2020,Albany,3,2639,1173,88431,305506,118,0.0447139067828723
8/14/2020,Albany,4,2643,1109,89540,305506,118,0.044646235338630345
8/15/2020,Albany,11,2654,1142,90682,305506,118,0.044461190655614165
8/16/2020,Albany,3,2657,700,91382,305506,118,0.04441098983816334
8/17/2020,Albany,4,2661,991,92373,305506,119,0.04472003006388576
8/18/2020,Albany,14,2675,1197,93570,305506,119,0.044485981308411214
8/19/2020,Albany,9,2684,1750,95320,305506,119,0.044336810730253355
8/20/2020,Albany,7,2691,1443,96763,305506,120,0.044593088071348944
8/21/2020,Albany,2,2693,1336,98099,305506,120,0.04455997029335314
8/22/2020,Albany,6,2699,1263,99362,305506,120,0.0444609114486847
8/23/2020,Albany,2,2701,490,99852,305506,120,0.044427989633469084
8/24/2020,Albany,10,2711,972,100824,305506,120,0.044264109184802655
8/25/2020,Albany,7,2718,1042,101866,305506,120,0.04415011037527594
8/26/2020,Albany,18,2736,1266,103132,305506,120,0.043859649122807015
8/27/2020,Albany,10,2746,1264,104396,305506,121,0.04406409322651129
8/28/2020,Albany,8,2754,1183,105579,305506,121,0.0439360929557008
8/29/2020,Albany,10,2764,1519,107098,305506,122,0.04413892908827786
8/30/2020,Albany,6,2770,594,107692,305506,122,0.04404332129963899
8/31/2020,Albany,16,2786,841,108533,305506,122,0.04379038047379756
9/1/2020,Albany,5,2791,1116,109649,305506,122,0.04371193120745252
9/2/2020,Albany,11,2802,1655,111304,305506,122,0.04354032833690221
9/3/2020,Albany,17,2819,899,112203,305506,122,0.043277758070237676
9/4/2020,Albany,4,2823,996,113199,305506,122,0.04321643641516117
9/5/2020,Albany,8,2831,824,114023,305506,122,0.0430943129636171
9/6/2020,Albany,2,2833,727,114750,305506,122,0.043063889869396396
9/7/2020,Albany,7,2840,665,115415,305506,122,0.04295774647887324
9/8/2020,Albany,6,2846,499,115914,305506,122,0.04286718200983837
9/9/2020,Albany,13,2859,724,116638,305506,122,0.04267226302903113
9/10/2020,Albany,23,2882,1326,117964,305506,122,0.04233171408743928
9/11/2020,Albany,14,2896,1386,119350,305506,122,0.04212707182320442
9/12/2020,Albany,19,2915,844,120194,305506,123,0.04219554030874786
9/13/2020,Albany,6,2921,555,120749,305506,123,0.0421088668264293
9/14/2020,Albany,15,2936,797,121546,305506,123,0.04189373297002725
9/15/2020,Albany,12,2948,997,122543,305506,123,0.04172320217096336
9/16/2020,Albany,21,2969,1084,123627,305506,123,0.04142809026608286
9/17/2020,Albany,10,2979,1229,124856,305506,123,0.041289023162134945
9/18/2020,Albany,27,3006,1322,126178,305506,123,0.04091816367265469
9/19/2020,Albany,10,3016,1147,127325,305506,123,0.04078249336870027
9/20/2020,Albany,8,3024,669,127994,305506,123,0.040674603174603176
9/21/2020,Albany,13,3037,776,128770,305506,123,0.0405004939084623
9/22/2020,Albany,6,3043,869,129639,305506,123,0.04042063752875452
9/23/2020,Albany,10,3053,1519,131158,305506,123,0.040288241074353096
9/24/2020,Albany,10,3063,1348,132506,305506,123,0.040156709108716944
9/25/2020,Albany,19,3082,1202,133708,305506,123,0.03990914990266061
9/26/2020,Albany,13,3095,1091,134799,305506,123,0.03974151857835218
9/27/2020,Albany,9,3104,789,135588,305506,123,0.03962628865979381
9/28/2020,Albany,12,3116,939,136527,305506,123,0.039473684210526314
9/29/2020,Albany,4,3120,925,137452,305506,123,0.03942307692307692
9/30/2020,Albany,13,3133,1496,138948,305506,123,0.03925949569103096
10/1/2020,Albany,20,3153,1343,140291,305506,123,0.0390104662226451
10/2/2020,Albany,22,3175,1783,142074,305506,123,0.03874015748031496
10/3/2020,Albany,15,3190,1052,143126,305506,123,0.038557993730407525
10/4/2020,Albany,11,3201,833,143959,305506,123,0.038425492033739454
10/5/2020,Albany,17,3218,1061,145020,305506,123,0.0382224984462399
10/6/2020,Albany,15,3233,1328,146348,305506,123,0.03804515929477266
10/7/2020,Albany,18,3251,2089,148437,305506,123,0.03783451245770532
10/8/2020,Albany,17,3268,2240,150677,305506,123,0.03763769889840881
10/9/2020,Albany,12,3280,2225,152902,305506,123,0.0375
10/10/2020,Albany,13,3293,1823,154725,305506,124,0.03765563316125114
10/11/2020,Albany,11,3304,819,155544,305506,124,0.03753026634382567
10/12/2020,Albany,20,3324,1393,156937,305506,124,0.03730445246690734
10/13/2020,Albany,19,3343,1278,158215,305506,124,0.03709243194735268
10/14/2020,Albany,26,3369,1823,160038,305506,124,0.03680617393885426
10/15/2020,Albany,14,3383,3007,163045,305506,124,0.03665385752290866
10/16/2020,Albany,15,3398,1318,164363,305506,124,0.03649205414949971
10/17/2020,Albany,18,3416,1354,165717,305506,124,0.03629976580796253
10/18/2020,Albany,11,3427,769,166486,305506,124,0.03618325065655092
10/19/2020,Albany,9,3436,997,167483,305506,126,0.03667054714784633
10/20/2020,Albany,24,3460,1466,168949,305506,126,0.03641618497109827
10/21/2020,Albany,28,3488,1454,170403,305506,126,0.03612385321100917
10/22/2020,Albany,28,3516,1856,172259,305506,126,0.03583617747440273
10/23/2020,Albany,33,3549,2694,174953,305506,127,0.0357847280924204
10/24/2020,Albany,28,3577,1148,176101,305506,127,0.03550461280402572
10/25/2020,Albany,13,3590,809,176910,305506,128,0.03565459610027855
10/26/2020,Albany,23,3613,1212,178122,305506,128,0.035427622474398006
10/27/2020,Albany,14,3627,1082,179204,305506,128,0.03529087400055142
10/28/2020,Albany,33,3660,2240,181444,305506,128,0.034972677595628415
10/29/2020,Albany,45,3705,2037,183481,305506,128,0.03454790823211876
10/30/2020,Albany,19,3724,1581,185062,305506,128,0.034371643394199784
10/31/2020,Albany,26,3750,1578,186640,305506,130,0.034666666666666665
11/1/2020,Albany,21,3771,905,187545,305506,130,0.03447361442588173
11/2/2020,Albany,31,3802,1432,188977,305506,130,0.0341925302472383
11/3/2020,Albany,43,3845,1169,190146,305506,130,0.033810143042912875
11/4/2020,Albany,32,3877,2982,193128,305506,130,0.03353108073252515
11/5/2020,Albany,65,3942,3059,196187,305506,130,0.03297818366311517
11/6/2020,Albany,82,4024,2976,199163,305506,130,0.03230616302186879
11/7/2020,Albany,25,4049,2845,202008,305506,131,0.03235366757224006
11/8/2020,Albany,46,4095,976,202984,305506,131,0.03199023199023199
11/9/2020,Albany,97,4192,1767,204751,305506,132,0.03148854961832061
11/10/2020,Albany,60,4252,4990,209741,305506,132,0.031044214487300093
11/11/2020,Albany,84,4336,2714,212455,305506,132,0.03044280442804428
11/12/2020,Albany,89,4425,3923,216378,305506,133,0.030056497175141243
11/13/2020,Albany,89,4514,3012,219390,305506,135,0.029906956136464335
11/14/2020,Albany,15,4529,1000,220390,305506,135,0.029807904614705234
3/1/2020,Allegany,0,0,0,0,46091,0,NaN
3/2/2020,Allegany,0,0,0,0,46091,0,NaN
3/3/2020,Allegany,0,0,0,0,46091,0,NaN
3/4/2020,Allegany,0,0,0,0,46091,0,NaN
3/5/2020,Allegany,0,0,0,0,46091,0,NaN
3/6/2020,Allegany,0,0,0,0,46091,0,NaN
3/7/2020,Allegany,0,0,0,0,46091,0,NaN
3/8/2020,Allegany,0,0,0,0,46091,0,NaN
3/9/2020,Allegany,0,0,0,0,46091,0,NaN
3/10/2020,Allegany,0,0,0,0,46091,0,NaN
3/11/2020,Allegany,0,0,4,4,46091,0,NaN
3/12/2020,Allegany,0,0,1,5,46091,0,NaN
3/13/2020,Allegany,0,0,0,5,46091,0,NaN
3/14/2020,Allegany,0,0,1,6,46091,0,NaN
3/15/2020,Allegany,2,2,5,11,46091,0,0
3/16/2020,Allegany,0,2,1,12,46091,0,0
3/17/2020,Allegany,0,2,0,12,46091,0,0
3/18/2020,Allegany,0,2,3,15,46091,0,0
3/19/2020,Allegany,0,2,2,17,46091,0,0
3/20/2020,Allegany,0,2,10,27,46091,0,0
3/21/2020,Allegany,0,2,10,37,46091,0,0
3/22/2020,Allegany,0,2,39,76,46091,0,0
3/23/2020,Allegany,0,2,2,78,46091,0,0
3/24/2020,Allegany,0,2,5,83,46091,0,0
3/25/2020,Allegany,0,2,6,89,46091,0,0
3/26/2020,Allegany,0,2,9,98,46091,0,0
3/27/2020,Allegany,0,2,4,102,46091,0,0
3/28/2020,Allegany,4,6,12,114,46091,0,0
3/29/2020,Allegany,1,7,7,121,46091,0,0
3/30/2020,Allegany,0,7,4,125,46091,1,0.14285714285714285
3/31/2020,Allegany,2,9,10,135,46091,1,0.1111111111111111
4/1/2020,Allegany,3,12,14,149,46091,1,0.08333333333333333
4/2/2020,Allegany,2,14,18,167,46091,1,0.07142857142857142
4/3/2020,Allegany,2,16,13,180,46091,1,0.0625
4/4/2020,Allegany,0,16,8,188,46091,1,0.0625
4/5/2020,Allegany,1,17,8,196,46091,1,0.058823529411764705
4/6/2020,Allegany,0,17,3,199,46091,1,0.058823529411764705
4/7/2020,Allegany,4,21,16,215,46091,1,0.047619047619047616
4/8/2020,Allegany,1,22,12,227,46091,1,0.045454545454545456
4/9/2020,Allegany,4,26,21,248,46091,1,0.038461538461538464
4/10/2020,Allegany,0,26,16,264,46091,1,0.038461538461538464
4/11/2020,Allegany,0,26,11,275,46091,1,0.038461538461538464
4/12/2020,Allegany,0,26,5,280,46091,1,0.038461538461538464
4/13/2020,Allegany,2,28,14,294,46091,1,0.03571428571428571
4/14/2020,Allegany,0,28,10,304,46091,1,0.03571428571428571
4/15/2020,Allegany,0,28,8,312,46091,1,0.03571428571428571
4/16/2020,Allegany,1,29,21,333,46091,1,0.034482758620689655
4/17/2020,Allegany,1,30,15,348,46091,1,0.03333333333333333
4/18/2020,Allegany,0,30,7,355,46091,1,0.03333333333333333
4/19/2020,Allegany,0,30,5,360,46091,2,0.06666666666666667
4/20/2020,Allegany,0,30,9,369,46091,2,0.06666666666666667
4/21/2020,Allegany,0,30,10,379,46091,2,0.06666666666666667
4/22/2020,Allegany,0,30,14,393,46091,2,0.06666666666666667
4/23/2020,Allegany,1,31,10,403,46091,2,0.06451612903225806
4/24/2020,Allegany,4,35,61,464,46091,2,0.05714285714285714
4/25/2020,Allegany,0,35,12,476,46091,2,0.05714285714285714
4/26/2020,Allegany,0,35,9,485,46091,2,0.05714285714285714
4/27/2020,Allegany,0,35,14,499,46091,2,0.05714285714285714
4/28/2020,Allegany,0,35,26,525,46091,2,0.05714285714285714
4/29/2020,Allegany,0,35,18,543,46091,2,0.05714285714285714
4/30/2020,Allegany,0,35,20,563,46091,2,0.05714285714285714
5/1/2020,Allegany,0,35,11,574,46091,2,0.05714285714285714
5/2/2020,Allegany,0,35,18,592,46091,2,0.05714285714285714
5/3/2020,Allegany,0,35,14,606,46091,2,0.05714285714285714
5/4/2020,Allegany,0,35,31,637,46091,2,0.05714285714285714
5/5/2020,Allegany,0,35,22,659,46091,2,0.05714285714285714
5/6/2020,Allegany,0,35,40,699,46091,2,0.05714285714285714
5/7/2020,Allegany,0,35,33,732,46091,2,0.05714285714285714
5/8/2020,Allegany,0,35,18,750,46091,2,0.05714285714285714
5/9/2020,Allegany,1,36,20,770,46091,2,0.05555555555555555
5/10/2020,Allegany,2,38,35,805,46091,2,0.05263157894736842
5/11/2020,Allegany,4,42,41,846,46091,2,0.047619047619047616
5/12/2020,Allegany,2,44,39,885,46091,2,0.045454545454545456
5/13/2020,Allegany,0,44,53,938,46091,2,0.045454545454545456
5/14/2020,Allegany,0,44,44,982,46091,2,0.045454545454545456
5/15/2020,Allegany,0,44,27,1009,46091,2,0.045454545454545456
5/16/2020,Allegany,0,44,36,1045,46091,2,0.045454545454545456
5/17/2020,Allegany,0,44,89,1134,46091,2,0.045454545454545456
5/18/2020,Allegany,0,44,28,1162,46091,2,0.045454545454545456
5/19/2020,Allegany,0,44,49,1211,46091,2,0.045454545454545456
5/20/2020,Allegany,0,44,68,1279,46091,2,0.045454545454545456
5/21/2020,Allegany,0,44,47,1326,46091,2,0.045454545454545456
5/22/2020,Allegany,0,44,26,1352,46091,2,0.045454545454545456
5/23/2020,Allegany,0,44,33,1385,46091,2,0.045454545454545456
5/24/2020,Allegany,0,44,53,1438,46091,2,0.045454545454545456
5/25/2020,Allegany,0,44,28,1466,46091,2,0.045454545454545456
5/26/2020,Allegany,1,45,96,1562,46091,2,0.044444444444444446
5/27/2020,Allegany,0,45,98,1660,46091,2,0.044444444444444446
5/28/2020,Allegany,0,45,60,1720,46091,2,0.044444444444444446
5/29/2020,Allegany,0,45,64,1784,46091,2,0.044444444444444446
5/30/2020,Allegany,0,45,51,1835,46091,2,0.044444444444444446
5/31/2020,Allegany,3,48,100,1935,46091,2,0.041666666666666664
6/1/2020,Allegany,0,48,160,2095,46091,2,0.041666666666666664
6/2/2020,Allegany,1,49,181,2276,46091,2,0.04081632653061224
6/3/2020,Allegany,0,49,131,2407,46091,2,0.04081632653061224
6/4/2020,Allegany,2,51,154,2561,46091,2,0.0392156862745098
6/5/2020,Allegany,0,51,309,2870,46091,2,0.0392156862745098
6/6/2020,Allegany,0,51,98,2968,46091,2,0.0392156862745098
6/7/2020,Allegany,0,51,149,3117,46091,2,0.0392156862745098
6/8/2020,Allegany,0,51,220,3337,46091,2,0.0392156862745098
6/9/2020,Allegany,1,52,128,3465,46091,2,0.038461538461538464
6/10/2020,Allegany,1,53,137,3602,46091,2,0.03773584905660377
6/11/2020,Allegany,0,53,163,3765,46091,2,0.03773584905660377
6/12/2020,Allegany,1,54,144,3909,46091,2,0.037037037037037035
6/13/2020,Allegany,0,54,103,4012,46091,2,0.037037037037037035
6/14/2020,Allegany,1,55,65,4077,46091,2,0.03636363636363636
6/15/2020,Allegany,0,55,120,4197,46091,2,0.03636363636363636
6/16/2020,Allegany,0,55,134,4331,46091,2,0.03636363636363636
6/17/2020,Allegany,2,57,77,4408,46091,2,0.03508771929824561
6/18/2020,Allegany,1,58,220,4628,46091,2,0.034482758620689655
6/19/2020,Allegany,0,58,166,4794,46091,2,0.034482758620689655
6/20/2020,Allegany,0,58,66,4860,46091,2,0.034482758620689655
6/21/2020,Allegany,0,58,114,4974,46091,2,0.034482758620689655
6/22/2020,Allegany,0,58,142,5116,46091,2,0.034482758620689655
6/23/2020,Allegany,0,58,104,5220,46091,2,0.034482758620689655
6/24/2020,Allegany,0,58,131,5351,46091,2,0.034482758620689655
6/25/2020,Allegany,0,58,109,5460,46091,2,0.034482758620689655
6/26/2020,Allegany,0,58,55,5515,46091,2,0.034482758620689655
6/27/2020,Allegany,1,59,74,5589,46091,2,0.03389830508474576
6/28/2020,Allegany,0,59,157,5746,46091,2,0.03389830508474576
6/29/2020,Allegany,0,59,194,5940,46091,2,0.03389830508474576
6/30/2020,Allegany,2,61,78,6018,46091,2,0.03278688524590164
7/1/2020,Allegany,1,62,48,6066,46091,2,0.03225806451612903
7/2/2020,Allegany,1,63,105,6171,46091,2,0.031746031746031744
7/3/2020,Allegany,0,63,75,6246,46091,2,0.031746031746031744
7/4/2020,Allegany,0,63,97,6343,46091,2,0.031746031746031744
7/5/2020,Allegany,0,63,93,6436,46091,2,0.031746031746031744
7/6/2020,Allegany,0,63,87,6523,46091,2,0.031746031746031744
7/7/2020,Allegany,1,64,205,6728,46091,2,0.03125
7/8/2020,Allegany,0,64,91,6819,46091,2,0.03125
7/9/2020,Allegany,0,64,78,6897,46091,2,0.03125
7/10/2020,Allegany,2,66,106,7003,46091,2,0.030303030303030304
7/11/2020,Allegany,0,66,107,7110,46091,2,0.030303030303030304
7/12/2020,Allegany,0,66,88,7198,46091,2,0.030303030303030304
7/13/2020,Allegany,2,68,243,7441,46091,2,0.029411764705882353
7/14/2020,Allegany,1,69,97,7538,46091,2,0.028985507246376812
7/15/2020,Allegany,1,70,80,7618,46091,2,0.02857142857142857
7/16/2020,Allegany,1,71,72,7690,46091,2,0.028169014084507043
7/17/2020,Allegany,0,71,111,7801,46091,2,0.028169014084507043
7/18/2020,Allegany,0,71,78,7879,46091,2,0.028169014084507043
7/19/2020,Allegany,0,71,72,7951,46091,2,0.028169014084507043
7/20/2020,Allegany,1,72,97,8048,46091,2,0.027777777777777776
7/21/2020,Allegany,0,72,171,8219,46091,2,0.027777777777777776
7/22/2020,Allegany,0,72,130,8349,46091,2,0.027777777777777776
7/23/2020,Allegany,2,74,112,8461,46091,2,0.02702702702702703
7/24/2020,Allegany,0,74,138,8599,46091,2,0.02702702702702703
7/25/2020,Allegany,0,74,75,8674,46091,2,0.02702702702702703
7/26/2020,Allegany,0,74,58,8732,46091,2,0.02702702702702703
7/27/2020,Allegany,0,74,53,8785,46091,2,0.02702702702702703
7/28/2020,Allegany,0,74,212,8997,46091,2,0.02702702702702703
7/29/2020,Allegany,0,74,100,9097,46091,2,0.02702702702702703
7/30/2020,Allegany,0,74,65,9162,46091,2,0.02702702702702703
7/31/2020,Allegany,0,74,102,9264,46091,2,0.02702702702702703
8/1/2020,Allegany,0,74,118,9382,46091,2,0.02702702702702703
8/2/2020,Allegany,1,75,63,9445,46091,2,0.02666666666666667
8/3/2020,Allegany,0,75,153,9598,46091,2,0.02666666666666667
8/4/2020,Allegany,1,76,178,9776,46091,2,0.02631578947368421
8/5/2020,Allegany,2,78,118,9894,46091,2,0.02564102564102564
8/6/2020,Allegany,1,79,128,10022,46091,2,0.02531645569620253
8/7/2020,Allegany,0,79,110,10132,46091,2,0.02531645569620253
8/8/2020,Allegany,0,79,65,10197,46091,2,0.02531645569620253
8/9/2020,Allegany,1,80,71,10268,46091,2,0.025
8/10/2020,Allegany,0,80,325,10593,46091,2,0.025
8/11/2020,Allegany,0,80,95,10688,46091,2,0.025
8/12/2020,Allegany,0,80,74,10762,46091,2,0.025
8/13/2020,Allegany,0,80,90,10852,46091,2,0.025
8/14/2020,Allegany,0,80,141,10993,46091,2,0.025
8/15/2020,Allegany,0,80,118,11111,46091,2,0.025
8/16/2020,Allegany,0,80,66,11177,46091,2,0.025
8/17/2020,Allegany,0,80,169,11346,46091,2,0.025
8/18/2020,Allegany,0,80,242,11588,46091,2,0.025
8/19/2020,Allegany,1,81,94,11682,46091,2,0.024691358024691357
8/20/2020,Allegany,3,84,149,11831,46091,2,0.023809523809523808
8/21/2020,Allegany,0,84,145,11976,46091,2,0.023809523809523808
8/22/2020,Allegany,1,85,93,12069,46091,2,0.023529411764705882
8/23/2020,Allegany,0,85,47,12116,46091,2,0.023529411764705882
8/24/2020,Allegany,1,86,199,12315,46091,2,0.023255813953488372
8/25/2020,Allegany,0,86,258,12573,46091,2,0.023255813953488372
8/26/2020,Allegany,1,87,180,12753,46091,2,0.022988505747126436
8/27/2020,Allegany,0,87,236,12989,46091,2,0.022988505747126436
8/28/2020,Allegany,1,88,180,13169,46091,2,0.022727272727272728
8/29/2020,Allegany,1,89,149,13318,46091,2,0.02247191011235955
8/30/2020,Allegany,0,89,94,13412,46091,2,0.02247191011235955
8/31/2020,Allegany,0,89,355,13767,46091,2,0.02247191011235955
9/1/2020,Allegany,0,89,122,13889,46091,2,0.02247191011235955
9/2/2020,Allegany,1,90,253,14142,46091,2,0.022222222222222223
9/3/2020,Allegany,0,90,220,14362,46091,2,0.022222222222222223
9/4/2020,Allegany,2,92,126,14488,46091,2,0.021739130434782608
9/5/2020,Allegany,0,92,51,14539,46091,2,0.021739130434782608
9/6/2020,Allegany,0,92,102,14641,46091,2,0.021739130434782608
9/7/2020,Allegany,0,92,194,14835,46091,2,0.021739130434782608
9/8/2020,Allegany,0,92,156,14991,46091,2,0.021739130434782608
9/9/2020,Allegany,1,93,86,15077,46091,2,0.021505376344086023
9/10/2020,Allegany,0,93,230,15307,46091,2,0.021505376344086023
9/11/2020,Allegany,1,94,135,15442,46091,2,0.02127659574468085
9/12/2020,Allegany,0,94,51,15493,46091,2,0.02127659574468085
9/13/2020,Allegany,0,94,106,15599,46091,2,0.02127659574468085
9/14/2020,Allegany,0,94,121,15720,46091,2,0.02127659574468085
9/15/2020,Allegany,0,94,232,15952,46091,2,0.02127659574468085
9/16/2020,Allegany,0,94,86,16038,46091,2,0.02127659574468085
9/17/2020,Allegany,1,95,169,16207,46091,2,0.021052631578947368
9/18/2020,Allegany,1,96,115,16322,46091,2,0.020833333333333332
9/19/2020,Allegany,2,98,165,16487,46091,2,0.02040816326530612
9/20/2020,Allegany,1,99,145,16632,46091,2,0.020202020202020204
9/21/2020,Allegany,0,99,230,16862,46091,2,0.020202020202020204
9/22/2020,Allegany,0,99,135,16997,46091,2,0.020202020202020204
9/23/2020,Allegany,2,101,161,17158,46091,2,0.019801980198019802
9/24/2020,Allegany,2,103,129,17287,46091,2,0.019417475728155338
9/25/2020,Allegany,3,106,301,17588,46091,2,0.018867924528301886
9/26/2020,Allegany,0,106,137,17725,46091,2,0.018867924528301886
9/27/2020,Allegany,0,106,129,17854,46091,2,0.018867924528301886
9/28/2020,Allegany,2,108,170,18024,46091,2,0.018518518518518517
9/29/2020,Allegany,6,114,139,18163,46091,2,0.017543859649122806
9/30/2020,Allegany,5,119,140,18303,46091,4,0.03361344537815126
10/1/2020,Allegany,3,122,207,18510,46091,4,0.03278688524590164
10/2/2020,Allegany,2,124,435,18945,46091,4,0.03225806451612903
10/3/2020,Allegany,0,124,153,19098,46091,4,0.03225806451612903
10/4/2020,Allegany,1,125,67,19165,46091,4,0.032
10/5/2020,Allegany,3,128,330,19495,46091,4,0.03125
10/6/2020,Allegany,2,130,314,19809,46091,4,0.03076923076923077
10/7/2020,Allegany,1,131,309,20118,46091,4,0.030534351145038167
10/8/2020,Allegany,10,141,203,20321,46091,4,0.028368794326241134
10/9/2020,Allegany,3,144,137,20458,46091,4,0.027777777777777776
10/10/2020,Allegany,6,150,266,20724,46091,4,0.02666666666666667
10/11/2020,Allegany,1,151,110,20834,46091,4,0.026490066225165563
10/12/2020,Allegany,5,156,434,21268,46091,4,0.02564102564102564
10/13/2020,Allegany,5,161,379,21647,46091,4,0.024844720496894408
10/14/2020,Allegany,15,176,355,22002,46091,4,0.022727272727272728
10/15/2020,Allegany,12,188,191,22193,46091,5,0.026595744680851064
10/16/2020,Allegany,12,200,342,22535,46091,6,0.03
10/17/2020,Allegany,5,205,182,22717,46091,6,0.02926829268292683
10/18/2020,Allegany,7,212,120,22837,46091,6,0.02830188679245283
10/19/2020,Allegany,8,220,195,23032,46091,8,0.03636363636363636
10/20/2020,Allegany,4,224,627,23659,46091,9,0.04017857142857143
10/21/2020,Allegany,19,243,206,23865,46091,9,0.037037037037037035
10/22/2020,Allegany,21,264,485,24350,46091,9,0.03409090909090909
10/23/2020,Allegany,5,269,312,24662,46091,9,0.03345724907063197
10/24/2020,Allegany,2,271,128,24790,46091,9,0.033210332103321034
10/25/2020,Allegany,16,287,148,24938,46091,10,0.03484320557491289
10/26/2020,Allegany,2,289,136,25074,46091,11,0.03806228373702422
10/27/2020,Allegany,19,308,464,25538,46091,11,0.03571428571428571
10/28/2020,Allegany,6,314,591,26129,46091,12,0.03821656050955414
10/29/2020,Allegany,22,336,628,26757,46091,12,0.03571428571428571
10/30/2020,Allegany,5,341,256,27013,46091,12,0.03519061583577713
10/31/2020,Allegany,7,348,85,27098,46091,14,0.040229885057471264
11/1/2020,Allegany,16,364,358,27456,46091,17,0.046703296703296704
11/2/2020,Allegany,10,374,227,27683,46091,18,0.0481283422459893
11/3/2020,Allegany,5,379,477,28160,46091,19,0.05013192612137203
11/4/2020,Allegany,10,389,704,28864,46091,20,0.05141388174807198
11/5/2020,Allegany,25,414,245,29109,46091,21,0.050724637681159424
11/6/2020,Allegany,41,455,296,29405,46091,23,0.05054945054945055
11/7/2020,Allegany,14,469,187,29592,46091,24,0.0511727078891258
11/8/2020,Allegany,2,471,59,29651,46091,24,0.050955414012738856
11/9/2020,Allegany,13,484,263,29914,46091,25,0.05165289256198347
11/10/2020,Allegany,19,503,799,30713,46091,29,0.05765407554671968
11/11/2020,Allegany,40,543,715,31428,46091,31,0.0570902394106814
11/12/2020,Allegany,46,589,432,31860,46091,33,0.05602716468590832
11/13/2020,Allegany,39,628,272,32132,46091,34,0.054140127388535034
11/14/2020,Allegany,16,644,97,32229,46091,35,0.05434782608695652
3/1/2020,Bronx,0,0,0,0,1418207,0,NaN
3/2/2020,Bronx,0,0,0,0,1418207,0,NaN
3/3/2020,Bronx,0,0,1,1,1418207,0,NaN
3/4/2020,Bronx,0,0,0,1,1418207,0,NaN
3/5/2020,Bronx,0,0,5,6,1418207,0,NaN
3/6/2020,Bronx,0,0,6,12,1418207,0,NaN
3/7/2020,Bronx,0,0,17,29,1418207,0,NaN
3/8/2020,Bronx,1,1,16,45,1418207,0,0
3/9/2020,Bronx,4,5,31,76,1418207,0,0
3/10/2020,Bronx,0,5,47,123,1418207,0,0
3/11/2020,Bronx,2,7,31,154,1418207,0,0
3/12/2020,Bronx,3,10,36,190,1418207,0,0
3/13/2020,Bronx,10,20,99,289,1418207,0,0
3/14/2020,Bronx,8,28,80,369,1418207,0,0
3/15/2020,Bronx,29,57,116,485,1418207,0,0
3/16/2020,Bronx,29,86,151,636,1418207,1,0.011627906976744186
3/17/2020,Bronx,123,209,433,1069,1418207,1,0.004784688995215311
3/18/2020,Bronx,154,363,597,1666,1418207,1,0.0027548209366391185
3/19/2020,Bronx,191,554,605,2271,1418207,1,0.0018050541516245488
3/20/2020,Bronx,297,851,884,3155,1418207,1,0.0011750881316098707
3/21/2020,Bronx,367,1218,1044,4199,1418207,1,8.210180623973727e-4
3/22/2020,Bronx,606,1824,1276,5475,1418207,14,0.007675438596491228
3/23/2020,Bronx,455,2279,970,6445,1418207,28,0.01228609039052216
3/24/2020,Bronx,611,2890,1188,7633,1418207,44,0.01522491349480969
3/25/2020,Bronx,838,3728,1770,9403,1418207,60,0.016094420600858368
3/26/2020,Bronx,829,4557,1428,10831,1418207,79,0.017335966644722405
3/27/2020,Bronx,846,5403,1478,12309,1418207,101,0.018693318526744402
3/28/2020,Bronx,901,6304,1529,13838,1418207,152,0.024111675126903553
3/29/2020,Bronx,658,6962,1160,14998,1418207,188,0.02700373455903476
3/30/2020,Bronx,804,7766,1341,16339,1418207,215,0.027684779809425703
3/31/2020,Bronx,1095,8861,1818,18157,1418207,262,0.029567768874844826
4/1/2020,Bronx,1066,9927,1754,19911,1418207,360,0.03626473254759746
4/2/2020,Bronx,1159,11086,1946,21857,1418207,421,0.037975825365325636
4/3/2020,Bronx,1229,12315,2108,23965,1418207,480,0.0389768574908648
4/4/2020,Bronx,1053,13368,1778,25743,1418207,576,0.04308797127468582
4/5/2020,Bronx,959,14327,1628,27371,1418207,627,0.04376352341732393
4/6/2020,Bronx,1021,15348,1996,29367,1418207,709,0.0461949439666406
4/7/2020,Bronx,1278,16626,2562,31929,1418207,902,0.054252375796944544
4/8/2020,Bronx,1166,17792,2348,34277,1418207,1001,0.05626124100719424
4/9/2020,Bronx,1368,19160,2637,36914,1418207,1046,0.054592901878914406
4/10/2020,Bronx,1317,20477,2580,39494,1418207,1241,0.06060458074913317
4/11/2020,Bronx,964,21441,2081,41575,1418207,1308,0.06100461732195327
4/12/2020,Bronx,764,22205,1623,43198,1418207,1400,0.06304886286872326
4/13/2020,Bronx,1061,23266,2294,45492,1418207,1434,0.061635003868305685
4/14/2020,Bronx,1387,24653,2622,48114,1418207,1934,0.07844887032004219
4/15/2020,Bronx,1279,25932,2939,51053,1418207,2052,0.07913003239241093
4/16/2020,Bronx,1103,27035,2793,53846,1418207,2179,0.08059922322914741
4/17/2020,Bronx,984,28019,2597,56443,1418207,2266,0.08087369285127949
4/18/2020,Bronx,804,28823,2162,58605,1418207,2338,0.08111577559587829
4/19/2020,Bronx,549,29372,1707,60312,1418207,2533,0.08623859457987199
4/20/2020,Bronx,617,29989,2050,62362,1418207,2621,0.08739871286138251
4/21/2020,Bronx,879,30868,2942,65304,1418207,2745,0.08892704418815602
4/22/2020,Bronx,791,31659,3084,68388,1418207,2853,0.09011655453425566
4/23/2020,Bronx,1042,32701,3691,72079,1418207,2968,0.09076175040518639
4/24/2020,Bronx,1482,34183,4800,76879,1418207,3052,0.0892841470906591
4/25/2020,Bronx,787,34970,2967,79846,1418207,3152,0.09013440091507006
4/26/2020,Bronx,586,35556,2363,82209,1418207,3212,0.09033637079536506
4/27/2020,Bronx,438,35994,2107,84316,1418207,3279,0.09109851641940324
4/28/2020,Bronx,606,36600,2938,87254,1418207,3351,0.09155737704918032
4/29/2020,Bronx,644,37244,2977,90231,1418207,3416,0.09171947159273977
4/30/2020,Bronx,541,37785,2824,93055,1418207,3460,0.09157072912531428
5/1/2020,Bronx,665,38450,3694,96749,1418207,3527,0.0917295188556567
5/2/2020,Bronx,466,38916,2857,99606,1418207,3655,0.09392023846232912
5/3/2020,Bronx,307,39223,1869,101475,1418207,3709,0.0945618642123244
5/4/2020,Bronx,253,39476,2001,103476,1418207,3750,0.09499442699361638
5/5/2020,Bronx,363,39839,2657,106133,1418207,3820,0.0958859409121715
5/6/2020,Bronx,342,40181,2786,108919,1418207,3869,0.09628929095841318
5/7/2020,Bronx,352,40533,3078,111997,1418207,3919,0.09668665038363802
5/8/2020,Bronx,271,40804,2873,114870,1418207,3969,0.09726987550240172
5/9/2020,Bronx,255,41059,2935,117805,1418207,4012,0.09771304707859421
5/10/2020,Bronx,237,41296,2140,119945,1418207,4042,0.09787872917473847
5/11/2020,Bronx,145,41441,1510,121455,1418207,4077,0.09838083057841268
5/12/2020,Bronx,236,41677,2678,124133,1418207,4116,0.09875950764210475
5/13/2020,Bronx,303,41980,3338,127471,1418207,4145,0.09873749404478323
5/14/2020,Bronx,539,42519,4408,131879,1418207,4172,0.09812084009501634
5/15/2020,Bronx,293,42812,3632,135511,1418207,4192,0.09791647201719145
5/16/2020,Bronx,210,43022,2861,138372,1418207,4221,0.0981125935567849
5/17/2020,Bronx,136,43158,2126,140498,1418207,4252,0.09852171092265628
5/18/2020,Bronx,112,43270,2102,142600,1418207,4267,0.09861335798474694
5/19/2020,Bronx,148,43418,2682,145282,1418207,4285,0.09869178681652771
5/20/2020,Bronx,185,43603,3618,148900,1418207,4311,0.09886934385248722
5/21/2020,Bronx,163,43766,3421,152321,1418207,4326,0.09884385139149111
5/22/2020,Bronx,155,43921,3518,155839,1418207,4351,0.0990642289565356
5/23/2020,Bronx,216,44137,4575,160414,1418207,4368,0.0989645875342683
5/24/2020,Bronx,110,44247,2445,162859,1418207,4382,0.09903496282233824
5/25/2020,Bronx,117,44364,2233,165092,1418207,4393,0.09902172933008746
5/26/2020,Bronx,139,44503,3064,168156,1418207,4403,0.09893715030447385
5/27/2020,Bronx,250,44753,5657,173813,1418207,4417,0.098697294036154
5/28/2020,Bronx,221,44974,5781,179594,1418207,4435,0.09861253168497354
5/29/2020,Bronx,142,45116,4817,184411,1418207,4448,0.09859030055856016
5/30/2020,Bronx,137,45253,4338,188749,1418207,4458,0.09851280578083221
5/31/2020,Bronx,106,45359,3997,192746,1418207,4468,0.09850305341828523
6/1/2020,Bronx,107,45466,4069,196815,1418207,4480,0.09853516913737738
6/2/2020,Bronx,105,45571,3579,200394,1418207,4482,0.09835202211933028
6/3/2020,Bronx,117,45688,4303,204697,1418207,4494,0.0983628086149536
6/4/2020,Bronx,90,45778,4606,209303,1418207,4510,0.09851893922845034
6/5/2020,Bronx,104,45882,5144,214447,1418207,4520,0.09851357830957674
6/6/2020,Bronx,98,45980,4164,218611,1418207,4526,0.09843410178338408
6/7/2020,Bronx,72,46052,3718,222329,1418207,4532,0.0984104924867541
6/8/2020,Bronx,75,46127,3214,225543,1418207,4541,0.09844559585492228
6/9/2020,Bronx,96,46223,4468,230011,1418207,4549,0.09841420937628453
6/10/2020,Bronx,93,46316,3929,233940,1418207,4564,0.09854046117972191
6/11/2020,Bronx,80,46396,4894,238834,1418207,4574,0.09858608500732821
6/12/2020,Bronx,105,46501,5869,244703,1418207,4580,0.09849250553751532
6/13/2020,Bronx,66,46567,4578,249281,1418207,4591,0.09858912964116219
6/14/2020,Bronx,78,46645,4689,253970,1418207,4596,0.09853146103548076
6/15/2020,Bronx,65,46710,4542,258512,1418207,4604,0.09856561764076215
6/16/2020,Bronx,68,46778,5106,263618,1418207,4614,0.09863611099234683
6/17/2020,Bronx,52,46830,5556,269174,1418207,4618,0.09861200085415332
6/18/2020,Bronx,85,46915,6272,275446,1418207,4619,0.0984546520302675
6/19/2020,Bronx,64,46979,5007,280453,1418207,4628,0.09851210115157837
6/20/2020,Bronx,48,47027,4694,285147,1418207,4631,0.0984753439513471
6/21/2020,Bronx,65,47092,4917,290064,1418207,4645,0.09863671111866135
6/22/2020,Bronx,62,47154,3723,293787,1418207,4650,0.0986130550960682
6/23/2020,Bronx,76,47230,3549,297336,1418207,4655,0.09856023713741266
6/24/2020,Bronx,64,47294,4930,302266,1418207,4658,0.098490294751977
6/25/2020,Bronx,89,47383,4377,306643,1418207,4662,0.0983897178312897
6/26/2020,Bronx,73,47456,5794,312437,1418207,4667,0.09834372892784896
6/27/2020,Bronx,58,47514,5208,317645,1418207,4675,0.09839205286862819
6/28/2020,Bronx,41,47555,3588,321233,1418207,4680,0.09841236463042792
6/29/2020,Bronx,43,47598,4056,325289,1418207,4680,0.09832345896886424
6/30/2020,Bronx,53,47651,4725,330014,1418207,4759,0.09987198589746281
7/1/2020,Bronx,107,47758,5267,335281,1418207,4760,0.09966916537543448
7/2/2020,Bronx,80,47838,5521,340802,1418207,4765,0.09960700698189724
7/3/2020,Bronx,64,47902,4449,345251,1418207,4767,0.09951567784226129
7/4/2020,Bronx,36,47938,4275,349526,1418207,4767,0.09944094455338146
7/5/2020,Bronx,56,47994,4111,353637,1418207,4776,0.09951243905488186
7/6/2020,Bronx,44,48038,3695,357332,1418207,4779,0.0994837420375536
7/7/2020,Bronx,38,48076,3456,360788,1418207,4784,0.09950911057492304
7/8/2020,Bronx,50,48126,3993,364781,1418207,4786,0.09944728421227611
7/9/2020,Bronx,82,48208,5706,370487,1418207,4786,0.09927812811151676
7/10/2020,Bronx,59,48267,4932,375419,1418207,4789,0.09921892804607703
7/11/2020,Bronx,60,48327,4401,379820,1418207,4791,0.0991371283133652
7/12/2020,Bronx,50,48377,3980,383800,1418207,4792,0.09905533621348989
7/13/2020,Bronx,56,48433,4169,387969,1418207,4798,0.09906468729998141
7/14/2020,Bronx,63,48496,4435,392404,1418207,4801,0.09899785549323656
7/15/2020,Bronx,79,48575,5635,398039,1418207,4805,0.09891919711785899
7/16/2020,Bronx,68,48643,5250,403289,1418207,4810,0.0988837037189318
7/17/2020,Bronx,72,48715,5748,409037,1418207,4812,0.09877861028430668
7/18/2020,Bronx,54,48769,4297,413334,1418207,4816,0.09875125592076935
7/19/2020,Bronx,68,48837,3543,416877,1418207,4816,0.09861375596371603
7/20/2020,Bronx,89,48926,4443,421320,1418207,4816,0.09843437027347422
7/21/2020,Bronx,91,49017,5492,426812,1418207,4818,0.09829242915723116
7/22/2020,Bronx,69,49086,4802,431614,1418207,4818,0.09815425987043148
7/23/2020,Bronx,114,49200,5276,436890,1418207,4827,0.09810975609756098
7/24/2020,Bronx,80,49280,4754,441644,1418207,4833,0.09807224025974026
7/25/2020,Bronx,56,49336,3711,445355,1418207,4833,0.09796092103129561
7/26/2020,Bronx,52,49388,3459,448814,1418207,4837,0.09793877055155098
7/27/2020,Bronx,34,49422,3654,452468,1418207,4841,0.09795232892234228
7/28/2020,Bronx,59,49481,3397,455865,1418207,4845,0.09791637194074493
7/29/2020,Bronx,46,49527,4741,460606,1418207,4847,0.09786581056797303
7/30/2020,Bronx,46,49573,3994,464600,1418207,4851,0.09785568757186372
7/31/2020,Bronx,53,49626,5253,469853,1418207,4853,0.09779148027243784
8/1/2020,Bronx,50,49676,3384,473237,1418207,4854,0.0977131814155729
8/2/2020,Bronx,38,49714,3630,476867,1418207,4857,0.09769883734963994
8/3/2020,Bronx,109,49823,7059,483926,1418207,4859,0.0975252393472894
8/4/2020,Bronx,83,49906,5301,489227,1418207,4862,0.09742315553240091
8/5/2020,Bronx,74,49980,5205,494432,1418207,4865,0.09733893557422969
8/6/2020,Bronx,77,50057,5151,499583,1418207,4865,0.09718920430708992
8/7/2020,Bronx,63,50120,4634,504217,1418207,4865,0.09706703910614525
8/8/2020,Bronx,68,50188,5261,509478,1418207,4865,0.09693552243564199
8/9/2020,Bronx,38,50226,4747,514225,1418207,4866,0.0968820929399116
8/10/2020,Bronx,52,50278,5083,519308,1418207,4868,0.09682167150642428
8/11/2020,Bronx,91,50369,7934,527242,1418207,4871,0.09670630745101154
8/12/2020,Bronx,116,50485,7110,534352,1418207,4872,0.09650391205308508
8/13/2020,Bronx,94,50579,6420,540772,1418207,4873,0.09634433262816584
8/14/2020,Bronx,72,50651,6849,547621,1418207,4876,0.09626660875402263
8/15/2020,Bronx,73,50724,6399,554020,1418207,4879,0.09618720921063008
8/16/2020,Bronx,62,50786,4742,558762,1418207,4880,0.09608947347694247
8/17/2020,Bronx,54,50840,4675,563437,1418207,4881,0.09600708103855232
8/18/2020,Bronx,67,50907,5591,569028,1418207,4884,0.095939654664388
8/19/2020,Bronx,47,50954,5402,574430,1418207,4886,0.0958904109589041
8/20/2020,Bronx,56,51010,6412,580842,1418207,4886,0.0957851401685944
8/21/2020,Bronx,57,51067,6574,587416,1418207,4889,0.09573697299625981
8/22/2020,Bronx,70,51137,4937,592353,1418207,4889,0.09560592134853432
8/23/2020,Bronx,57,51194,5141,597494,1418207,4892,0.0955580732117045
8/24/2020,Bronx,45,51239,4296,601790,1418207,4894,0.09551318331739496
8/25/2020,Bronx,53,51292,5358,607148,1418207,4896,0.09545348202448725
8/26/2020,Bronx,65,51357,5535,612683,1418207,4897,0.09535214284323461
8/27/2020,Bronx,49,51406,6190,618873,1418207,4900,0.09531961249659573
8/28/2020,Bronx,62,51468,6305,625178,1418207,4903,0.09526307608611176
8/29/2020,Bronx,65,51533,6778,631956,1418207,4905,0.09518172821298973
8/30/2020,Bronx,77,51610,4854,636810,1418207,4907,0.09507847316411548
8/31/2020,Bronx,53,51663,4880,641690,1418207,4909,0.09501964655556201
9/1/2020,Bronx,48,51711,7314,649004,1418207,4912,0.09498946065634005
9/2/2020,Bronx,57,51768,5696,654700,1418207,4913,0.09490418791531448
9/3/2020,Bronx,52,51820,6594,661294,1418207,4916,0.09486684677730606
9/4/2020,Bronx,40,51860,6365,667659,1418207,4917,0.09481295796374856
9/5/2020,Bronx,52,51912,5858,673517,1418207,4918,0.094737247649869
9/6/2020,Bronx,32,51944,4414,677931,1418207,4918,0.09467888495302633
9/7/2020,Bronx,40,51984,5366,683297,1418207,4924,0.09472145275469375
9/8/2020,Bronx,34,52018,5571,688868,1418207,4927,0.0947172132723288
9/9/2020,Bronx,58,52076,5655,694523,1418207,4928,0.094630924034104
9/10/2020,Bronx,49,52125,5615,700138,1418207,4929,0.0945611510791367
9/11/2020,Bronx,61,52186,7455,707593,1418207,4931,0.09448894339478021
9/12/2020,Bronx,49,52235,4625,712218,1418207,4931,0.094400306308031
9/13/2020,Bronx,46,52281,4288,716506,1418207,4931,0.09431724718348922
9/14/2020,Bronx,54,52335,4856,721362,1418207,4934,0.0942772523168052
9/15/2020,Bronx,36,52371,4810,726172,1418207,4934,0.09421244581925112
9/16/2020,Bronx,51,52422,5950,732122,1418207,4934,0.09412078898172523
9/17/2020,Bronx,46,52468,5601,737723,1418207,4934,0.09403827094610048
9/18/2020,Bronx,58,52526,6097,743820,1418207,4934,0.0939344324715379
9/19/2020,Bronx,52,52578,7106,750926,1418207,4939,0.09393662748678154
9/20/2020,Bronx,41,52619,3854,754780,1418207,4941,0.0939014424447443
9/21/2020,Bronx,47,52666,5869,760649,1418207,4942,0.0938366308434284
9/22/2020,Bronx,44,52710,5074,765723,1418207,4942,0.09375830013280212
9/23/2020,Bronx,46,52756,5812,771535,1418207,4943,0.09369550382894837
9/24/2020,Bronx,59,52815,7131,778666,1418207,4944,0.09360976995171826
9/25/2020,Bronx,57,52872,6388,785054,1418207,4946,0.09354667877137238
9/26/2020,Bronx,48,52920,4941,789995,1418207,4946,0.0934618291761149
9/27/2020,Bronx,36,52956,3456,793451,1418207,4947,0.09341717652390664
9/28/2020,Bronx,69,53025,6624,800075,1418207,4950,0.09335219236209336
9/29/2020,Bronx,66,53091,6152,806227,1418207,4950,0.09323614171893542
9/30/2020,Bronx,78,53169,6093,812320,1418207,4952,0.09313697831443134
10/1/2020,Bronx,63,53232,6554,818874,1418207,4955,0.09308310790501954
10/2/2020,Bronx,66,53298,6513,825387,1418207,4955,0.09296784119479155
10/3/2020,Bronx,55,53353,5282,830669,1418207,4955,0.09287200344872829
10/4/2020,Bronx,64,53417,4521,835190,1418207,4958,0.0928168934983245
10/5/2020,Bronx,84,53501,6190,841380,1418207,4959,0.09268985626436889
10/6/2020,Bronx,55,53556,5842,847222,1418207,4959,0.09259466726417208
10/7/2020,Bronx,61,53617,6595,853817,1418207,4963,0.0925639256206054
10/8/2020,Bronx,74,53691,7217,861034,1418207,4965,0.0924735989271945
10/9/2020,Bronx,71,53762,6783,867817,1418207,4966,0.09237007551802388
10/10/2020,Bronx,74,53836,6143,873960,1418207,4966,0.0922431087004978
10/11/2020,Bronx,58,53894,3930,877890,1418207,4966,0.09214383790403384
10/12/2020,Bronx,66,53960,6546,884436,1418207,4967,0.09204966641957005
10/13/2020,Bronx,46,54006,6116,890552,1418207,4969,0.092008295374588
10/14/2020,Bronx,71,54077,6174,896726,1418207,4972,0.09194297020914621
10/15/2020,Bronx,121,54198,7400,904126,1418207,4973,0.09175615336359275
10/16/2020,Bronx,109,54307,9054,913180,1418207,4973,0.09157198887804519
10/17/2020,Bronx,102,54409,6911,920091,1418207,4975,0.09143707842452535
10/18/2020,Bronx,63,54472,5081,925172,1418207,4978,0.09138640035247467
10/19/2020,Bronx,51,54523,5727,930899,1418207,4979,0.09131925976193533
10/20/2020,Bronx,105,54628,7912,938811,1418207,4980,0.09116204144394816
10/21/2020,Bronx,78,54706,6996,945807,1418207,4980,0.09103206229664022
10/22/2020,Bronx,86,54792,7642,953449,1418207,4983,0.09094393342093736
10/23/2020,Bronx,100,54892,9802,963251,1418207,4985,0.09081469066530642
10/24/2020,Bronx,119,55011,6745,969996,1418207,4985,0.09061823998836596
10/25/2020,Bronx,75,55086,4808,974804,1418207,4986,0.09051301601132775
10/26/2020,Bronx,127,55213,7625,982429,1418207,4986,0.0903048195171427
10/27/2020,Bronx,141,55354,7498,989927,1418207,4987,0.09009285688477797
10/28/2020,Bronx,173,55527,8348,998275,1418207,4988,0.0898301727087723
10/29/2020,Bronx,134,55661,8374,1006649,1418207,4991,0.0896678104956792
10/30/2020,Bronx,106,55767,6473,1013122,1418207,4992,0.08951530475012104
10/31/2020,Bronx,145,55912,7975,1021097,1418207,4995,0.08933681499499213
11/1/2020,Bronx,87,55999,5713,1026810,1418207,4996,0.08921587885497956
11/2/2020,Bronx,166,56165,7615,1034425,1418207,4997,0.08896999910976587
11/3/2020,Bronx,127,56292,9344,1043769,1418207,4997,0.08876927449726427
11/4/2020,Bronx,168,56460,8765,1052534,1418207,5001,0.08857598299681191
11/5/2020,Bronx,195,56655,8772,1061306,1418207,5002,0.08828876533403936
11/6/2020,Bronx,162,56817,8258,1069564,1418207,5003,0.08805463153633596
11/7/2020,Bronx,247,57064,7618,1077182,1418207,5004,0.0876910135987663
11/8/2020,Bronx,170,57234,6413,1083595,1418207,5010,0.08753538106719783
11/9/2020,Bronx,191,57425,7110,1090705,1418207,5010,0.08724423160644319
11/10/2020,Bronx,232,57657,8467,1099172,1418207,5010,0.0868931786253187
11/11/2020,Bronx,260,57917,10011,1109183,1418207,5014,0.08657216361344683
11/12/2020,Bronx,288,58205,9635,1118818,1418207,5014,0.0861438020788592
11/13/2020,Bronx,286,58491,10066,1128884,1418207,5017,0.08577387974218256
11/14/2020,Bronx,221,58712,8575,1137459,1418207,5019,0.08548507971113231
3/1/2020,Broome,0,0,0,0,190488,0,NaN
3/2/2020,Broome,0,0,0,0,190488,0,NaN
3/3/2020,Broome,0,0,0,0,190488,0,NaN
3/4/2020,Broome,0,0,0,0,190488,0,NaN
3/5/2020,Broome,0,0,0,0,190488,0,NaN
3/6/2020,Broome,0,0,0,0,190488,0,NaN
3/7/2020,Broome,0,0,0,0,190488,0,NaN
3/8/2020,Broome,0,0,2,2,190488,0,NaN
3/9/2020,Broome,0,0,1,3,190488,0,NaN
3/10/2020,Broome,0,0,1,4,190488,0,NaN
3/11/2020,Broome,0,0,1,5,190488,0,NaN
3/12/2020,Broome,1,1,2,7,190488,0,0
3/13/2020,Broome,0,1,2,9,190488,0,0
3/14/2020,Broome,0,1,3,12,190488,0,0
3/15/2020,Broome,0,1,2,14,190488,0,0
3/16/2020,Broome,0,1,1,15,190488,0,0
3/17/2020,Broome,0,1,6,21,190488,0,0
3/18/2020,Broome,1,2,9,30,190488,0,0
3/19/2020,Broome,0,2,3,33,190488,0,0
3/20/2020,Broome,0,2,16,49,190488,0,0
3/21/2020,Broome,1,3,5,54,190488,1,0.3333333333333333
3/22/2020,Broome,4,7,20,74,190488,1,0.14285714285714285
3/23/2020,Broome,2,9,18,92,190488,1,0.1111111111111111
3/24/2020,Broome,2,11,13,105,190488,1,0.09090909090909091
3/25/2020,Broome,5,16,37,142,190488,1,0.0625
3/26/2020,Broome,2,18,25,167,190488,2,0.1111111111111111
3/27/2020,Broome,5,23,37,204,190488,2,0.08695652173913043
3/28/2020,Broome,6,29,45,249,190488,3,0.10344827586206896
3/29/2020,Broome,6,35,36,285,190488,3,0.08571428571428572
3/30/2020,Broome,3,38,48,333,190488,3,0.07894736842105263
3/31/2020,Broome,4,42,35,368,190488,3,0.07142857142857142
4/1/2020,Broome,4,46,43,411,190488,4,0.08695652173913043
4/2/2020,Broome,10,56,72,483,190488,4,0.07142857142857142
4/3/2020,Broome,9,65,55,538,190488,4,0.06153846153846154
4/4/2020,Broome,6,71,36,574,190488,4,0.056338028169014086
4/5/2020,Broome,5,76,33,607,190488,4,0.05263157894736842
4/6/2020,Broome,10,86,47,654,190488,4,0.046511627906976744
4/7/2020,Broome,2,88,24,678,190488,4,0.045454545454545456
4/8/2020,Broome,17,105,82,760,190488,5,0.047619047619047616
4/9/2020,Broome,7,112,58,818,190488,6,0.05357142857142857
4/10/2020,Broome,5,117,31,849,190488,6,0.05128205128205128
4/11/2020,Broome,9,126,60,909,190488,6,0.047619047619047616
4/12/2020,Broome,7,133,39,948,190488,6,0.045112781954887216
4/13/2020,Broome,13,146,90,1038,190488,6,0.0410958904109589
4/14/2020,Broome,7,153,73,1111,190488,6,0.0392156862745098
4/15/2020,Broome,14,167,74,1185,190488,6,0.03592814371257485
4/16/2020,Broome,11,178,82,1267,190488,6,0.033707865168539325
4/17/2020,Broome,8,186,64,1331,190488,6,0.03225806451612903
4/18/2020,Broome,6,192,52,1383,190488,6,0.03125
4/19/2020,Broome,7,199,43,1426,190488,7,0.035175879396984924
4/20/2020,Broome,6,205,47,1473,190488,7,0.03414634146341464
4/21/2020,Broome,14,219,54,1527,190488,7,0.0319634703196347
4/22/2020,Broome,5,224,102,1629,190488,8,0.03571428571428571
4/23/2020,Broome,8,232,85,1714,190488,10,0.04310344827586207
4/24/2020,Broome,19,251,212,1926,190488,11,0.043824701195219126
4/25/2020,Broome,6,257,105,2031,190488,13,0.05058365758754864
4/26/2020,Broome,4,261,69,2100,190488,13,0.04980842911877394
4/27/2020,Broome,5,266,60,2160,190488,14,0.05263157894736842
4/28/2020,Broome,7,273,87,2247,190488,15,0.054945054945054944
4/29/2020,Broome,11,284,114,2361,190488,15,0.0528169014084507
4/30/2020,Broome,15,299,110,2471,190488,15,0.05016722408026756
5/1/2020,Broome,6,305,114,2585,190488,17,0.05573770491803279
5/2/2020,Broome,22,327,415,3000,190488,17,0.05198776758409786
5/3/2020,Broome,7,334,353,3353,190488,17,0.05089820359281437
5/4/2020,Broome,4,338,180,3533,190488,17,0.05029585798816568
5/5/2020,Broome,7,345,273,3806,190488,17,0.04927536231884058
5/6/2020,Broome,15,360,333,4139,190488,24,0.06666666666666667
5/7/2020,Broome,4,364,214,4353,190488,24,0.06593406593406594
5/8/2020,Broome,8,372,252,4605,190488,24,0.06451612903225806
5/9/2020,Broome,1,373,317,4922,190488,24,0.064343163538874
5/10/2020,Broome,5,378,319,5241,190488,27,0.07142857142857142
5/11/2020,Broome,1,379,271,5512,190488,28,0.07387862796833773
5/12/2020,Broome,3,382,291,5803,190488,31,0.08115183246073299
5/13/2020,Broome,1,383,343,6146,190488,32,0.0835509138381201
5/14/2020,Broome,7,390,343,6489,190488,34,0.08717948717948718
5/15/2020,Broome,23,413,458,6947,190488,34,0.08232445520581114
5/16/2020,Broome,1,414,486,7433,190488,34,0.0821256038647343
5/17/2020,Broome,9,423,379,7812,190488,35,0.08274231678486997
5/18/2020,Broome,6,429,295,8107,190488,36,0.08391608391608392
5/19/2020,Broome,7,436,639,8746,190488,38,0.0871559633027523
5/20/2020,Broome,15,451,419,9165,190488,39,0.08647450110864745
5/21/2020,Broome,17,468,820,9985,190488,39,0.08333333333333333
5/22/2020,Broome,17,485,645,10630,190488,40,0.08247422680412371
5/23/2020,Broome,16,501,629,11259,190488,41,0.08183632734530938
5/24/2020,Broome,18,519,669,11928,190488,42,0.08092485549132948
5/25/2020,Broome,3,522,536,12464,190488,44,0.0842911877394636
5/26/2020,Broome,6,528,369,12833,190488,45,0.08522727272727272
5/27/2020,Broome,17,545,523,13356,190488,46,0.08440366972477065
5/28/2020,Broome,12,557,614,13970,190488,46,0.08258527827648116
5/29/2020,Broome,4,561,531,14501,190488,47,0.08377896613190731
5/30/2020,Broome,5,566,1002,15503,190488,47,0.08303886925795052
5/31/2020,Broome,8,574,777,16280,190488,47,0.08188153310104529
6/1/2020,Broome,4,578,629,16909,190488,50,0.08650519031141868
6/2/2020,Broome,11,589,826,17735,190488,50,0.08488964346349745
6/3/2020,Broome,4,593,631,18366,190488,50,0.08431703204047218
6/4/2020,Broome,12,605,1417,19783,190488,51,0.08429752066115702
6/5/2020,Broome,8,613,1311,21094,190488,52,0.08482871125611746
6/6/2020,Broome,7,620,950,22044,190488,52,0.08387096774193549
6/7/2020,Broome,4,624,745,22789,190488,53,0.08493589743589744
6/8/2020,Broome,3,627,797,23586,190488,54,0.0861244019138756
6/9/2020,Broome,3,630,755,24341,190488,54,0.08571428571428572
6/10/2020,Broome,11,641,875,25216,190488,54,0.0842433697347894
6/11/2020,Broome,3,644,1085,26301,190488,55,0.08540372670807453
6/12/2020,Broome,3,647,779,27080,190488,55,0.08500772797527048
6/13/2020,Broome,4,651,795,27875,190488,56,0.08602150537634409
6/14/2020,Broome,4,655,382,28257,190488,56,0.08549618320610687
6/15/2020,Broome,1,656,606,28863,190488,56,0.08536585365853659
6/16/2020,Broome,1,657,546,29409,190488,56,0.0852359208523592
6/17/2020,Broome,0,657,442,29851,190488,56,0.0852359208523592
6/18/2020,Broome,6,663,952,30803,190488,56,0.08446455505279035
6/19/2020,Broome,2,665,586,31389,190488,56,0.08421052631578947
6/20/2020,Broome,3,668,430,31819,190488,56,0.08383233532934131
6/21/2020,Broome,2,670,552,32371,190488,56,0.08358208955223881
6/22/2020,Broome,1,671,588,32959,190488,56,0.08345752608047691
6/23/2020,Broome,0,671,179,33138,190488,58,0.08643815201192251
6/24/2020,Broome,9,680,935,34073,190488,58,0.08529411764705883
6/25/2020,Broome,17,697,509,34582,190488,58,0.08321377331420372
6/26/2020,Broome,4,701,922,35504,190488,58,0.08273894436519258
6/27/2020,Broome,2,703,486,35990,190488,58,0.08250355618776671
6/28/2020,Broome,7,710,377,36367,190488,58,0.08169014084507042
6/29/2020,Broome,6,716,772,37139,190488,58,0.08100558659217877
6/30/2020,Broome,6,722,448,37587,190488,58,0.08033240997229917
7/1/2020,Broome,7,729,846,38433,190488,58,0.07956104252400549
7/2/2020,Broome,7,736,476,38909,190488,59,0.08016304347826086
7/3/2020,Broome,16,752,979,39888,190488,59,0.07845744680851063
7/4/2020,Broome,1,753,898,40786,190488,59,0.07835325365205843
7/5/2020,Broome,4,757,554,41340,190488,59,0.07793923381770146
7/6/2020,Broome,5,762,588,41928,190488,59,0.07742782152230972
7/7/2020,Broome,4,766,234,42162,190488,59,0.07702349869451697
7/8/2020,Broome,4,770,731,42893,190488,60,0.07792207792207792
7/9/2020,Broome,14,784,662,43555,190488,60,0.07653061224489796
7/10/2020,Broome,23,807,747,44302,190488,60,0.07434944237918216
7/11/2020,Broome,13,820,1236,45538,190488,60,0.07317073170731707
7/12/2020,Broome,7,827,595,46133,190488,60,0.07255139056831923
7/13/2020,Broome,14,841,852,46985,190488,61,0.07253269916765755
7/14/2020,Broome,11,852,592,47577,190488,63,0.07394366197183098
7/15/2020,Broome,9,861,914,48491,190488,64,0.0743321718931475
7/16/2020,Broome,9,870,595,49086,190488,65,0.07471264367816093
7/17/2020,Broome,7,877,522,49608,190488,66,0.07525655644241733
7/18/2020,Broome,6,883,347,49955,190488,66,0.07474518686296716
7/19/2020,Broome,19,902,914,50869,190488,66,0.07317073170731707
7/20/2020,Broome,15,917,687,51556,190488,66,0.07197382769901854
7/21/2020,Broome,13,930,915,52471,190488,66,0.07096774193548387
7/22/2020,Broome,4,934,538,53009,190488,66,0.07066381156316917
7/23/2020,Broome,20,954,756,53765,190488,67,0.07023060796645703
7/24/2020,Broome,12,966,762,54527,190488,69,0.07142857142857142
7/25/2020,Broome,12,978,549,55076,190488,69,0.0705521472392638
7/26/2020,Broome,8,986,1287,56363,190488,69,0.06997971602434078
7/27/2020,Broome,6,992,522,56885,190488,69,0.06955645161290322
7/28/2020,Broome,23,1015,779,57664,190488,70,0.06896551724137931
7/29/2020,Broome,14,1029,698,58362,190488,71,0.06899902818270165
7/30/2020,Broome,8,1037,777,59139,190488,72,0.06943105110896818
7/31/2020,Broome,11,1048,781,59920,190488,72,0.06870229007633588
8/1/2020,Broome,6,1054,825,60745,190488,72,0.0683111954459203
8/2/2020,Broome,10,1064,743,61488,190488,73,0.06860902255639098
8/3/2020,Broome,14,1078,1025,62513,190488,74,0.0686456400742115
8/4/2020,Broome,4,1082,379,62892,190488,74,0.06839186691312385
8/5/2020,Broome,12,1094,711,63603,190488,74,0.06764168190127971
8/6/2020,Broome,21,1115,517,64120,190488,74,0.06636771300448431
8/7/2020,Broome,5,1120,412,64532,190488,74,0.06607142857142857
8/8/2020,Broome,6,1126,583,65115,190488,74,0.06571936056838366
8/9/2020,Broome,5,1131,747,65862,190488,74,0.06542882404951371
8/10/2020,Broome,12,1143,1408,67270,190488,74,0.0647419072615923
8/11/2020,Broome,7,1150,559,67829,190488,75,0.06521739130434782
8/12/2020,Broome,3,1153,641,68470,190488,75,0.06504770164787511
8/13/2020,Broome,12,1165,947,69417,190488,78,0.06695278969957082
8/14/2020,Broome,0,1165,708,70125,190488,78,0.06695278969957082
8/15/2020,Broome,1,1166,417,70542,190488,78,0.06689536878216124
8/16/2020,Broome,6,1172,607,71149,190488,78,0.06655290102389079
8/17/2020,Broome,5,1177,1523,72672,190488,78,0.06627017841971113
8/18/2020,Broome,12,1189,679,73351,190488,79,0.06644238856181665
8/19/2020,Broome,7,1196,627,73978,190488,80,0.06688963210702341
8/20/2020,Broome,15,1211,1124,75102,190488,80,0.06606110652353427
8/21/2020,Broome,16,1227,1203,76305,190488,80,0.06519967400162999
8/22/2020,Broome,12,1239,725,77030,190488,80,0.0645682001614205
8/23/2020,Broome,11,1250,848,77878,190488,81,0.0648
8/24/2020,Broome,6,1256,508,78386,190488,81,0.06449044585987261
8/25/2020,Broome,12,1268,844,79230,190488,82,0.06466876971608833
8/26/2020,Broome,6,1274,1434,80664,190488,82,0.06436420722135008
8/27/2020,Broome,9,1283,902,81566,190488,82,0.06391270459859703
8/28/2020,Broome,3,1286,851,82417,190488,82,0.06376360808709176
8/29/2020,Broome,9,1295,4937,87354,190488,82,0.06332046332046332
8/30/2020,Broome,12,1307,1000,88354,190488,82,0.06273909716908951
8/31/2020,Broome,4,1311,482,88836,190488,82,0.06254767353165523
9/1/2020,Broome,4,1315,477,89313,190488,82,0.0623574144486692
9/2/2020,Broome,18,1333,809,90122,190488,83,0.0622655663915979
9/3/2020,Broome,9,1342,850,90972,190488,83,0.06184798807749627
9/4/2020,Broome,8,1350,2400,93372,190488,83,0.061481481481481484
9/5/2020,Broome,7,1357,873,94245,190488,83,0.061164333087693444
9/6/2020,Broome,8,1365,546,94791,190488,84,0.06153846153846154
9/7/2020,Broome,9,1374,644,95435,190488,84,0.0611353711790393
9/8/2020,Broome,4,1378,199,95634,190488,84,0.06095791001451379
9/9/2020,Broome,5,1383,572,96206,190488,84,0.06073752711496746
9/10/2020,Broome,12,1395,1248,97454,190488,85,0.06093189964157706
9/11/2020,Broome,15,1410,1875,99329,190488,85,0.06028368794326241
9/12/2020,Broome,8,1418,571,99900,190488,85,0.059943582510578276
9/13/2020,Broome,2,1420,720,100620,190488,85,0.05985915492957746
9/14/2020,Broome,3,1423,593,101213,190488,85,0.059732958538299366
9/15/2020,Broome,5,1428,514,101727,190488,85,0.05952380952380952
9/16/2020,Broome,9,1437,730,102457,190488,85,0.05915100904662491
9/17/2020,Broome,13,1450,1394,103851,190488,85,0.05862068965517241
9/18/2020,Broome,9,1459,1102,104953,190488,85,0.058259081562714185
9/19/2020,Broome,6,1465,2159,107112,190488,85,0.05802047781569966
9/20/2020,Broome,7,1472,502,107614,190488,85,0.057744565217391304
9/21/2020,Broome,4,1476,738,108352,190488,85,0.05758807588075881
9/22/2020,Broome,4,1480,850,109202,190488,85,0.057432432432432436
9/23/2020,Broome,16,1496,1356,110558,190488,85,0.056818181818181816
9/24/2020,Broome,17,1513,1327,111885,190488,85,0.056179775280898875
9/25/2020,Broome,37,1550,1510,113395,190488,85,0.054838709677419356
9/26/2020,Broome,22,1572,606,114001,190488,85,0.05407124681933842
9/27/2020,Broome,34,1606,690,114691,190488,85,0.05292652552926526
9/28/2020,Broome,36,1642,1175,115866,190488,85,0.05176613885505481
9/29/2020,Broome,31,1673,928,116794,190488,85,0.05080693365212194
9/30/2020,Broome,56,1729,1188,117982,190488,85,0.049161364950838636
10/1/2020,Broome,57,1786,1472,119454,190488,85,0.04759238521836506
10/2/2020,Broome,110,1896,2145,121599,190488,85,0.044831223628691984
10/3/2020,Broome,51,1947,1591,123190,190488,85,0.04365690806368772
10/4/2020,Broome,27,1974,865,124055,190488,85,0.04305977710233029
10/5/2020,Broome,52,2026,892,124947,190488,86,0.04244817374136229
10/6/2020,Broome,105,2131,1723,126670,190488,86,0.04035664007508212
10/7/2020,Broome,108,2239,2144,128814,190488,86,0.03841000446627959
10/8/2020,Broome,75,2314,2332,131146,190488,86,0.037165082108902334
10/9/2020,Broome,86,2400,1885,133031,190488,86,0.035833333333333335
10/10/2020,Broome,42,2442,1235,134266,190488,86,0.03521703521703522
10/11/2020,Broome,43,2485,1371,135637,190488,86,0.03460764587525151
10/12/2020,Broome,53,2538,1434,137071,190488,86,0.0338849487785658
10/13/2020,Broome,69,2607,1318,138389,190488,86,0.03298810893747603
10/14/2020,Broome,96,2703,3366,141755,190488,86,0.031816500184979654
10/15/2020,Broome,81,2784,2717,144472,190488,87,0.03125
10/16/2020,Broome,60,2844,2030,146502,190488,87,0.03059071729957806
10/17/2020,Broome,52,2896,1241,147743,190488,87,0.030041436464088397
10/18/2020,Broome,31,2927,1088,148831,190488,87,0.029723266142808336
10/19/2020,Broome,76,3003,1756,150587,190488,87,0.028971028971028972
10/20/2020,Broome,57,3060,1439,152026,190488,89,0.02908496732026144
10/21/2020,Broome,106,3166,2307,154333,190488,89,0.028111181301326595
10/22/2020,Broome,96,3262,2746,157079,190488,90,0.027590435315757205
10/23/2020,Broome,68,3330,2217,159296,190488,90,0.02702702702702703
10/24/2020,Broome,38,3368,1375,160671,190488,90,0.02672209026128266
10/25/2020,Broome,47,3415,1246,161917,190488,97,0.028404099560761346
10/26/2020,Broome,101,3516,2013,163930,190488,98,0.027872582480091012
10/27/2020,Broome,50,3566,1639,165569,190488,98,0.027481772293886708
10/28/2020,Broome,54,3620,1908,167477,190488,99,0.027348066298342542
10/29/2020,Broome,42,3662,2192,169669,190488,103,0.028126706717640632
10/30/2020,Broome,48,3710,2050,171719,190488,103,0.027762803234501348
10/31/2020,Broome,28,3738,1267,172986,190488,104,0.027822364901016586
11/1/2020,Broome,21,3759,850,173836,190488,106,0.02819898909284384
11/2/2020,Broome,30,3789,1500,175336,190488,107,0.02823964106624439
11/3/2020,Broome,46,3835,1166,176502,190488,108,0.028161668839634942
11/4/2020,Broome,49,3884,1707,178209,190488,108,0.027806385169927908
11/5/2020,Broome,43,3927,2293,180502,190488,112,0.0285204991087344
11/6/2020,Broome,55,3982,2430,182932,190488,112,0.02812656956303365
11/7/2020,Broome,21,4003,1307,184239,190488,113,0.028228828378715962
11/8/2020,Broome,29,4032,863,185102,190488,113,0.028025793650793652
11/9/2020,Broome,54,4086,1253,186355,190488,115,0.028144884973078807
11/10/2020,Broome,81,4167,2119,188474,190488,117,0.028077753779697623
11/11/2020,Broome,48,4215,1841,190315,190488,119,0.02823250296559905
11/12/2020,Broome,88,4303,3055,193370,190488,121,0.028119916337438995
11/13/2020,Broome,59,4362,2125,195495,190488,122,0.027968821641448878
11/14/2020,Broome,32,4394,988,196483,190488,122,0.027765134274010013
3/1/2020,Cattaraugus,0,0,0,0,76117,0,NaN
3/2/2020,Cattaraugus,0,0,0,0,76117,0,NaN
3/3/2020,Cattaraugus,0,0,0,0,76117,0,NaN
3/4/2020,Cattaraugus,0,0,0,0,76117,0,NaN
3/5/2020,Cattaraugus,0,0,0,0,76117,0,NaN
3/6/2020,Cattaraugus,0,0,0,0,76117,0,NaN
3/7/2020,Cattaraugus,0,0,0,0,76117,0,NaN
3/8/2020,Cattaraugus,0,0,0,0,76117,0,NaN
3/9/2020,Cattaraugus,0,0,0,0,76117,0,NaN
3/10/2020,Cattaraugus,0,0,0,0,76117,0,NaN
3/11/2020,Cattaraugus,0,0,0,0,76117,0,NaN
3/12/2020,Cattaraugus,0,0,2,2,76117,0,NaN
3/13/2020,Cattaraugus,0,0,2,4,76117,0,NaN
3/14/2020,Cattaraugus,0,0,1,5,76117,0,NaN
3/15/2020,Cattaraugus,0,0,2,7,76117,0,NaN
3/16/2020,Cattaraugus,0,0,0,7,76117,0,NaN
3/17/2020,Cattaraugus,0,0,0,7,76117,0,NaN
3/18/2020,Cattaraugus,0,0,5,12,76117,0,NaN
3/19/2020,Cattaraugus,0,0,2,14,76117,0,NaN
3/20/2020,Cattaraugus,0,0,10,24,76117,0,NaN
3/21/2020,Cattaraugus,0,0,23,47,76117,0,NaN
3/22/2020,Cattaraugus,0,0,14,61,76117,0,NaN
3/23/2020,Cattaraugus,0,0,12,73,76117,0,NaN
3/24/2020,Cattaraugus,0,0,3,76,76117,0,NaN
3/25/2020,Cattaraugus,0,0,12,88,76117,0,NaN
3/26/2020,Cattaraugus,0,0,13,101,76117,0,NaN
3/27/2020,Cattaraugus,1,1,25,126,76117,0,0
3/28/2020,Cattaraugus,3,4,13,139,76117,0,0
3/29/2020,Cattaraugus,2,6,7,146,76117,0,0
3/30/2020,Cattaraugus,0,6,5,151,76117,0,0
3/31/2020,Cattaraugus,1,7,12,163,76117,0,0
4/1/2020,Cattaraugus,1,8,28,191,76117,0,0
4/2/2020,Cattaraugus,1,9,24,215,76117,0,0
4/3/2020,Cattaraugus,0,9,8,223,76117,0,0
4/4/2020,Cattaraugus,1,10,12,235,76117,0,0
4/5/2020,Cattaraugus,2,12,16,251,76117,0,0
4/6/2020,Cattaraugus,1,13,14,265,76117,0,0
4/7/2020,Cattaraugus,2,15,19,284,76117,0,0
4/8/2020,Cattaraugus,2,17,15,299,76117,0,0
4/9/2020,Cattaraugus,1,18,26,325,76117,0,0
4/10/2020,Cattaraugus,1,19,7,332,76117,0,0
4/11/2020,Cattaraugus,9,28,32,364,76117,0,0
4/12/2020,Cattaraugus,0,28,6,370,76117,0,0
4/13/2020,Cattaraugus,4,32,13,383,76117,0,0
4/14/2020,Cattaraugus,0,32,11,394,76117,0,0
4/15/2020,Cattaraugus,0,32,14,408,76117,0,0
4/16/2020,Cattaraugus,2,34,31,439,76117,0,0
4/17/2020,Cattaraugus,0,34,15,454,76117,0,0
4/18/2020,Cattaraugus,0,34,17,471,76117,0,0
4/19/2020,Cattaraugus,0,34,1,472,76117,0,0
4/20/2020,Cattaraugus,1,35,8,480,76117,0,0
4/21/2020,Cattaraugus,2,37,34,514,76117,0,0
4/22/2020,Cattaraugus,0,37,40,554,76117,0,0
4/23/2020,Cattaraugus,2,39,32,586,76117,0,0
4/24/2020,Cattaraugus,6,45,102,688,76117,1,0.022222222222222223
4/25/2020,Cattaraugus,0,45,24,712,76117,2,0.044444444444444446
4/26/2020,Cattaraugus,0,45,21,733,76117,2,0.044444444444444446
4/27/2020,Cattaraugus,0,45,15,748,76117,2,0.044444444444444446
4/28/2020,Cattaraugus,2,47,76,824,76117,2,0.0425531914893617
4/29/2020,Cattaraugus,0,47,85,909,76117,2,0.0425531914893617
4/30/2020,Cattaraugus,2,49,78,987,76117,2,0.04081632653061224
5/1/2020,Cattaraugus,1,50,80,1067,76117,2,0.04
5/2/2020,Cattaraugus,3,53,54,1121,76117,2,0.03773584905660377
5/3/2020,Cattaraugus,0,53,7,1128,76117,2,0.03773584905660377
5/4/2020,Cattaraugus,0,53,14,1142,76117,2,0.03773584905660377
5/5/2020,Cattaraugus,1,54,47,1189,76117,2,0.037037037037037035
5/6/2020,Cattaraugus,5,59,65,1254,76117,2,0.03389830508474576
5/7/2020,Cattaraugus,0,59,36,1290,76117,2,0.03389830508474576
5/8/2020,Cattaraugus,1,60,54,1344,76117,2,0.03333333333333333
5/9/2020,Cattaraugus,0,60,21,1365,76117,2,0.03333333333333333
5/10/2020,Cattaraugus,1,61,103,1468,76117,2,0.03278688524590164
5/11/2020,Cattaraugus,0,61,29,1497,76117,2,0.03278688524590164
5/12/2020,Cattaraugus,0,61,77,1574,76117,2,0.03278688524590164
5/13/2020,Cattaraugus,3,64,134,1708,76117,2,0.03125
5/14/2020,Cattaraugus,0,64,173,1881,76117,2,0.03125
5/15/2020,Cattaraugus,1,65,186,2067,76117,2,0.03076923076923077
5/16/2020,Cattaraugus,0,65,142,2209,76117,2,0.03076923076923077
5/17/2020,Cattaraugus,2,67,207,2416,76117,2,0.029850746268656716
5/18/2020,Cattaraugus,2,69,24,2440,76117,2,0.028985507246376812
5/19/2020,Cattaraugus,1,70,152,2592,76117,2,0.02857142857142857
5/20/2020,Cattaraugus,1,71,186,2778,76117,2,0.028169014084507043
5/21/2020,Cattaraugus,3,74,125,2903,76117,2,0.02702702702702703
5/22/2020,Cattaraugus,4,78,176,3079,76117,2,0.02564102564102564
5/23/2020,Cattaraugus,0,78,172,3251,76117,2,0.02564102564102564
5/24/2020,Cattaraugus,3,81,311,3562,76117,2,0.024691358024691357
5/25/2020,Cattaraugus,0,81,136,3698,76117,3,0.037037037037037035
5/26/2020,Cattaraugus,1,82,162,3860,76117,3,0.036585365853658534
5/27/2020,Cattaraugus,3,85,286,4146,76117,3,0.03529411764705882
5/28/2020,Cattaraugus,1,86,147,4293,76117,3,0.03488372093023256
5/29/2020,Cattaraugus,1,87,189,4482,76117,3,0.034482758620689655
5/30/2020,Cattaraugus,1,88,183,4665,76117,3,0.03409090909090909
5/31/2020,Cattaraugus,1,89,215,4880,76117,3,0.033707865168539325
6/1/2020,Cattaraugus,0,89,333,5213,76117,4,0.0449438202247191
6/2/2020,Cattaraugus,1,90,375,5588,76117,4,0.044444444444444446
6/3/2020,Cattaraugus,1,91,290,5878,76117,4,0.04395604395604396
6/4/2020,Cattaraugus,1,92,304,6182,76117,4,0.043478260869565216
6/5/2020,Cattaraugus,0,92,416,6598,76117,5,0.05434782608695652
6/6/2020,Cattaraugus,2,94,193,6791,76117,5,0.05319148936170213
6/7/2020,Cattaraugus,1,95,245,7036,76117,5,0.05263157894736842
6/8/2020,Cattaraugus,0,95,183,7219,76117,5,0.05263157894736842
6/9/2020,Cattaraugus,1,96,205,7424,76117,5,0.052083333333333336
6/10/2020,Cattaraugus,2,98,258,7682,76117,5,0.05102040816326531
6/11/2020,Cattaraugus,3,101,282,7964,76117,5,0.04950495049504951
6/12/2020,Cattaraugus,0,101,341,8305,76117,5,0.04950495049504951
6/13/2020,Cattaraugus,3,104,272,8577,76117,6,0.057692307692307696
6/14/2020,Cattaraugus,2,106,155,8732,76117,6,0.05660377358490566
6/15/2020,Cattaraugus,1,107,393,9125,76117,6,0.056074766355140186
6/16/2020,Cattaraugus,2,109,202,9327,76117,6,0.05504587155963303
6/17/2020,Cattaraugus,0,109,219,9546,76117,6,0.05504587155963303
6/18/2020,Cattaraugus,0,109,335,9881,76117,6,0.05504587155963303
6/19/2020,Cattaraugus,4,113,325,10206,76117,6,0.05309734513274336
6/20/2020,Cattaraugus,2,115,377,10583,76117,6,0.05217391304347826
6/21/2020,Cattaraugus,0,115,252,10835,76117,6,0.05217391304347826
6/22/2020,Cattaraugus,3,118,220,11055,76117,6,0.05084745762711865
6/23/2020,Cattaraugus,2,120,210,11265,76117,6,0.05
6/24/2020,Cattaraugus,1,121,316,11581,76117,6,0.049586776859504134
6/25/2020,Cattaraugus,2,123,149,11730,76117,6,0.04878048780487805
6/26/2020,Cattaraugus,0,123,389,12119,76117,6,0.04878048780487805
6/27/2020,Cattaraugus,0,123,107,12226,76117,6,0.04878048780487805
6/28/2020,Cattaraugus,0,123,191,12417,76117,6,0.04878048780487805
6/29/2020,Cattaraugus,0,123,120,12537,76117,6,0.04878048780487805
6/30/2020,Cattaraugus,0,123,163,12700,76117,6,0.04878048780487805
7/1/2020,Cattaraugus,1,124,173,12873,76117,6,0.04838709677419355
7/2/2020,Cattaraugus,0,124,313,13186,76117,6,0.04838709677419355
7/3/2020,Cattaraugus,3,127,460,13646,76117,6,0.047244094488188976
7/4/2020,Cattaraugus,0,127,202,13848,76117,6,0.047244094488188976
7/5/2020,Cattaraugus,1,128,249,14097,76117,6,0.046875
7/6/2020,Cattaraugus,0,128,129,14226,76117,6,0.046875
7/7/2020,Cattaraugus,2,130,119,14345,76117,6,0.046153846153846156
7/8/2020,Cattaraugus,1,131,210,14555,76117,6,0.04580152671755725
7/9/2020,Cattaraugus,3,134,421,14976,76117,6,0.04477611940298507
7/10/2020,Cattaraugus,4,138,345,15321,76117,6,0.043478260869565216
7/11/2020,Cattaraugus,0,138,122,15443,76117,6,0.043478260869565216
7/12/2020,Cattaraugus,0,138,105,15548,76117,6,0.043478260869565216
7/13/2020,Cattaraugus,1,139,288,15836,76117,6,0.04316546762589928
7/14/2020,Cattaraugus,2,141,178,16014,76117,6,0.0425531914893617
7/15/2020,Cattaraugus,1,142,294,16308,76117,6,0.04225352112676056
7/16/2020,Cattaraugus,3,145,381,16689,76117,6,0.041379310344827586
7/17/2020,Cattaraugus,0,145,207,16896,76117,6,0.041379310344827586
7/18/2020,Cattaraugus,0,145,103,16999,76117,6,0.041379310344827586
7/19/2020,Cattaraugus,0,145,56,17055,76117,6,0.041379310344827586
7/20/2020,Cattaraugus,2,147,359,17414,76117,6,0.04081632653061224
7/21/2020,Cattaraugus,0,147,253,17667,76117,6,0.04081632653061224
7/22/2020,Cattaraugus,1,148,146,17813,76117,6,0.04054054054054054
7/23/2020,Cattaraugus,2,150,180,17993,76117,6,0.04
7/24/2020,Cattaraugus,0,150,340,18333,76117,6,0.04
7/25/2020,Cattaraugus,1,151,104,18437,76117,6,0.039735099337748346
7/26/2020,Cattaraugus,2,153,229,18666,76117,6,0.0392156862745098
7/27/2020,Cattaraugus,0,153,182,18848,76117,6,0.0392156862745098
7/28/2020,Cattaraugus,4,157,176,19024,76117,6,0.03821656050955414
7/29/2020,Cattaraugus,0,157,239,19263,76117,6,0.03821656050955414
7/30/2020,Cattaraugus,1,158,254,19517,76117,6,0.0379746835443038
7/31/2020,Cattaraugus,0,158,217,19734,76117,6,0.0379746835443038
8/1/2020,Cattaraugus,1,159,229,19963,76117,6,0.03773584905660377
8/2/2020,Cattaraugus,3,162,146,20109,76117,6,0.037037037037037035
8/3/2020,Cattaraugus,2,164,190,20299,76117,6,0.036585365853658534
8/4/2020,Cattaraugus,0,164,379,20678,76117,6,0.036585365853658534
8/5/2020,Cattaraugus,0,164,325,21003,76117,6,0.036585365853658534
8/6/2020,Cattaraugus,0,164,277,21280,76117,6,0.036585365853658534
8/7/2020,Cattaraugus,1,165,217,21497,76117,6,0.03636363636363636
8/8/2020,Cattaraugus,0,165,165,21662,76117,6,0.03636363636363636
8/9/2020,Cattaraugus,1,166,174,21836,76117,6,0.03614457831325301
8/10/2020,Cattaraugus,2,168,282,22118,76117,6,0.03571428571428571
8/11/2020,Cattaraugus,0,168,192,22310,76117,6,0.03571428571428571
8/12/2020,Cattaraugus,1,169,238,22548,76117,6,0.03550295857988166
8/13/2020,Cattaraugus,0,169,281,22829,76117,6,0.03550295857988166
8/14/2020,Cattaraugus,1,170,283,23112,76117,6,0.03529411764705882
8/15/2020,Cattaraugus,1,171,397,23509,76117,6,0.03508771929824561
8/16/2020,Cattaraugus,0,171,113,23622,76117,6,0.03508771929824561
8/17/2020,Cattaraugus,1,172,276,23898,76117,6,0.03488372093023256
8/18/2020,Cattaraugus,1,173,356,24254,76117,6,0.03468208092485549
8/19/2020,Cattaraugus,1,174,354,24608,76117,6,0.034482758620689655
8/20/2020,Cattaraugus,0,174,375,24983,76117,6,0.034482758620689655
8/21/2020,Cattaraugus,4,178,145,25128,76117,6,0.033707865168539325
8/22/2020,Cattaraugus,2,180,299,25427,76117,6,0.03333333333333333
8/23/2020,Cattaraugus,2,182,150,25577,76117,6,0.03296703296703297
8/24/2020,Cattaraugus,2,184,264,25841,76117,6,0.03260869565217391
8/25/2020,Cattaraugus,1,185,176,26017,76117,6,0.032432432432432434
8/26/2020,Cattaraugus,3,188,314,26331,76117,6,0.031914893617021274
8/27/2020,Cattaraugus,9,197,291,26622,76117,6,0.030456852791878174
8/28/2020,Cattaraugus,0,197,231,26853,76117,6,0.030456852791878174
8/29/2020,Cattaraugus,4,201,334,27187,76117,6,0.029850746268656716
8/30/2020,Cattaraugus,4,205,283,27470,76117,6,0.02926829268292683
8/31/2020,Cattaraugus,1,206,320,27790,76117,6,0.02912621359223301
9/1/2020,Cattaraugus,10,216,242,28032,76117,6,0.027777777777777776
9/2/2020,Cattaraugus,6,222,276,28308,76117,6,0.02702702702702703
9/3/2020,Cattaraugus,1,223,320,28628,76117,6,0.026905829596412557
9/4/2020,Cattaraugus,4,227,459,29087,76117,6,0.02643171806167401
9/5/2020,Cattaraugus,2,229,214,29301,76117,6,0.026200873362445413
9/6/2020,Cattaraugus,1,230,133,29434,76117,6,0.02608695652173913
9/7/2020,Cattaraugus,3,233,372,29806,76117,6,0.02575107296137339
9/8/2020,Cattaraugus,1,234,162,29968,76117,6,0.02564102564102564
9/9/2020,Cattaraugus,2,236,200,30168,76117,6,0.025423728813559324
9/10/2020,Cattaraugus,3,239,248,30416,76117,6,0.02510460251046025
9/11/2020,Cattaraugus,0,239,486,30902,76117,6,0.02510460251046025
9/12/2020,Cattaraugus,2,241,258,31160,76117,6,0.024896265560165973
9/13/2020,Cattaraugus,1,242,230,31390,76117,6,0.024793388429752067
9/14/2020,Cattaraugus,0,242,244,31634,76117,6,0.024793388429752067
9/15/2020,Cattaraugus,3,245,137,31771,76117,6,0.024489795918367346
9/16/2020,Cattaraugus,3,248,255,32026,76117,7,0.028225806451612902
9/17/2020,Cattaraugus,1,249,247,32273,76117,7,0.028112449799196786
9/18/2020,Cattaraugus,4,253,290,32563,76117,7,0.02766798418972332
9/19/2020,Cattaraugus,1,254,335,32898,76117,7,0.027559055118110236
9/20/2020,Cattaraugus,1,255,160,33058,76117,7,0.027450980392156862
9/21/2020,Cattaraugus,0,255,226,33284,76117,7,0.027450980392156862
9/22/2020,Cattaraugus,3,258,196,33480,76117,7,0.027131782945736434
9/23/2020,Cattaraugus,0,258,298,33778,76117,7,0.027131782945736434
9/24/2020,Cattaraugus,0,258,404,34182,76117,7,0.027131782945736434
9/25/2020,Cattaraugus,1,259,392,34574,76117,7,0.02702702702702703
9/26/2020,Cattaraugus,1,260,300,34874,76117,7,0.026923076923076925
9/27/2020,Cattaraugus,0,260,120,34994,76117,8,0.03076923076923077
9/28/2020,Cattaraugus,11,271,295,35289,76117,8,0.02952029520295203
9/29/2020,Cattaraugus,5,276,141,35430,76117,8,0.028985507246376812
9/30/2020,Cattaraugus,3,279,298,35728,76117,8,0.02867383512544803
10/1/2020,Cattaraugus,11,290,233,35961,76117,8,0.027586206896551724
10/2/2020,Cattaraugus,12,302,657,36618,76117,9,0.029801324503311258
10/3/2020,Cattaraugus,1,303,419,37037,76117,9,0.0297029702970297
10/4/2020,Cattaraugus,4,307,188,37225,76117,9,0.029315960912052116
10/5/2020,Cattaraugus,4,311,321,37546,76117,10,0.03215434083601286
10/6/2020,Cattaraugus,5,316,238,37784,76117,10,0.03164556962025317
10/7/2020,Cattaraugus,11,327,413,38197,76117,11,0.03363914373088685
10/8/2020,Cattaraugus,16,343,330,38527,76117,13,0.037900874635568516
10/9/2020,Cattaraugus,12,355,396,38923,76117,13,0.036619718309859155
10/10/2020,Cattaraugus,3,358,265,39188,76117,13,0.036312849162011177
10/11/2020,Cattaraugus,4,362,331,39519,76117,13,0.03591160220994475
10/12/2020,Cattaraugus,2,364,263,39782,76117,13,0.03571428571428571
10/13/2020,Cattaraugus,3,367,300,40082,76117,14,0.03814713896457766
10/14/2020,Cattaraugus,16,383,427,40509,76117,14,0.03655352480417755
10/15/2020,Cattaraugus,10,393,456,40965,76117,14,0.035623409669211195
10/16/2020,Cattaraugus,6,399,445,41410,76117,14,0.03508771929824561
10/17/2020,Cattaraugus,4,403,284,41694,76117,15,0.03722084367245657
10/18/2020,Cattaraugus,3,406,390,42084,76117,15,0.03694581280788178
10/19/2020,Cattaraugus,11,417,333,42417,76117,16,0.03836930455635491
10/20/2020,Cattaraugus,17,434,410,42827,76117,16,0.03686635944700461
10/21/2020,Cattaraugus,8,442,473,43300,76117,16,0.03619909502262444
10/22/2020,Cattaraugus,5,447,709,44009,76117,16,0.035794183445190156
10/23/2020,Cattaraugus,8,455,417,44426,76117,17,0.03736263736263736
10/24/2020,Cattaraugus,6,461,491,44917,76117,17,0.0368763557483731
10/25/2020,Cattaraugus,1,462,328,45245,76117,17,0.0367965367965368
10/26/2020,Cattaraugus,8,470,229,45474,76117,19,0.04042553191489362
10/27/2020,Cattaraugus,32,502,340,45814,76117,19,0.037848605577689244
10/28/2020,Cattaraugus,15,517,491,46305,76117,19,0.0367504835589942
10/29/2020,Cattaraugus,10,527,470,46775,76117,19,0.036053130929791274
10/30/2020,Cattaraugus,9,536,385,47160,76117,19,0.03544776119402985
10/31/2020,Cattaraugus,13,549,464,47624,76117,19,0.03460837887067395
11/1/2020,Cattaraugus,1,550,181,47805,76117,19,0.034545454545454546
11/2/2020,Cattaraugus,12,562,445,48250,76117,19,0.033807829181494664
11/3/2020,Cattaraugus,6,568,422,48672,76117,19,0.03345070422535211
11/4/2020,Cattaraugus,14,582,595,49267,76117,19,0.03264604810996564
11/5/2020,Cattaraugus,9,591,509,49776,76117,20,0.0338409475465313
11/6/2020,Cattaraugus,8,599,389,50165,76117,20,0.0333889816360601
11/7/2020,Cattaraugus,6,605,429,50594,76117,20,0.03305785123966942
11/8/2020,Cattaraugus,6,611,277,50871,76117,20,0.03273322422258593
11/9/2020,Cattaraugus,7,618,399,51270,76117,21,0.03398058252427184
11/10/2020,Cattaraugus,9,627,572,51842,76117,21,0.03349282296650718
11/11/2020,Cattaraugus,15,642,518,52360,76117,21,0.03271028037383177
11/12/2020,Cattaraugus,19,661,467,52827,76117,21,0.03177004538577912
11/13/2020,Cattaraugus,14,675,391,53218,76117,21,0.03111111111111111
11/14/2020,Cattaraugus,3,678,240,53458,76117,21,0.030973451327433628
3/1/2020,Cayuga,0,0,0,0,76576,0,NaN
3/2/2020,Cayuga,0,0,0,0,76576,0,NaN
3/3/2020,Cayuga,0,0,0,0,76576,0,NaN
3/4/2020,Cayuga,0,0,0,0,76576,0,NaN
3/5/2020,Cayuga,0,0,0,0,76576,0,NaN
3/6/2020,Cayuga,0,0,0,0,76576,0,NaN
3/7/2020,Cayuga,0,0,0,0,76576,0,NaN
3/8/2020,Cayuga,0,0,0,0,76576,0,NaN
3/9/2020,Cayuga,0,0,0,0,76576,0,NaN
3/10/2020,Cayuga,0,0,0,0,76576,0,NaN
3/11/2020,Cayuga,0,0,0,0,76576,0,NaN
3/12/2020,Cayuga,0,0,0,0,76576,0,NaN
3/13/2020,Cayuga,0,0,0,0,76576,0,NaN
3/14/2020,Cayuga,0,0,3,3,76576,0,NaN
3/15/2020,Cayuga,0,0,1,4,76576,0,NaN
3/16/2020,Cayuga,0,0,2,6,76576,0,NaN
3/17/2020,Cayuga,0,0,2,8,76576,0,NaN
3/18/2020,Cayuga,0,0,2,10,76576,0,NaN
3/19/2020,Cayuga,0,0,3,13,76576,0,NaN
3/20/2020,Cayuga,0,0,8,21,76576,0,NaN
3/21/2020,Cayuga,0,0,25,46,76576,0,NaN
3/22/2020,Cayuga,2,2,33,79,76576,0,0
3/23/2020,Cayuga,0,2,10,89,76576,0,0
3/24/2020,Cayuga,0,2,5,94,76576,0,0
3/25/2020,Cayuga,0,2,13,107,76576,0,0
3/26/2020,Cayuga,0,2,25,132,76576,0,0
3/27/2020,Cayuga,0,2,26,158,76576,0,0
3/28/2020,Cayuga,0,2,32,190,76576,0,0
3/29/2020,Cayuga,1,3,37,227,76576,0,0
3/30/2020,Cayuga,0,3,10,237,76576,0,0
3/31/2020,Cayuga,0,3,9,246,76576,0,0
4/1/2020,Cayuga,1,4,25,271,76576,0,0
4/2/2020,Cayuga,2,6,36,307,76576,0,0
4/3/2020,Cayuga,1,7,15,322,76576,0,0
4/4/2020,Cayuga,1,8,32,354,76576,0,0
4/5/2020,Cayuga,3,11,31,385,76576,0,0
4/6/2020,Cayuga,3,14,33,418,76576,0,0
4/7/2020,Cayuga,0,14,11,429,76576,1,0.07142857142857142
4/8/2020,Cayuga,2,16,37,466,76576,1,0.0625
4/9/2020,Cayuga,11,27,31,497,76576,1,0.037037037037037035
4/10/2020,Cayuga,1,28,5,502,76576,1,0.03571428571428571
4/11/2020,Cayuga,1,29,8,510,76576,1,0.034482758620689655
4/12/2020,Cayuga,1,30,5,515,76576,1,0.03333333333333333
4/13/2020,Cayuga,3,33,52,567,76576,1,0.030303030303030304
4/14/2020,Cayuga,3,36,10,577,76576,1,0.027777777777777776
4/15/2020,Cayuga,0,36,10,587,76576,1,0.027777777777777776
4/16/2020,Cayuga,0,36,1,588,76576,1,0.027777777777777776
4/17/2020,Cayuga,0,36,9,597,76576,1,0.027777777777777776
4/18/2020,Cayuga,0,36,9,606,76576,1,0.027777777777777776
4/19/2020,Cayuga,0,36,12,618,76576,1,0.027777777777777776
4/20/2020,Cayuga,0,36,1,619,76576,1,0.027777777777777776
4/21/2020,Cayuga,0,36,3,622,76576,1,0.027777777777777776
4/22/2020,Cayuga,1,37,12,634,76576,1,0.02702702702702703
4/23/2020,Cayuga,2,39,14,648,76576,1,0.02564102564102564
4/24/2020,Cayuga,8,47,191,839,76576,2,0.0425531914893617
4/25/2020,Cayuga,0,47,19,858,76576,2,0.0425531914893617
4/26/2020,Cayuga,1,48,20,878,76576,2,0.041666666666666664
4/27/2020,Cayuga,0,48,20,898,76576,2,0.041666666666666664
4/28/2020,Cayuga,0,48,34,932,76576,2,0.041666666666666664
4/29/2020,Cayuga,0,48,25,957,76576,2,0.041666666666666664
4/30/2020,Cayuga,3,51,28,985,76576,2,0.0392156862745098
5/1/2020,Cayuga,0,51,17,1002,76576,2,0.0392156862745098
5/2/2020,Cayuga,0,51,14,1016,76576,2,0.0392156862745098
5/3/2020,Cayuga,0,51,10,1026,76576,2,0.0392156862745098
5/4/2020,Cayuga,0,51,22,1048,76576,2,0.0392156862745098
5/5/2020,Cayuga,0,51,19,1067,76576,2,0.0392156862745098
5/6/2020,Cayuga,1,52,25,1092,76576,2,0.038461538461538464
5/7/2020,Cayuga,0,52,20,1112,76576,2,0.038461538461538464
5/8/2020,Cayuga,1,53,61,1173,76576,2,0.03773584905660377
5/9/2020,Cayuga,5,58,23,1196,76576,2,0.034482758620689655
5/10/2020,Cayuga,2,60,48,1244,76576,2,0.03333333333333333
5/11/2020,Cayuga,0,60,23,1267,76576,2,0.03333333333333333
5/12/2020,Cayuga,0,60,45,1312,76576,2,0.03333333333333333
5/13/2020,Cayuga,0,60,104,1416,76576,2,0.03333333333333333
5/14/2020,Cayuga,1,61,261,1677,76576,2,0.03278688524590164
5/15/2020,Cayuga,2,63,111,1788,76576,2,0.031746031746031744
5/16/2020,Cayuga,0,63,79,1867,76576,2,0.031746031746031744
5/17/2020,Cayuga,2,65,189,2056,76576,2,0.03076923076923077
5/18/2020,Cayuga,3,68,68,2124,76576,2,0.029411764705882353
5/19/2020,Cayuga,0,68,106,2230,76576,2,0.029411764705882353
5/20/2020,Cayuga,4,72,105,2335,76576,2,0.027777777777777776
5/21/2020,Cayuga,1,73,245,2580,76576,2,0.0273972602739726
5/22/2020,Cayuga,3,76,356,2936,76576,2,0.02631578947368421
5/23/2020,Cayuga,1,77,143,3079,76576,2,0.025974025974025976
5/24/2020,Cayuga,0,77,176,3255,76576,2,0.025974025974025976
5/25/2020,Cayuga,1,78,76,3331,76576,2,0.02564102564102564
5/26/2020,Cayuga,2,80,117,3448,76576,2,0.025
5/27/2020,Cayuga,4,84,101,3549,76576,2,0.023809523809523808
5/28/2020,Cayuga,5,89,383,3932,76576,2,0.02247191011235955
5/29/2020,Cayuga,1,90,374,4306,76576,2,0.022222222222222223
5/30/2020,Cayuga,1,91,249,4555,76576,2,0.02197802197802198
5/31/2020,Cayuga,1,92,289,4844,76576,2,0.021739130434782608
6/1/2020,Cayuga,1,93,250,5094,76576,2,0.021505376344086023
6/2/2020,Cayuga,3,96,288,5382,76576,2,0.020833333333333332
6/3/2020,Cayuga,0,96,375,5757,76576,2,0.020833333333333332
6/4/2020,Cayuga,2,98,375,6132,76576,2,0.02040816326530612
6/5/2020,Cayuga,2,100,299,6431,76576,2,0.02
6/6/2020,Cayuga,1,101,233,6664,76576,2,0.019801980198019802
6/7/2020,Cayuga,0,101,465,7129,76576,2,0.019801980198019802
6/8/2020,Cayuga,1,102,231,7360,76576,2,0.0196078431372549
6/9/2020,Cayuga,0,102,231,7591,76576,2,0.0196078431372549
6/10/2020,Cayuga,0,102,152,7743,76576,2,0.0196078431372549
6/11/2020,Cayuga,1,103,337,8080,76576,2,0.019417475728155338
6/12/2020,Cayuga,0,103,170,8250,76576,2,0.019417475728155338
6/13/2020,Cayuga,3,106,432,8682,76576,2,0.018867924528301886
6/14/2020,Cayuga,0,106,106,8788,76576,2,0.018867924528301886
6/15/2020,Cayuga,0,106,169,8957,76576,2,0.018867924528301886
6/16/2020,Cayuga,0,106,142,9099,76576,2,0.018867924528301886
6/17/2020,Cayuga,0,106,98,9197,76576,2,0.018867924528301886
6/18/2020,Cayuga,1,107,476,9673,76576,2,0.018691588785046728
6/19/2020,Cayuga,1,108,225,9898,76576,2,0.018518518518518517
6/20/2020,Cayuga,0,108,420,10318,76576,2,0.018518518518518517
6/21/2020,Cayuga,0,108,101,10419,76576,2,0.018518518518518517
6/22/2020,Cayuga,0,108,193,10612,76576,2,0.018518518518518517
6/23/2020,Cayuga,1,109,144,10756,76576,2,0.01834862385321101
6/24/2020,Cayuga,0,109,116,10872,76576,2,0.01834862385321101
6/25/2020,Cayuga,0,109,200,11072,76576,2,0.01834862385321101
6/26/2020,Cayuga,2,111,285,11357,76576,2,0.018018018018018018
6/27/2020,Cayuga,2,113,338,11695,76576,2,0.017699115044247787
6/28/2020,Cayuga,1,114,277,11972,76576,2,0.017543859649122806
6/29/2020,Cayuga,1,115,184,12156,76576,2,0.017391304347826087
6/30/2020,Cayuga,4,119,121,12277,76576,2,0.01680672268907563
7/1/2020,Cayuga,0,119,126,12403,76576,2,0.01680672268907563
7/2/2020,Cayuga,1,120,194,12597,76576,2,0.016666666666666666
7/3/2020,Cayuga,0,120,308,12905,76576,2,0.016666666666666666
7/4/2020,Cayuga,0,120,97,13002,76576,2,0.016666666666666666
7/5/2020,Cayuga,2,122,75,13077,76576,2,0.01639344262295082
7/6/2020,Cayuga,0,122,188,13265,76576,2,0.01639344262295082
7/7/2020,Cayuga,0,122,262,13527,76576,2,0.01639344262295082
7/8/2020,Cayuga,2,124,240,13767,76576,2,0.016129032258064516
7/9/2020,Cayuga,0,124,291,14058,76576,2,0.016129032258064516
7/10/2020,Cayuga,2,126,236,14294,76576,2,0.015873015873015872
7/11/2020,Cayuga,0,126,308,14602,76576,2,0.015873015873015872
7/12/2020,Cayuga,0,126,154,14756,76576,2,0.015873015873015872
7/13/2020,Cayuga,1,127,362,15118,76576,2,0.015748031496062992
7/14/2020,Cayuga,1,128,190,15308,76576,2,0.015625
7/15/2020,Cayuga,0,128,221,15529,76576,2,0.015625
7/16/2020,Cayuga,1,129,574,16103,76576,2,0.015503875968992248
7/17/2020,Cayuga,0,129,253,16356,76576,2,0.015503875968992248
7/18/2020,Cayuga,0,129,92,16448,76576,2,0.015503875968992248
7/19/2020,Cayuga,2,131,172,16620,76576,2,0.015267175572519083
7/20/2020,Cayuga,0,131,325,16945,76576,2,0.015267175572519083
7/21/2020,Cayuga,3,134,346,17291,76576,2,0.014925373134328358
7/22/2020,Cayuga,1,135,376,17667,76576,2,0.014814814814814815
7/23/2020,Cayuga,2,137,423,18090,76576,2,0.014598540145985401
7/24/2020,Cayuga,2,139,260,18350,76576,2,0.014388489208633094
7/25/2020,Cayuga,0,139,438,18788,76576,2,0.014388489208633094
7/26/2020,Cayuga,1,140,238,19026,76576,2,0.014285714285714285
7/27/2020,Cayuga,0,140,168,19194,76576,2,0.014285714285714285
7/28/2020,Cayuga,1,141,236,19430,76576,2,0.014184397163120567
7/29/2020,Cayuga,0,141,205,19635,76576,2,0.014184397163120567
7/30/2020,Cayuga,2,143,152,19787,76576,2,0.013986013986013986
7/31/2020,Cayuga,1,144,236,20023,76576,2,0.013888888888888888
8/1/2020,Cayuga,4,148,115,20138,76576,2,0.013513513513513514
8/2/2020,Cayuga,0,148,85,20223,76576,2,0.013513513513513514
8/3/2020,Cayuga,2,150,541,20764,76576,2,0.013333333333333334
8/4/2020,Cayuga,0,150,257,21021,76576,2,0.013333333333333334
8/5/2020,Cayuga,1,151,262,21283,76576,2,0.013245033112582781
8/6/2020,Cayuga,0,151,233,21516,76576,2,0.013245033112582781
8/7/2020,Cayuga,0,151,155,21671,76576,2,0.013245033112582781
8/8/2020,Cayuga,1,152,109,21780,76576,2,0.013157894736842105
8/9/2020,Cayuga,0,152,60,21840,76576,2,0.013157894736842105
8/10/2020,Cayuga,5,157,628,22468,76576,2,0.012738853503184714
8/11/2020,Cayuga,4,161,304,22772,76576,2,0.012422360248447204
8/12/2020,Cayuga,1,162,193,22965,76576,2,0.012345679012345678
8/13/2020,Cayuga,1,163,175,23140,76576,2,0.012269938650306749
8/14/2020,Cayuga,0,163,224,23364,76576,2,0.012269938650306749
8/15/2020,Cayuga,1,164,131,23495,76576,2,0.012195121951219513
8/16/2020,Cayuga,0,164,374,23869,76576,2,0.012195121951219513
8/17/2020,Cayuga,0,164,221,24090,76576,2,0.012195121951219513
8/18/2020,Cayuga,0,164,224,24314,76576,2,0.012195121951219513
8/19/2020,Cayuga,0,164,291,24605,76576,2,0.012195121951219513
8/20/2020,Cayuga,0,164,427,25032,76576,2,0.012195121951219513
8/21/2020,Cayuga,2,166,280,25312,76576,2,0.012048192771084338
8/22/2020,Cayuga,1,167,168,25480,76576,2,0.011976047904191617
8/23/2020,Cayuga,0,167,67,25547,76576,2,0.011976047904191617
8/24/2020,Cayuga,7,174,532,26079,76576,2,0.011494252873563218
8/25/2020,Cayuga,1,175,212,26291,76576,2,0.011428571428571429
8/26/2020,Cayuga,1,176,229,26520,76576,2,0.011363636363636364
8/27/2020,Cayuga,1,177,233,26753,76576,2,0.011299435028248588
8/28/2020,Cayuga,0,177,675,27428,76576,2,0.011299435028248588
8/29/2020,Cayuga,0,177,374,27802,76576,2,0.011299435028248588
8/30/2020,Cayuga,1,178,74,27876,76576,2,0.011235955056179775
8/31/2020,Cayuga,2,180,245,28121,76576,2,0.011111111111111112
9/1/2020,Cayuga,0,180,204,28325,76576,2,0.011111111111111112
9/2/2020,Cayuga,1,181,351,28676,76576,2,0.011049723756906077
9/3/2020,Cayuga,0,181,253,28929,76576,2,0.011049723756906077
9/4/2020,Cayuga,1,182,539,29468,76576,2,0.01098901098901099
9/5/2020,Cayuga,1,183,179,29647,76576,2,0.01092896174863388
9/6/2020,Cayuga,0,183,89,29736,76576,2,0.01092896174863388
9/7/2020,Cayuga,1,184,155,29891,76576,2,0.010869565217391304
9/8/2020,Cayuga,1,185,114,30005,76576,2,0.010810810810810811
9/9/2020,Cayuga,0,185,178,30183,76576,2,0.010810810810810811
9/10/2020,Cayuga,0,185,511,30694,76576,2,0.010810810810810811
9/11/2020,Cayuga,2,187,637,31331,76576,2,0.0106951871657754
9/12/2020,Cayuga,3,190,263,31594,76576,2,0.010526315789473684
9/13/2020,Cayuga,0,190,86,31680,76576,2,0.010526315789473684
9/14/2020,Cayuga,1,191,286,31966,76576,2,0.010471204188481676
9/15/2020,Cayuga,2,193,172,32138,76576,2,0.010362694300518135
9/16/2020,Cayuga,1,194,391,32529,76576,2,0.010309278350515464
9/17/2020,Cayuga,1,195,356,32885,76576,2,0.010256410256410256
9/18/2020,Cayuga,1,196,806,33691,76576,2,0.01020408163265306
9/19/2020,Cayuga,3,199,344,34035,76576,2,0.010050251256281407
9/20/2020,Cayuga,0,199,119,34154,76576,2,0.010050251256281407
9/21/2020,Cayuga,3,202,304,34458,76576,2,0.009900990099009901
9/22/2020,Cayuga,2,204,257,34715,76576,2,0.00980392156862745
9/23/2020,Cayuga,1,205,355,35070,76576,2,0.00975609756097561
9/24/2020,Cayuga,3,208,600,35670,76576,2,0.009615384615384616
9/25/2020,Cayuga,3,211,676,36346,76576,2,0.009478672985781991
9/26/2020,Cayuga,4,215,378,36724,76576,2,0.009302325581395349
9/27/2020,Cayuga,3,218,376,37100,76576,2,0.009174311926605505
9/28/2020,Cayuga,1,219,207,37307,76576,2,0.0091324200913242
9/29/2020,Cayuga,1,220,422,37729,76576,2,0.00909090909090909
9/30/2020,Cayuga,1,221,418,38147,76576,2,0.00904977375565611
10/1/2020,Cayuga,3,224,529,38676,76576,2,0.008928571428571428
10/2/2020,Cayuga,4,228,526,39202,76576,2,0.008771929824561403
10/3/2020,Cayuga,3,231,337,39539,76576,2,0.008658008658008658
10/4/2020,Cayuga,0,231,418,39957,76576,2,0.008658008658008658
10/5/2020,Cayuga,1,232,412,40369,76576,2,0.008620689655172414
10/6/2020,Cayuga,2,234,356,40725,76576,2,0.008547008547008548
10/7/2020,Cayuga,3,237,344,41069,76576,2,0.008438818565400843
10/8/2020,Cayuga,3,240,595,41664,76576,3,0.0125
10/9/2020,Cayuga,1,241,920,42584,76576,3,0.012448132780082987
10/10/2020,Cayuga,3,244,275,42859,76576,3,0.012295081967213115
10/11/2020,Cayuga,2,246,437,43296,76576,3,0.012195121951219513
10/12/2020,Cayuga,5,251,303,43599,76576,3,0.01195219123505976
10/13/2020,Cayuga,8,259,532,44131,76576,3,0.011583011583011582
10/14/2020,Cayuga,10,269,448,44579,76576,3,0.011152416356877323
10/15/2020,Cayuga,6,275,480,45059,76576,3,0.01090909090909091
10/16/2020,Cayuga,9,284,798,45857,76576,3,0.01056338028169014
10/17/2020,Cayuga,5,289,336,46193,76576,3,0.010380622837370242
10/18/2020,Cayuga,5,294,386,46579,76576,3,0.01020408163265306
10/19/2020,Cayuga,8,302,394,46973,76576,3,0.009933774834437087
10/20/2020,Cayuga,30,332,567,47540,76576,3,0.009036144578313253
10/21/2020,Cayuga,10,342,608,48148,76576,3,0.008771929824561403
10/22/2020,Cayuga,9,351,442,48590,76576,3,0.008547008547008548
10/23/2020,Cayuga,1,352,770,49360,76576,3,0.008522727272727272
10/24/2020,Cayuga,12,364,668,50028,76576,3,0.008241758241758242
10/25/2020,Cayuga,9,373,480,50508,76576,3,0.00804289544235925
10/26/2020,Cayuga,16,389,498,51006,76576,3,0.007712082262210797
10/27/2020,Cayuga,8,397,376,51382,76576,3,0.007556675062972292
10/28/2020,Cayuga,8,405,371,51753,76576,3,0.007407407407407408
10/29/2020,Cayuga,24,429,567,52320,76576,3,0.006993006993006993
10/30/2020,Cayuga,9,438,866,53186,76576,3,0.00684931506849315
10/31/2020,Cayuga,15,453,386,53572,76576,3,0.006622516556291391
11/1/2020,Cayuga,3,456,348,53920,76576,3,0.006578947368421052
11/2/2020,Cayuga,9,465,460,54380,76576,3,0.0064516129032258064
11/3/2020,Cayuga,9,474,475,54855,76576,4,0.008438818565400843
11/4/2020,Cayuga,12,486,557,55412,76576,4,0.00823045267489712
11/5/2020,Cayuga,10,496,590,56002,76576,4,0.008064516129032258
11/6/2020,Cayuga,22,518,706,56708,76576,5,0.009652509652509652
11/7/2020,Cayuga,15,533,348,57056,76576,5,0.009380863039399626
11/8/2020,Cayuga,16,549,496,57552,76576,5,0.009107468123861567
11/9/2020,Cayuga,17,566,470,58022,76576,5,0.0088339222614841
11/10/2020,Cayuga,7,573,509,58531,76576,5,0.008726003490401396
11/11/2020,Cayuga,21,594,522,59053,76576,5,0.008417508417508417
11/12/2020,Cayuga,15,609,731,59784,76576,5,0.008210180623973728
11/13/2020,Cayuga,18,627,987,60771,76576,5,0.007974481658692184
11/14/2020,Cayuga,5,632,293,61064,76576,5,0.007911392405063292
3/1/2020,Chautauqua,0,0,0,0,126903,0,NaN
3/2/2020,Chautauqua,0,0,0,0,126903,0,NaN
3/3/2020,Chautauqua,0,0,0,0,126903,0,NaN
3/4/2020,Chautauqua,0,0,0,0,126903,0,NaN
3/5/2020,Chautauqua,0,0,0,0,126903,0,NaN
3/6/2020,Chautauqua,0,0,0,0,126903,0,NaN
3/7/2020,Chautauqua,0,0,0,0,126903,0,NaN
3/8/2020,Chautauqua,0,0,0,0,126903,0,NaN
3/9/2020,Chautauqua,0,0,0,0,126903,0,NaN
3/10/2020,Chautauqua,0,0,0,0,126903,0,NaN
3/11/2020,Chautauqua,0,0,0,0,126903,0,NaN
3/12/2020,Chautauqua,0,0,1,1,126903,0,NaN
3/13/2020,Chautauqua,0,0,1,2,126903,0,NaN
3/14/2020,Chautauqua,0,0,0,2,126903,0,NaN
3/15/2020,Chautauqua,0,0,1,3,126903,0,NaN
3/16/2020,Chautauqua,0,0,0,3,126903,0,NaN
3/17/2020,Chautauqua,0,0,0,3,126903,0,NaN
3/18/2020,Chautauqua,0,0,3,6,126903,0,NaN
3/19/2020,Chautauqua,0,0,1,7,126903,0,NaN
3/20/2020,Chautauqua,0,0,2,9,126903,0,NaN
3/21/2020,Chautauqua,0,0,4,13,126903,0,NaN
3/22/2020,Chautauqua,0,0,12,25,126903,0,NaN
3/23/2020,Chautauqua,0,0,4,29,126903,0,NaN
3/24/2020,Chautauqua,1,1,3,32,126903,0,0
3/25/2020,Chautauqua,0,1,4,36,126903,0,0
3/26/2020,Chautauqua,0,1,20,56,126903,0,0
3/27/2020,Chautauqua,4,5,19,75,126903,0,0
3/28/2020,Chautauqua,0,5,20,95,126903,0,0
3/29/2020,Chautauqua,0,5,3,98,126903,0,0
3/30/2020,Chautauqua,1,6,9,107,126903,1,0.16666666666666666
3/31/2020,Chautauqua,0,6,9,116,126903,1,0.16666666666666666
4/1/2020,Chautauqua,2,8,8,124,126903,1,0.125
4/2/2020,Chautauqua,1,9,15,139,126903,1,0.1111111111111111
4/3/2020,Chautauqua,1,10,20,159,126903,1,0.1
4/4/2020,Chautauqua,1,11,28,187,126903,1,0.09090909090909091
4/5/2020,Chautauqua,4,15,50,237,126903,1,0.06666666666666667
4/6/2020,Chautauqua,1,16,37,274,126903,1,0.0625
4/7/2020,Chautauqua,1,17,6,280,126903,1,0.058823529411764705
4/8/2020,Chautauqua,1,18,32,312,126903,1,0.05555555555555555
4/9/2020,Chautauqua,2,20,54,366,126903,1,0.05
4/10/2020,Chautauqua,1,21,67,433,126903,1,0.047619047619047616
4/11/2020,Chautauqua,1,22,39,472,126903,1,0.045454545454545456
4/12/2020,Chautauqua,1,23,25,497,126903,1,0.043478260869565216
4/13/2020,Chautauqua,0,23,8,505,126903,1,0.043478260869565216
4/14/2020,Chautauqua,1,24,19,524,126903,1,0.041666666666666664
4/15/2020,Chautauqua,0,24,29,553,126903,1,0.041666666666666664
4/16/2020,Chautauqua,1,25,32,585,126903,1,0.04
4/17/2020,Chautauqua,0,25,22,607,126903,1,0.04
4/18/2020,Chautauqua,0,25,20,627,126903,1,0.04
4/19/2020,Chautauqua,0,25,9,636,126903,1,0.04
4/20/2020,Chautauqua,0,25,3,639,126903,1,0.04
4/21/2020,Chautauqua,1,26,26,665,126903,1,0.038461538461538464
4/22/2020,Chautauqua,0,26,38,703,126903,1,0.038461538461538464
4/23/2020,Chautauqua,1,27,74,777,126903,1,0.037037037037037035
4/24/2020,Chautauqua,0,27,97,874,126903,1,0.037037037037037035
4/25/2020,Chautauqua,2,29,56,930,126903,1,0.034482758620689655
4/26/2020,Chautauqua,1,30,101,1031,126903,1,0.03333333333333333
4/27/2020,Chautauqua,0,30,26,1057,126903,1,0.03333333333333333
4/28/2020,Chautauqua,1,31,64,1121,126903,1,0.03225806451612903
4/29/2020,Chautauqua,2,33,39,1160,126903,1,0.030303030303030304
4/30/2020,Chautauqua,2,35,47,1207,126903,1,0.02857142857142857
5/1/2020,Chautauqua,0,35,53,1260,126903,1,0.02857142857142857
5/2/2020,Chautauqua,1,36,18,1278,126903,1,0.027777777777777776
5/3/2020,Chautauqua,1,37,9,1287,126903,2,0.05405405405405406
5/4/2020,Chautauqua,0,37,54,1341,126903,2,0.05405405405405406
5/5/2020,Chautauqua,1,38,88,1429,126903,2,0.05263157894736842
5/6/2020,Chautauqua,2,40,80,1509,126903,2,0.05
5/7/2020,Chautauqua,0,40,51,1560,126903,2,0.05
5/8/2020,Chautauqua,0,40,97,1657,126903,2,0.05
5/9/2020,Chautauqua,1,41,58,1715,126903,2,0.04878048780487805
5/10/2020,Chautauqua,0,41,27,1742,126903,2,0.04878048780487805
5/11/2020,Chautauqua,1,42,49,1791,126903,2,0.047619047619047616
5/12/2020,Chautauqua,1,43,125,1916,126903,2,0.046511627906976744
5/13/2020,Chautauqua,1,44,125,2041,126903,2,0.045454545454545456
5/14/2020,Chautauqua,1,45,139,2180,126903,2,0.044444444444444446
5/15/2020,Chautauqua,3,48,60,2240,126903,2,0.041666666666666664
5/16/2020,Chautauqua,0,48,91,2331,126903,2,0.041666666666666664
5/17/2020,Chautauqua,1,49,63,2394,126903,2,0.04081632653061224
5/18/2020,Chautauqua,0,49,98,2492,126903,2,0.04081632653061224
5/19/2020,Chautauqua,1,50,90,2582,126903,2,0.04
5/20/2020,Chautauqua,8,58,273,2855,126903,2,0.034482758620689655
5/21/2020,Chautauqua,5,63,190,3045,126903,2,0.031746031746031744
5/22/2020,Chautauqua,9,72,217,3262,126903,2,0.027777777777777776
5/23/2020,Chautauqua,3,75,134,3396,126903,2,0.02666666666666667
5/24/2020,Chautauqua,0,75,38,3434,126903,2,0.02666666666666667
5/25/2020,Chautauqua,2,77,94,3528,126903,2,0.025974025974025976
5/26/2020,Chautauqua,1,78,145,3673,126903,2,0.02564102564102564
5/27/2020,Chautauqua,3,81,129,3802,126903,2,0.024691358024691357
5/28/2020,Chautauqua,1,82,637,4439,126903,2,0.024390243902439025
5/29/2020,Chautauqua,1,83,272,4711,126903,2,0.024096385542168676
5/30/2020,Chautauqua,1,84,637,5348,126903,2,0.023809523809523808
5/31/2020,Chautauqua,1,85,253,5601,126903,2,0.023529411764705882
6/1/2020,Chautauqua,1,86,184,5785,126903,2,0.023255813953488372
6/2/2020,Chautauqua,3,89,277,6062,126903,2,0.02247191011235955
6/3/2020,Chautauqua,6,95,604,6666,126903,2,0.021052631578947368
6/4/2020,Chautauqua,2,97,522,7188,126903,3,0.030927835051546393
6/5/2020,Chautauqua,2,99,364,7552,126903,3,0.030303030303030304
6/6/2020,Chautauqua,2,101,1131,8683,126903,3,0.0297029702970297
6/7/2020,Chautauqua,0,101,343,9026,126903,3,0.0297029702970297
6/8/2020,Chautauqua,2,103,250,9276,126903,3,0.02912621359223301
6/9/2020,Chautauqua,2,105,308,9584,126903,3,0.02857142857142857
6/10/2020,Chautauqua,1,106,778,10362,126903,3,0.02830188679245283
6/11/2020,Chautauqua,0,106,487,10849,126903,3,0.02830188679245283
6/12/2020,Chautauqua,0,106,370,11219,126903,3,0.02830188679245283
6/13/2020,Chautauqua,1,107,723,11942,126903,3,0.028037383177570093
6/14/2020,Chautauqua,0,107,261,12203,126903,3,0.028037383177570093
6/15/2020,Chautauqua,1,108,607,12810,126903,3,0.027777777777777776
6/16/2020,Chautauqua,0,108,439,13249,126903,3,0.027777777777777776
6/17/2020,Chautauqua,2,110,511,13760,126903,3,0.02727272727272727
6/18/2020,Chautauqua,2,112,407,14167,126903,3,0.026785714285714284
6/19/2020,Chautauqua,3,115,281,14448,126903,3,0.02608695652173913
6/20/2020,Chautauqua,1,116,511,14959,126903,3,0.02586206896551724
6/21/2020,Chautauqua,0,116,318,15277,126903,3,0.02586206896551724
6/22/2020,Chautauqua,0,116,393,15670,126903,3,0.02586206896551724
6/23/2020,Chautauqua,2,118,316,15986,126903,3,0.025423728813559324
6/24/2020,Chautauqua,3,121,332,16318,126903,3,0.024793388429752067
6/25/2020,Chautauqua,1,122,586,16904,126903,3,0.02459016393442623
6/26/2020,Chautauqua,1,123,207,17111,126903,3,0.024390243902439025
6/27/2020,Chautauqua,0,123,284,17395,126903,3,0.024390243902439025
6/28/2020,Chautauqua,0,123,372,17767,126903,3,0.024390243902439025
6/29/2020,Chautauqua,4,127,568,18335,126903,3,0.023622047244094488
6/30/2020,Chautauqua,0,127,492,18827,126903,3,0.023622047244094488
7/1/2020,Chautauqua,0,127,292,19119,126903,3,0.023622047244094488
7/2/2020,Chautauqua,2,129,227,19346,126903,3,0.023255813953488372
7/3/2020,Chautauqua,2,131,107,19453,126903,3,0.022900763358778626
7/4/2020,Chautauqua,1,132,287,19740,126903,3,0.022727272727272728
7/5/2020,Chautauqua,2,134,582,20322,126903,3,0.022388059701492536
7/6/2020,Chautauqua,1,135,428,20750,126903,3,0.022222222222222223
7/7/2020,Chautauqua,14,149,318,21068,126903,3,0.020134228187919462
7/8/2020,Chautauqua,3,152,193,21261,126903,3,0.019736842105263157
7/9/2020,Chautauqua,3,155,606,21867,126903,3,0.01935483870967742
7/10/2020,Chautauqua,15,170,352,22219,126903,3,0.01764705882352941
7/11/2020,Chautauqua,0,170,267,22486,126903,3,0.01764705882352941
7/12/2020,Chautauqua,1,171,192,22678,126903,3,0.017543859649122806
7/13/2020,Chautauqua,9,180,573,23251,126903,3,0.016666666666666666
7/14/2020,Chautauqua,6,186,479,23730,126903,3,0.016129032258064516
7/15/2020,Chautauqua,5,191,575,24305,126903,3,0.015706806282722512
7/16/2020,Chautauqua,1,192,670,24975,126903,3,0.015625
7/17/2020,Chautauqua,2,194,275,25250,126903,3,0.015463917525773196
7/18/2020,Chautauqua,0,194,295,25545,126903,3,0.015463917525773196
7/19/2020,Chautauqua,0,194,199,25744,126903,3,0.015463917525773196
7/20/2020,Chautauqua,12,206,769,26513,126903,3,0.014563106796116505
7/21/2020,Chautauqua,4,210,692,27205,126903,3,0.014285714285714285
7/22/2020,Chautauqua,2,212,385,27590,126903,3,0.014150943396226415
7/23/2020,Chautauqua,0,212,629,28219,126903,3,0.014150943396226415
7/24/2020,Chautauqua,4,216,408,28627,126903,3,0.013888888888888888
7/25/2020,Chautauqua,2,218,118,28745,126903,3,0.013761467889908258
7/26/2020,Chautauqua,0,218,57,28802,126903,3,0.013761467889908258
7/27/2020,Chautauqua,1,219,339,29141,126903,4,0.0182648401826484
7/28/2020,Chautauqua,4,223,386,29527,126903,4,0.017937219730941704
7/29/2020,Chautauqua,1,224,471,29998,126903,4,0.017857142857142856
7/30/2020,Chautauqua,4,228,422,30420,126903,4,0.017543859649122806
7/31/2020,Chautauqua,3,231,729,31149,126903,4,0.017316017316017316
8/1/2020,Chautauqua,1,232,262,31411,126903,4,0.017241379310344827
8/2/2020,Chautauqua,2,234,230,31641,126903,4,0.017094017094017096
8/3/2020,Chautauqua,7,241,295,31936,126903,4,0.016597510373443983
8/4/2020,Chautauqua,0,241,298,32234,126903,4,0.016597510373443983
8/5/2020,Chautauqua,3,244,232,32466,126903,4,0.01639344262295082
8/6/2020,Chautauqua,5,249,330,32796,126903,4,0.01606425702811245
8/7/2020,Chautauqua,4,253,530,33326,126903,4,0.015810276679841896
8/8/2020,Chautauqua,0,253,350,33676,126903,4,0.015810276679841896
8/9/2020,Chautauqua,4,257,418,34094,126903,4,0.01556420233463035
8/10/2020,Chautauqua,1,258,706,34800,126903,4,0.015503875968992248
8/11/2020,Chautauqua,0,258,949,35749,126903,4,0.015503875968992248
8/12/2020,Chautauqua,2,260,530,36279,126903,4,0.015384615384615385
8/13/2020,Chautauqua,0,260,376,36655,126903,4,0.015384615384615385
8/14/2020,Chautauqua,3,263,396,37051,126903,4,0.015209125475285171
8/15/2020,Chautauqua,0,263,194,37245,126903,4,0.015209125475285171
8/16/2020,Chautauqua,2,265,167,37412,126903,4,0.01509433962264151
8/17/2020,Chautauqua,6,271,1028,38440,126903,4,0.014760147601476014
8/18/2020,Chautauqua,1,272,259,38699,126903,4,0.014705882352941176
8/19/2020,Chautauqua,3,275,238,38937,126903,4,0.014545454545454545
8/20/2020,Chautauqua,3,278,497,39434,126903,4,0.014388489208633094
8/21/2020,Chautauqua,9,287,393,39827,126903,4,0.013937282229965157
8/22/2020,Chautauqua,2,289,308,40135,126903,4,0.01384083044982699
8/23/2020,Chautauqua,0,289,587,40722,126903,4,0.01384083044982699
8/24/2020,Chautauqua,16,305,415,41137,126903,4,0.013114754098360656
8/25/2020,Chautauqua,5,310,204,41341,126903,4,0.012903225806451613
8/26/2020,Chautauqua,30,340,683,42024,126903,4,0.011764705882352941
8/27/2020,Chautauqua,15,355,665,42689,126903,4,0.011267605633802818
8/28/2020,Chautauqua,18,373,492,43181,126903,4,0.010723860589812333
8/29/2020,Chautauqua,9,382,361,43542,126903,4,0.010471204188481676
8/30/2020,Chautauqua,12,394,676,44218,126903,4,0.01015228426395939
8/31/2020,Chautauqua,11,405,747,44965,126903,4,0.009876543209876543
9/1/2020,Chautauqua,23,428,653,45618,126903,4,0.009345794392523364
9/2/2020,Chautauqua,24,452,543,46161,126903,4,0.008849557522123894
9/3/2020,Chautauqua,12,464,557,46718,126903,4,0.008620689655172414
9/4/2020,Chautauqua,7,471,459,47177,126903,4,0.008492569002123142
9/5/2020,Chautauqua,4,475,522,47699,126903,4,0.008421052631578947
9/6/2020,Chautauqua,1,476,430,48129,126903,4,0.008403361344537815
9/7/2020,Chautauqua,1,477,207,48336,126903,4,0.008385744234800839
9/8/2020,Chautauqua,1,478,261,48597,126903,4,0.008368200836820083
9/9/2020,Chautauqua,14,492,530,49127,126903,4,0.008130081300813009
9/10/2020,Chautauqua,4,496,399,49526,126903,4,0.008064516129032258
9/11/2020,Chautauqua,11,507,514,50040,126903,4,0.007889546351084813
9/12/2020,Chautauqua,8,515,376,50416,126903,4,0.007766990291262136
9/13/2020,Chautauqua,1,516,140,50556,126903,4,0.007751937984496124
9/14/2020,Chautauqua,7,523,420,50976,126903,4,0.0076481835564053535
9/15/2020,Chautauqua,4,527,630,51606,126903,4,0.007590132827324478
9/16/2020,Chautauqua,6,533,536,52142,126903,4,0.0075046904315197
9/17/2020,Chautauqua,2,535,463,52605,126903,4,0.007476635514018692
9/18/2020,Chautauqua,1,536,387,52992,126903,4,0.007462686567164179
9/19/2020,Chautauqua,1,537,388,53380,126903,4,0.0074487895716946
9/20/2020,Chautauqua,4,541,451,53831,126903,4,0.0073937153419593345
9/21/2020,Chautauqua,6,547,607,54438,126903,4,0.007312614259597806
9/22/2020,Chautauqua,4,551,530,54968,126903,4,0.007259528130671506
9/23/2020,Chautauqua,3,554,276,55244,126903,4,0.007220216606498195
9/24/2020,Chautauqua,7,561,762,56006,126903,4,0.0071301247771836
9/25/2020,Chautauqua,7,568,502,56508,126903,4,0.007042253521126761
9/26/2020,Chautauqua,5,573,608,57116,126903,4,0.006980802792321117
9/27/2020,Chautauqua,5,578,343,57459,126903,4,0.006920415224913495
9/28/2020,Chautauqua,7,585,774,58233,126903,4,0.006837606837606838
9/29/2020,Chautauqua,5,590,486,58719,126903,4,0.006779661016949152
9/30/2020,Chautauqua,12,602,600,59319,126903,4,0.006644518272425249
10/1/2020,Chautauqua,2,604,588,59907,126903,4,0.006622516556291391
10/2/2020,Chautauqua,7,611,1057,60964,126903,4,0.006546644844517185
10/3/2020,Chautauqua,18,629,759,61723,126903,4,0.006359300476947536
10/4/2020,Chautauqua,3,632,390,62113,126903,4,0.006329113924050633
10/5/2020,Chautauqua,4,636,278,62391,126903,4,0.006289308176100629
10/6/2020,Chautauqua,5,641,423,62814,126903,4,0.0062402496099844
10/7/2020,Chautauqua,15,656,695,63509,126903,4,0.006097560975609756
10/8/2020,Chautauqua,12,668,620,64129,126903,4,0.005988023952095809
10/9/2020,Chautauqua,14,682,927,65056,126903,4,0.005865102639296188
10/10/2020,Chautauqua,9,691,1167,66223,126903,4,0.005788712011577424
10/11/2020,Chautauqua,4,695,288,66511,126903,4,0.0057553956834532375
10/12/2020,Chautauqua,37,732,413,66924,126903,4,0.00546448087431694
10/13/2020,Chautauqua,16,748,406,67330,126903,4,0.0053475935828877
10/14/2020,Chautauqua,10,758,285,67615,126903,4,0.005277044854881266
10/15/2020,Chautauqua,13,771,640,68255,126903,4,0.005188067444876783
10/16/2020,Chautauqua,18,789,548,68803,126903,4,0.005069708491761723
10/17/2020,Chautauqua,7,796,368,69171,126903,4,0.005025125628140704
10/18/2020,Chautauqua,3,799,513,69684,126903,4,0.0050062578222778474
10/19/2020,Chautauqua,6,805,558,70242,126903,4,0.004968944099378882
10/20/2020,Chautauqua,40,845,540,70782,126903,4,0.004733727810650888
10/21/2020,Chautauqua,13,858,932,71714,126903,4,0.004662004662004662
10/22/2020,Chautauqua,10,868,488,72202,126903,4,0.004608294930875576
10/23/2020,Chautauqua,9,877,910,73112,126903,4,0.004561003420752566
10/24/2020,Chautauqua,7,884,769,73881,126903,4,0.004524886877828055
10/25/2020,Chautauqua,3,887,433,74314,126903,4,0.004509582863585118
10/26/2020,Chautauqua,18,905,793,75107,126903,4,0.004419889502762431
10/27/2020,Chautauqua,19,924,622,75729,126903,4,0.004329004329004329
10/28/2020,Chautauqua,31,955,1345,77074,126903,4,0.004188481675392671
10/29/2020,Chautauqua,21,976,691,77765,126903,4,0.004098360655737705
10/30/2020,Chautauqua,18,994,671,78436,126903,4,0.004024144869215292
10/31/2020,Chautauqua,23,1017,950,79386,126903,4,0.003933136676499509
11/1/2020,Chautauqua,6,1023,706,80092,126903,4,0.0039100684261974585
11/2/2020,Chautauqua,17,1040,639,80731,126903,4,0.0038461538461538464
11/3/2020,Chautauqua,11,1051,528,81259,126903,5,0.004757373929590866
11/4/2020,Chautauqua,30,1081,1009,82268,126903,5,0.004625346901017576
11/5/2020,Chautauqua,13,1094,1187,83455,126903,5,0.004570383912248629
11/6/2020,Chautauqua,9,1103,919,84374,126903,5,0.004533091568449683
11/7/2020,Chautauqua,11,1114,1006,85380,126903,5,0.004488330341113106
11/8/2020,Chautauqua,4,1118,261,85641,126903,5,0.004472271914132379
11/9/2020,Chautauqua,18,1136,574,86215,126903,5,0.0044014084507042256
11/10/2020,Chautauqua,25,1161,1816,88031,126903,5,0.004306632213608958
11/11/2020,Chautauqua,26,1187,1245,89276,126903,5,0.004212299915754001
11/12/2020,Chautauqua,23,1210,3147,92423,126903,5,0.004132231404958678
11/13/2020,Chautauqua,24,1234,2006,94429,126903,5,0.004051863857374392
11/14/2020,Chautauqua,5,1239,300,94729,126903,5,0.004035512510088781
3/1/2020,Chemung,0,0,0,0,83456,0,NaN
3/2/2020,Chemung,0,0,0,0,83456,0,NaN
3/3/2020,Chemung,0,0,0,0,83456,0,NaN
3/4/2020,Chemung,0,0,0,0,83456,0,NaN
3/5/2020,Chemung,0,0,0,0,83456,0,NaN
3/6/2020,Chemung,0,0,0,0,83456,0,NaN
3/7/2020,Chemung,0,0,0,0,83456,0,NaN
3/8/2020,Chemung,0,0,0,0,83456,0,NaN
3/9/2020,Chemung,0,0,0,0,83456,0,NaN
3/10/2020,Chemung,0,0,1,1,83456,0,NaN
3/11/2020,Chemung,0,0,0,1,83456,0,NaN
3/12/2020,Chemung,0,0,0,1,83456,0,NaN
3/13/2020,Chemung,0,0,0,1,83456,0,NaN
3/14/2020,Chemung,0,0,0,1,83456,0,NaN
3/15/2020,Chemung,0,0,1,2,83456,0,NaN
3/16/2020,Chemung,0,0,0,2,83456,0,NaN
3/17/2020,Chemung,0,0,0,2,83456,0,NaN
3/18/2020,Chemung,0,0,2,4,83456,0,NaN
3/19/2020,Chemung,0,0,6,10,83456,0,NaN
3/20/2020,Chemung,0,0,10,20,83456,0,NaN
3/21/2020,Chemung,0,0,2,22,83456,0,NaN
3/22/2020,Chemung,0,0,17,39,83456,0,NaN
3/23/2020,Chemung,1,1,17,56,83456,0,0
3/24/2020,Chemung,0,1,5,61,83456,0,0
3/25/2020,Chemung,6,7,57,118,83456,0,0
3/26/2020,Chemung,4,11,48,166,83456,0,0
3/27/2020,Chemung,1,12,48,214,83456,0,0
3/28/2020,Chemung,3,15,25,239,83456,0,0
3/29/2020,Chemung,0,15,7,246,83456,0,0
3/30/2020,Chemung,5,20,47,293,83456,0,0
3/31/2020,Chemung,2,22,42,335,83456,0,0
4/1/2020,Chemung,0,22,14,349,83456,0,0
4/2/2020,Chemung,13,35,84,433,83456,0,0
4/3/2020,Chemung,1,36,28,461,83456,0,0
4/4/2020,Chemung,2,38,35,496,83456,0,0
4/5/2020,Chemung,9,47,50,546,83456,0,0
4/6/2020,Chemung,2,49,22,568,83456,0,0
4/7/2020,Chemung,6,55,56,624,83456,0,0
4/8/2020,Chemung,4,59,38,662,83456,1,0.01694915254237288
4/9/2020,Chemung,0,59,39,701,83456,2,0.03389830508474576
4/10/2020,Chemung,1,60,26,727,83456,2,0.03333333333333333
4/11/2020,Chemung,0,60,6,733,83456,2,0.03333333333333333
4/12/2020,Chemung,0,60,9,742,83456,2,0.03333333333333333
4/13/2020,Chemung,4,64,40,782,83456,2,0.03125
4/14/2020,Chemung,5,69,43,825,83456,2,0.028985507246376812
4/15/2020,Chemung,1,70,18,843,83456,2,0.02857142857142857
4/16/2020,Chemung,1,71,9,852,83456,2,0.028169014084507043
4/17/2020,Chemung,1,72,32,884,83456,2,0.027777777777777776
4/18/2020,Chemung,1,73,15,899,83456,2,0.0273972602739726
4/19/2020,Chemung,0,73,17,916,83456,2,0.0273972602739726
4/20/2020,Chemung,2,75,32,948,83456,2,0.02666666666666667
4/21/2020,Chemung,0,75,38,986,83456,2,0.02666666666666667
4/22/2020,Chemung,1,76,29,1015,83456,2,0.02631578947368421
4/23/2020,Chemung,3,79,39,1054,83456,2,0.02531645569620253
4/24/2020,Chemung,24,103,228,1282,83456,2,0.019417475728155338
4/25/2020,Chemung,3,106,17,1299,83456,2,0.018867924528301886
4/26/2020,Chemung,2,108,20,1319,83456,2,0.018518518518518517
4/27/2020,Chemung,5,113,64,1383,83456,2,0.017699115044247787
4/28/2020,Chemung,6,119,96,1479,83456,2,0.01680672268907563
4/29/2020,Chemung,3,122,84,1563,83456,2,0.01639344262295082
4/30/2020,Chemung,1,123,54,1617,83456,2,0.016260162601626018
5/1/2020,Chemung,1,124,36,1653,83456,2,0.016129032258064516
5/2/2020,Chemung,1,125,26,1679,83456,2,0.016
5/3/2020,Chemung,1,126,244,1923,83456,2,0.015873015873015872
5/4/2020,Chemung,0,126,154,2077,83456,2,0.015873015873015872
5/5/2020,Chemung,2,128,143,2220,83456,2,0.015625
5/6/2020,Chemung,1,129,89,2309,83456,2,0.015503875968992248
5/7/2020,Chemung,1,130,46,2355,83456,2,0.015384615384615385
5/8/2020,Chemung,1,131,108,2463,83456,2,0.015267175572519083
5/9/2020,Chemung,0,131,125,2588,83456,2,0.015267175572519083
5/10/2020,Chemung,0,131,174,2762,83456,2,0.015267175572519083
5/11/2020,Chemung,0,131,68,2830,83456,2,0.015267175572519083
5/12/2020,Chemung,1,132,282,3112,83456,2,0.015151515151515152
5/13/2020,Chemung,0,132,312,3424,83456,2,0.015151515151515152
5/14/2020,Chemung,1,133,234,3658,83456,2,0.015037593984962405
5/15/2020,Chemung,1,134,240,3898,83456,2,0.014925373134328358
5/16/2020,Chemung,0,134,106,4004,83456,2,0.014925373134328358
5/17/2020,Chemung,0,134,68,4072,83456,2,0.014925373134328358
5/18/2020,Chemung,0,134,118,4190,83456,2,0.014925373134328358
5/19/2020,Chemung,0,134,113,4303,83456,2,0.014925373134328358
5/20/2020,Chemung,0,134,91,4394,83456,2,0.014925373134328358
5/21/2020,Chemung,1,135,141,4535,83456,2,0.014814814814814815
5/22/2020,Chemung,1,136,233,4768,83456,2,0.014705882352941176
5/23/2020,Chemung,0,136,215,4983,83456,2,0.014705882352941176
5/24/2020,Chemung,0,136,196,5179,83456,2,0.014705882352941176
5/25/2020,Chemung,0,136,96,5275,83456,2,0.014705882352941176
5/26/2020,Chemung,0,136,295,5570,83456,2,0.014705882352941176
5/27/2020,Chemung,0,136,63,5633,83456,2,0.014705882352941176
5/28/2020,Chemung,1,137,99,5732,83456,2,0.014598540145985401
5/29/2020,Chemung,0,137,451,6183,83456,2,0.014598540145985401
5/30/2020,Chemung,0,137,337,6520,83456,2,0.014598540145985401
5/31/2020,Chemung,0,137,73,6593,83456,2,0.014598540145985401
6/1/2020,Chemung,0,137,145,6738,83456,2,0.014598540145985401
6/2/2020,Chemung,0,137,247,6985,83456,2,0.014598540145985401
6/3/2020,Chemung,0,137,219,7204,83456,2,0.014598540145985401
6/4/2020,Chemung,0,137,114,7318,83456,2,0.014598540145985401
6/5/2020,Chemung,0,137,853,8171,83456,2,0.014598540145985401
6/6/2020,Chemung,0,137,263,8434,83456,2,0.014598540145985401
6/7/2020,Chemung,0,137,217,8651,83456,2,0.014598540145985401
6/8/2020,Chemung,1,138,544,9195,83456,2,0.014492753623188406
6/9/2020,Chemung,0,138,296,9491,83456,2,0.014492753623188406
6/10/2020,Chemung,0,138,437,9928,83456,2,0.014492753623188406
6/11/2020,Chemung,0,138,169,10097,83456,2,0.014492753623188406
6/12/2020,Chemung,0,138,380,10477,83456,2,0.014492753623188406
6/13/2020,Chemung,0,138,157,10634,83456,2,0.014492753623188406
6/14/2020,Chemung,0,138,106,10740,83456,2,0.014492753623188406
6/15/2020,Chemung,0,138,219,10959,83456,2,0.014492753623188406
6/16/2020,Chemung,0,138,325,11284,83456,2,0.014492753623188406
6/17/2020,Chemung,0,138,317,11601,83456,2,0.014492753623188406
6/18/2020,Chemung,1,139,372,11973,83456,2,0.014388489208633094
6/19/2020,Chemung,0,139,267,12240,83456,2,0.014388489208633094
6/20/2020,Chemung,0,139,108,12348,83456,2,0.014388489208633094
6/21/2020,Chemung,0,139,198,12546,83456,2,0.014388489208633094
6/22/2020,Chemung,0,139,237,12783,83456,2,0.014388489208633094
6/23/2020,Chemung,0,139,275,13058,83456,2,0.014388489208633094
6/24/2020,Chemung,0,139,306,13364,83456,2,0.014388489208633094
6/25/2020,Chemung,0,139,148,13512,83456,2,0.014388489208633094
6/26/2020,Chemung,0,139,340,13852,83456,2,0.014388489208633094
6/27/2020,Chemung,1,140,276,14128,83456,2,0.014285714285714285
6/28/2020,Chemung,0,140,231,14359,83456,2,0.014285714285714285
6/29/2020,Chemung,1,141,167,14526,83456,2,0.014184397163120567
6/30/2020,Chemung,3,144,278,14804,83456,2,0.013888888888888888
7/1/2020,Chemung,0,144,194,14998,83456,2,0.013888888888888888
7/2/2020,Chemung,1,145,205,15203,83456,2,0.013793103448275862
7/3/2020,Chemung,1,146,419,15622,83456,2,0.0136986301369863
7/4/2020,Chemung,0,146,257,15879,83456,2,0.0136986301369863
7/5/2020,Chemung,0,146,250,16129,83456,2,0.0136986301369863
7/6/2020,Chemung,1,147,244,16373,83456,2,0.013605442176870748
7/7/2020,Chemung,0,147,276,16649,83456,2,0.013605442176870748
7/8/2020,Chemung,1,148,179,16828,83456,2,0.013513513513513514
7/9/2020,Chemung,0,148,308,17136,83456,2,0.013513513513513514
7/10/2020,Chemung,0,148,268,17404,83456,2,0.013513513513513514
7/11/2020,Chemung,0,148,378,17782,83456,2,0.013513513513513514
7/12/2020,Chemung,0,148,190,17972,83456,2,0.013513513513513514
7/13/2020,Chemung,1,149,332,18304,83456,2,0.013422818791946308
7/14/2020,Chemung,2,151,464,18768,83456,2,0.013245033112582781
7/15/2020,Chemung,0,151,422,19190,83456,2,0.013245033112582781
7/16/2020,Chemung,0,151,473,19663,83456,2,0.013245033112582781
7/17/2020,Chemung,2,153,284,19947,83456,2,0.013071895424836602
7/18/2020,Chemung,1,154,213,20160,83456,2,0.012987012987012988
7/19/2020,Chemung,1,155,139,20299,83456,2,0.012903225806451613
7/20/2020,Chemung,0,155,188,20487,83456,2,0.012903225806451613
7/21/2020,Chemung,1,156,273,20760,83456,2,0.01282051282051282
7/22/2020,Chemung,1,157,506,21266,83456,2,0.012738853503184714
7/23/2020,Chemung,1,158,640,21906,83456,2,0.012658227848101266
7/24/2020,Chemung,2,160,336,22242,83456,2,0.0125
7/25/2020,Chemung,0,160,146,22388,83456,2,0.0125
7/26/2020,Chemung,0,160,109,22497,83456,2,0.0125
7/27/2020,Chemung,0,160,142,22639,83456,2,0.0125
7/28/2020,Chemung,1,161,413,23052,83456,2,0.012422360248447204
7/29/2020,Chemung,1,162,387,23439,83456,2,0.012345679012345678
7/30/2020,Chemung,1,163,409,23848,83456,2,0.012269938650306749
7/31/2020,Chemung,0,163,232,24080,83456,2,0.012269938650306749
8/1/2020,Chemung,0,163,196,24276,83456,2,0.012269938650306749
8/2/2020,Chemung,0,163,90,24366,83456,2,0.012269938650306749
8/3/2020,Chemung,0,163,101,24467,83456,2,0.012269938650306749
8/4/2020,Chemung,2,165,570,25037,83456,2,0.012121212121212121
8/5/2020,Chemung,0,165,417,25454,83456,2,0.012121212121212121
8/6/2020,Chemung,3,168,376,25830,83456,2,0.011904761904761904
8/7/2020,Chemung,3,171,387,26217,83456,2,0.011695906432748537
8/8/2020,Chemung,0,171,264,26481,83456,2,0.011695906432748537
8/9/2020,Chemung,1,172,181,26662,83456,2,0.011627906976744186
8/10/2020,Chemung,4,176,273,26935,83456,2,0.011363636363636364
8/11/2020,Chemung,1,177,443,27378,83456,2,0.011299435028248588
8/12/2020,Chemung,7,184,472,27850,83456,2,0.010869565217391304
8/13/2020,Chemung,3,187,396,28246,83456,2,0.0106951871657754
8/14/2020,Chemung,1,188,476,28722,83456,2,0.010638297872340425
8/15/2020,Chemung,1,189,253,28975,83456,2,0.010582010582010581
8/16/2020,Chemung,1,190,149,29124,83456,2,0.010526315789473684
8/17/2020,Chemung,0,190,155,29279,83456,2,0.010526315789473684
8/18/2020,Chemung,1,191,320,29599,83456,2,0.010471204188481676
8/19/2020,Chemung,2,193,247,29846,83456,2,0.010362694300518135
8/20/2020,Chemung,0,193,573,30419,83456,2,0.010362694300518135
8/21/2020,Chemung,1,194,407,30826,83456,2,0.010309278350515464
8/22/2020,Chemung,0,194,264,31090,83456,2,0.010309278350515464
8/23/2020,Chemung,0,194,164,31254,83456,2,0.010309278350515464
8/24/2020,Chemung,0,194,103,31357,83456,2,0.010309278350515464
8/25/2020,Chemung,0,194,430,31787,83456,2,0.010309278350515464
8/26/2020,Chemung,0,194,371,32158,83456,2,0.010309278350515464
8/27/2020,Chemung,2,196,525,32683,83456,2,0.01020408163265306
8/28/2020,Chemung,0,196,302,32985,83456,2,0.01020408163265306
8/29/2020,Chemung,4,200,218,33203,83456,2,0.01
8/30/2020,Chemung,3,203,146,33349,83456,2,0.009852216748768473
8/31/2020,Chemung,2,205,95,33444,83456,2,0.00975609756097561
9/1/2020,Chemung,0,205,338,33782,83456,2,0.00975609756097561
9/2/2020,Chemung,0,205,554,34336,83456,2,0.00975609756097561
9/3/2020,Chemung,1,206,243,34579,83456,2,0.009708737864077669
9/4/2020,Chemung,0,206,239,34818,83456,2,0.009708737864077669
9/5/2020,Chemung,2,208,176,34994,83456,2,0.009615384615384616
9/6/2020,Chemung,2,210,105,35099,83456,2,0.009523809523809525
9/7/2020,Chemung,1,211,141,35240,83456,2,0.009478672985781991
9/8/2020,Chemung,3,214,159,35399,83456,2,0.009345794392523364
9/9/2020,Chemung,4,218,677,36076,83456,2,0.009174311926605505
9/10/2020,Chemung,21,239,427,36503,83456,2,0.008368200836820083
9/11/2020,Chemung,8,247,379,36882,83456,2,0.008097165991902834
9/12/2020,Chemung,4,251,134,37016,83456,2,0.00796812749003984
9/13/2020,Chemung,0,251,325,37341,83456,2,0.00796812749003984
9/14/2020,Chemung,18,269,444,37785,83456,2,0.007434944237918215
9/15/2020,Chemung,6,275,365,38150,83456,2,0.007272727272727273
9/16/2020,Chemung,19,294,728,38878,83456,2,0.006802721088435374
9/17/2020,Chemung,11,305,653,39531,83456,2,0.006557377049180328
9/18/2020,Chemung,17,322,621,40152,83456,3,0.009316770186335404
9/19/2020,Chemung,8,330,273,40425,83456,3,0.00909090909090909
9/20/2020,Chemung,8,338,179,40604,83456,3,0.008875739644970414
9/21/2020,Chemung,11,349,243,40847,83456,3,0.008595988538681949
9/22/2020,Chemung,12,361,825,41672,83456,3,0.008310249307479225
9/23/2020,Chemung,26,387,750,42422,83456,3,0.007751937984496124
9/24/2020,Chemung,28,415,706,43128,83456,3,0.007228915662650603
9/25/2020,Chemung,25,440,599,43727,83456,4,0.00909090909090909
9/26/2020,Chemung,21,461,413,44140,83456,4,0.008676789587852495
9/27/2020,Chemung,9,470,152,44292,83456,4,0.00851063829787234
9/28/2020,Chemung,22,492,384,44676,83456,4,0.008130081300813009
9/29/2020,Chemung,18,510,582,45258,83456,4,0.00784313725490196
9/30/2020,Chemung,50,560,742,46000,83456,5,0.008928571428571428
10/1/2020,Chemung,31,591,590,46590,83456,5,0.008460236886632826
10/2/2020,Chemung,60,651,824,47414,83456,5,0.007680491551459293
10/3/2020,Chemung,70,721,744,48158,83456,5,0.006934812760055479
10/4/2020,Chemung,26,747,302,48460,83456,6,0.008032128514056224
10/5/2020,Chemung,38,785,499,48959,83456,6,0.007643312101910828
10/6/2020,Chemung,31,816,664,49623,83456,6,0.007352941176470588
10/7/2020,Chemung,39,855,869,50492,83456,6,0.007017543859649123
10/8/2020,Chemung,33,888,769,51261,83456,7,0.007882882882882882
10/9/2020,Chemung,41,929,930,52191,83456,7,0.007534983853606028
10/10/2020,Chemung,29,958,677,52868,83456,7,0.007306889352818371
10/11/2020,Chemung,27,985,401,53269,83456,7,0.007106598984771574
10/12/2020,Chemung,30,1015,491,53760,83456,7,0.006896551724137931
10/13/2020,Chemung,46,1061,815,54575,83456,7,0.006597549481621112
10/14/2020,Chemung,43,1104,604,55179,83456,7,0.006340579710144928
10/15/2020,Chemung,52,1156,994,56173,83456,7,0.006055363321799308
10/16/2020,Chemung,43,1199,792,56965,83456,8,0.006672226855713094
10/17/2020,Chemung,45,1244,808,57773,83456,8,0.006430868167202572
10/18/2020,Chemung,48,1292,429,58202,83456,9,0.00696594427244582
10/19/2020,Chemung,40,1332,482,58684,83456,9,0.006756756756756757
10/20/2020,Chemung,49,1381,942,59626,83456,9,0.0065170166545981175
10/21/2020,Chemung,75,1456,1127,60753,83456,9,0.006181318681318681
10/22/2020,Chemung,54,1510,1150,61903,83456,10,0.006622516556291391
10/23/2020,Chemung,34,1544,891,62794,83456,11,0.007124352331606218
10/24/2020,Chemung,96,1640,1206,64000,83456,11,0.006707317073170732
10/25/2020,Chemung,22,1662,311,64311,83456,13,0.007821901323706379
10/26/2020,Chemung,48,1710,687,64998,83456,15,0.008771929824561403
10/27/2020,Chemung,33,1743,575,65573,83456,15,0.008605851979345954
10/28/2020,Chemung,34,1777,995,66568,83456,17,0.009566685424873381
10/29/2020,Chemung,20,1797,913,67481,83456,17,0.009460211463550361
10/30/2020,Chemung,29,1826,606,68087,83456,17,0.009309967141292442
10/31/2020,Chemung,26,1852,754,68841,83456,17,0.0091792656587473
11/1/2020,Chemung,38,1890,391,69232,83456,17,0.008994708994708995
11/2/2020,Chemung,33,1923,448,69680,83456,19,0.009880395215808632
11/3/2020,Chemung,25,1948,637,70317,83456,19,0.009753593429158111
11/4/2020,Chemung,48,1996,863,71180,83456,19,0.009519038076152305
11/5/2020,Chemung,50,2046,1036,72216,83456,19,0.009286412512218964
11/6/2020,Chemung,50,2096,853,73069,83456,19,0.009064885496183206
11/7/2020,Chemung,30,2126,937,74006,83456,19,0.008936970837253057
11/8/2020,Chemung,9,2135,501,74507,83456,19,0.008899297423887589
11/9/2020,Chemung,22,2157,591,75098,83456,19,0.00880853036624942
11/10/2020,Chemung,40,2197,972,76070,83456,20,0.009103322712790168
11/11/2020,Chemung,44,2241,927,76997,83456,20,0.00892458723784025
11/12/2020,Chemung,39,2280,1242,78239,83456,23,0.010087719298245614
11/13/2020,Chemung,51,2331,979,79218,83456,24,0.010296010296010296
11/14/2020,Chemung,31,2362,903,80121,83456,26,0.01100762066045724
3/1/2020,Chenango,0,0,0,0,47207,0,NaN
3/2/2020,Chenango,0,0,0,0,47207,0,NaN
3/3/2020,Chenango,0,0,0,0,47207,0,NaN
3/4/2020,Chenango,0,0,0,0,47207,0,NaN
3/5/2020,Chenango,0,0,0,0,47207,0,NaN
3/6/2020,Chenango,0,0,0,0,47207,0,NaN
3/7/2020,Chenango,0,0,0,0,47207,0,NaN
3/8/2020,Chenango,0,0,0,0,47207,0,NaN
3/9/2020,Chenango,0,0,0,0,47207,0,NaN
3/10/2020,Chenango,0,0,0,0,47207,0,NaN
3/11/2020,Chenango,0,0,0,0,47207,0,NaN
3/12/2020,Chenango,0,0,0,0,47207,0,NaN
3/13/2020,Chenango,0,0,0,0,47207,0,NaN
3/14/2020,Chenango,0,0,0,0,47207,0,NaN
3/15/2020,Chenango,0,0,1,1,47207,0,NaN
3/16/2020,Chenango,0,0,2,3,47207,0,NaN
3/17/2020,Chenango,1,1,1,4,47207,0,0
3/18/2020,Chenango,1,2,1,5,47207,0,0
3/19/2020,Chenango,0,2,0,5,47207,0,0
3/20/2020,Chenango,0,2,4,9,47207,0,0
3/21/2020,Chenango,1,3,4,13,47207,0,0
3/22/2020,Chenango,0,3,2,15,47207,0,0
3/23/2020,Chenango,0,3,3,18,47207,0,0
3/24/2020,Chenango,0,3,6,24,47207,0,0
3/25/2020,Chenango,0,3,1,25,47207,0,0
3/26/2020,Chenango,1,4,6,31,47207,0,0
3/27/2020,Chenango,4,8,13,44,47207,0,0
3/28/2020,Chenango,7,15,15,59,47207,0,0
3/29/2020,Chenango,2,17,7,66,47207,0,0
3/30/2020,Chenango,2,19,9,75,47207,0,0
3/31/2020,Chenango,7,26,20,95,47207,0,0
4/1/2020,Chenango,2,28,16,111,47207,0,0
4/2/2020,Chenango,4,32,17,128,47207,0,0
4/3/2020,Chenango,7,39,40,168,47207,0,0
4/4/2020,Chenango,4,43,17,185,47207,0,0
4/5/2020,Chenango,3,46,27,212,47207,0,0
4/6/2020,Chenango,5,51,42,254,47207,0,0
4/7/2020,Chenango,2,53,11,265,47207,0,0
4/8/2020,Chenango,2,55,21,286,47207,0,0
4/9/2020,Chenango,5,60,29,315,47207,0,0
4/10/2020,Chenango,1,61,17,332,47207,0,0
4/11/2020,Chenango,2,63,12,344,47207,0,0
4/12/2020,Chenango,2,65,17,361,47207,0,0
4/13/2020,Chenango,3,68,36,397,47207,0,0
4/14/2020,Chenango,3,71,17,414,47207,0,0
4/15/2020,Chenango,2,73,21,435,47207,0,0
4/16/2020,Chenango,3,76,16,451,47207,0,0
4/17/2020,Chenango,1,77,11,462,47207,0,0
4/18/2020,Chenango,1,78,13,475,47207,0,0
4/19/2020,Chenango,0,78,11,486,47207,0,0
4/20/2020,Chenango,1,79,7,493,47207,0,0
4/21/2020,Chenango,0,79,17,510,47207,0,0
4/22/2020,Chenango,3,82,20,530,47207,0,0
4/23/2020,Chenango,2,84,20,550,47207,0,0
4/24/2020,Chenango,7,91,144,694,47207,0,0
4/25/2020,Chenango,2,93,19,713,47207,0,0
4/26/2020,Chenango,2,95,23,736,47207,0,0
4/27/2020,Chenango,0,95,10,746,47207,0,0
4/28/2020,Chenango,1,96,18,764,47207,0,0
4/29/2020,Chenango,2,98,25,789,47207,0,0
4/30/2020,Chenango,1,99,21,810,47207,0,0
5/1/2020,Chenango,0,99,35,845,47207,1,0.010101010101010102
5/2/2020,Chenango,0,99,36,881,47207,1,0.010101010101010102
5/3/2020,Chenango,1,100,50,931,47207,1,0.01
5/4/2020,Chenango,0,100,42,973,47207,1,0.01
5/5/2020,Chenango,2,102,51,1024,47207,1,0.00980392156862745
5/6/2020,Chenango,3,105,50,1074,47207,3,0.02857142857142857
5/7/2020,Chenango,0,105,26,1100,47207,3,0.02857142857142857
5/8/2020,Chenango,4,109,181,1281,47207,3,0.027522935779816515
5/9/2020,Chenango,0,109,45,1326,47207,3,0.027522935779816515
5/10/2020,Chenango,2,111,107,1433,47207,3,0.02702702702702703
5/11/2020,Chenango,1,112,197,1630,47207,3,0.026785714285714284
5/12/2020,Chenango,0,112,83,1713,47207,3,0.026785714285714284
5/13/2020,Chenango,0,112,41,1754,47207,3,0.026785714285714284
5/14/2020,Chenango,1,113,45,1799,47207,3,0.02654867256637168
5/15/2020,Chenango,2,115,54,1853,47207,3,0.02608695652173913
5/16/2020,Chenango,2,117,50,1903,47207,3,0.02564102564102564
5/17/2020,Chenango,1,118,62,1965,47207,3,0.025423728813559324
5/18/2020,Chenango,0,118,67,2032,47207,3,0.025423728813559324
5/19/2020,Chenango,0,118,54,2086,47207,3,0.025423728813559324
5/20/2020,Chenango,0,118,150,2236,47207,3,0.025423728813559324
5/21/2020,Chenango,0,118,219,2455,47207,3,0.025423728813559324
5/22/2020,Chenango,0,118,143,2598,47207,4,0.03389830508474576
5/23/2020,Chenango,0,118,226,2824,47207,5,0.0423728813559322
5/24/2020,Chenango,1,119,217,3041,47207,5,0.04201680672268908
5/25/2020,Chenango,4,123,221,3262,47207,5,0.04065040650406504
5/26/2020,Chenango,2,125,122,3384,47207,5,0.04
5/27/2020,Chenango,1,126,139,3523,47207,5,0.03968253968253968
5/28/2020,Chenango,4,130,168,3691,47207,5,0.038461538461538464
5/29/2020,Chenango,2,132,199,3890,47207,5,0.03787878787878788
5/30/2020,Chenango,1,133,404,4294,47207,5,0.03759398496240601
5/31/2020,Chenango,0,133,173,4467,47207,5,0.03759398496240601
6/1/2020,Chenango,0,133,190,4657,47207,5,0.03759398496240601
6/2/2020,Chenango,0,133,245,4902,47207,5,0.03759398496240601
6/3/2020,Chenango,0,133,193,5095,47207,5,0.03759398496240601
6/4/2020,Chenango,0,133,329,5424,47207,5,0.03759398496240601
6/5/2020,Chenango,0,133,252,5676,47207,5,0.03759398496240601
6/6/2020,Chenango,1,134,233,5909,47207,5,0.03731343283582089
6/7/2020,Chenango,1,135,313,6222,47207,5,0.037037037037037035
6/8/2020,Chenango,0,135,177,6399,47207,5,0.037037037037037035
6/9/2020,Chenango,2,137,234,6633,47207,6,0.043795620437956206
6/10/2020,Chenango,0,137,264,6897,47207,6,0.043795620437956206
6/11/2020,Chenango,1,138,273,7170,47207,6,0.043478260869565216
6/12/2020,Chenango,0,138,188,7358,47207,6,0.043478260869565216
6/13/2020,Chenango,0,138,219,7577,47207,6,0.043478260869565216
6/14/2020,Chenango,0,138,79,7656,47207,6,0.043478260869565216
6/15/2020,Chenango,1,139,213,7869,47207,6,0.04316546762589928
6/16/2020,Chenango,0,139,175,8044,47207,6,0.04316546762589928
6/17/2020,Chenango,0,139,281,8325,47207,6,0.04316546762589928
6/18/2020,Chenango,0,139,359,8684,47207,6,0.04316546762589928
6/19/2020,Chenango,0,139,169,8853,47207,6,0.04316546762589928
6/20/2020,Chenango,0,139,348,9201,47207,6,0.04316546762589928
6/21/2020,Chenango,1,140,134,9335,47207,6,0.04285714285714286
6/22/2020,Chenango,1,141,273,9608,47207,6,0.0425531914893617
6/23/2020,Chenango,1,142,83,9691,47207,6,0.04225352112676056
6/24/2020,Chenango,2,144,217,9908,47207,6,0.041666666666666664
6/25/2020,Chenango,1,145,300,10208,47207,6,0.041379310344827586
6/26/2020,Chenango,1,146,199,10407,47207,6,0.0410958904109589
6/27/2020,Chenango,0,146,234,10641,47207,6,0.0410958904109589
6/28/2020,Chenango,0,146,162,10803,47207,6,0.0410958904109589
6/29/2020,Chenango,0,146,104,10907,47207,6,0.0410958904109589
6/30/2020,Chenango,0,146,119,11026,47207,6,0.0410958904109589
7/1/2020,Chenango,2,148,231,11257,47207,6,0.04054054054054054
7/2/2020,Chenango,0,148,256,11513,47207,6,0.04054054054054054
7/3/2020,Chenango,1,149,115,11628,47207,6,0.040268456375838924
7/4/2020,Chenango,1,150,89,11717,47207,6,0.04
7/5/2020,Chenango,6,156,433,12150,47207,6,0.038461538461538464
7/6/2020,Chenango,1,157,225,12375,47207,6,0.03821656050955414
7/7/2020,Chenango,2,159,83,12458,47207,6,0.03773584905660377
7/8/2020,Chenango,4,163,87,12545,47207,6,0.03680981595092025
7/9/2020,Chenango,3,166,208,12753,47207,6,0.03614457831325301
7/10/2020,Chenango,0,166,133,12886,47207,6,0.03614457831325301
7/11/2020,Chenango,0,166,162,13048,47207,6,0.03614457831325301
7/12/2020,Chenango,3,169,188,13236,47207,6,0.03550295857988166
7/13/2020,Chenango,2,171,282,13518,47207,6,0.03508771929824561
7/14/2020,Chenango,4,175,209,13727,47207,6,0.03428571428571429
7/15/2020,Chenango,3,178,129,13856,47207,6,0.033707865168539325
7/16/2020,Chenango,3,181,197,14053,47207,6,0.03314917127071823
7/17/2020,Chenango,1,182,173,14226,47207,6,0.03296703296703297
7/18/2020,Chenango,0,182,112,14338,47207,6,0.03296703296703297
7/19/2020,Chenango,2,184,134,14472,47207,6,0.03260869565217391
7/20/2020,Chenango,4,188,175,14647,47207,6,0.031914893617021274
7/21/2020,Chenango,3,191,306,14953,47207,6,0.031413612565445025
7/22/2020,Chenango,3,194,204,15157,47207,6,0.030927835051546393
7/23/2020,Chenango,2,196,212,15369,47207,6,0.030612244897959183
7/24/2020,Chenango,7,203,220,15589,47207,6,0.029556650246305417
7/25/2020,Chenango,0,203,102,15691,47207,6,0.029556650246305417
7/26/2020,Chenango,0,203,249,15940,47207,6,0.029556650246305417
7/27/2020,Chenango,0,203,92,16032,47207,6,0.029556650246305417
7/28/2020,Chenango,2,205,147,16179,47207,6,0.02926829268292683
7/29/2020,Chenango,1,206,108,16287,47207,6,0.02912621359223301
7/30/2020,Chenango,1,207,189,16476,47207,6,0.028985507246376812
7/31/2020,Chenango,2,209,193,16669,47207,6,0.028708133971291867
8/1/2020,Chenango,2,211,289,16958,47207,6,0.02843601895734597
8/2/2020,Chenango,0,211,206,17164,47207,6,0.02843601895734597
8/3/2020,Chenango,1,212,111,17275,47207,6,0.02830188679245283
8/4/2020,Chenango,0,212,179,17454,47207,6,0.02830188679245283
8/5/2020,Chenango,0,212,95,17549,47207,6,0.02830188679245283
8/6/2020,Chenango,3,215,213,17762,47207,6,0.027906976744186046
8/7/2020,Chenango,0,215,155,17917,47207,6,0.027906976744186046
8/8/2020,Chenango,1,216,165,18082,47207,6,0.027777777777777776
8/9/2020,Chenango,0,216,122,18204,47207,6,0.027777777777777776
8/10/2020,Chenango,2,218,520,18724,47207,6,0.027522935779816515
8/11/2020,Chenango,0,218,95,18819,47207,6,0.027522935779816515
8/12/2020,Chenango,0,218,158,18977,47207,6,0.027522935779816515
8/13/2020,Chenango,0,218,185,19162,47207,6,0.027522935779816515
8/14/2020,Chenango,0,218,227,19389,47207,6,0.027522935779816515
8/15/2020,Chenango,0,218,278,19667,47207,6,0.027522935779816515
8/16/2020,Chenango,0,218,249,19916,47207,6,0.027522935779816515
8/17/2020,Chenango,0,218,173,20089,47207,6,0.027522935779816515
8/18/2020,Chenango,0,218,183,20272,47207,6,0.027522935779816515
8/19/2020,Chenango,1,219,144,20416,47207,6,0.0273972602739726
8/20/2020,Chenango,3,222,419,20835,47207,6,0.02702702702702703
8/21/2020,Chenango,1,223,280,21115,47207,6,0.026905829596412557
8/22/2020,Chenango,0,223,131,21246,47207,6,0.026905829596412557
8/23/2020,Chenango,0,223,119,21365,47207,6,0.026905829596412557
8/24/2020,Chenango,0,223,144,21509,47207,6,0.026905829596412557
8/25/2020,Chenango,0,223,144,21653,47207,6,0.026905829596412557
8/26/2020,Chenango,1,224,173,21826,47207,6,0.026785714285714284
8/27/2020,Chenango,0,224,361,22187,47207,6,0.026785714285714284
8/28/2020,Chenango,1,225,290,22477,47207,6,0.02666666666666667
8/29/2020,Chenango,2,227,210,22687,47207,6,0.02643171806167401
8/30/2020,Chenango,1,228,153,22840,47207,6,0.02631578947368421
8/31/2020,Chenango,1,229,349,23189,47207,6,0.026200873362445413
9/1/2020,Chenango,0,229,158,23347,47207,6,0.026200873362445413
9/2/2020,Chenango,1,230,134,23481,47207,6,0.02608695652173913
9/3/2020,Chenango,1,231,164,23645,47207,6,0.025974025974025976
9/4/2020,Chenango,2,233,330,23975,47207,6,0.02575107296137339
9/5/2020,Chenango,2,235,176,24151,47207,6,0.02553191489361702
9/6/2020,Chenango,0,235,294,24445,47207,6,0.02553191489361702
9/7/2020,Chenango,4,239,187,24632,47207,6,0.02510460251046025
9/8/2020,Chenango,1,240,80,24712,47207,6,0.025
9/9/2020,Chenango,2,242,120,24832,47207,6,0.024793388429752067
9/10/2020,Chenango,2,244,232,25064,47207,6,0.02459016393442623
9/11/2020,Chenango,1,245,446,25510,47207,6,0.024489795918367346
9/12/2020,Chenango,0,245,314,25824,47207,6,0.024489795918367346
9/13/2020,Chenango,0,245,255,26079,47207,6,0.024489795918367346
9/14/2020,Chenango,0,245,93,26172,47207,6,0.024489795918367346
9/15/2020,Chenango,0,245,92,26264,47207,6,0.024489795918367346
9/16/2020,Chenango,0,245,218,26482,47207,6,0.024489795918367346
9/17/2020,Chenango,3,248,223,26705,47207,6,0.024193548387096774
9/18/2020,Chenango,0,248,338,27043,47207,6,0.024193548387096774
9/19/2020,Chenango,0,248,283,27326,47207,6,0.024193548387096774
9/20/2020,Chenango,0,248,173,27499,47207,6,0.024193548387096774
9/21/2020,Chenango,0,248,87,27586,47207,6,0.024193548387096774
9/22/2020,Chenango,0,248,107,27693,47207,6,0.024193548387096774
9/23/2020,Chenango,0,248,161,27854,47207,6,0.024193548387096774
9/24/2020,Chenango,0,248,166,28020,47207,6,0.024193548387096774
9/25/2020,Chenango,1,249,457,28477,47207,6,0.024096385542168676
9/26/2020,Chenango,0,249,186,28663,47207,6,0.024096385542168676
9/27/2020,Chenango,2,251,103,28766,47207,6,0.02390438247011952
9/28/2020,Chenango,0,251,111,28877,47207,6,0.02390438247011952
9/29/2020,Chenango,2,253,174,29051,47207,6,0.023715415019762844
9/30/2020,Chenango,0,253,157,29208,47207,6,0.023715415019762844
10/1/2020,Chenango,4,257,262,29470,47207,6,0.023346303501945526
10/2/2020,Chenango,2,259,457,29927,47207,6,0.023166023166023165
10/3/2020,Chenango,2,261,298,30225,47207,6,0.022988505747126436
10/4/2020,Chenango,1,262,148,30373,47207,6,0.022900763358778626
10/5/2020,Chenango,1,263,78,30451,47207,6,0.022813688212927757
10/6/2020,Chenango,2,265,98,30549,47207,6,0.022641509433962263
10/7/2020,Chenango,2,267,247,30796,47207,6,0.02247191011235955
10/8/2020,Chenango,1,268,295,31091,47207,6,0.022388059701492536
10/9/2020,Chenango,3,271,312,31403,47207,6,0.02214022140221402
10/10/2020,Chenango,4,275,247,31650,47207,6,0.02181818181818182
10/11/2020,Chenango,2,277,400,32050,47207,6,0.021660649819494584
10/12/2020,Chenango,3,280,189,32239,47207,6,0.02142857142857143
10/13/2020,Chenango,10,290,93,32332,47207,6,0.020689655172413793
10/14/2020,Chenango,1,291,267,32599,47207,6,0.020618556701030927
10/15/2020,Chenango,3,294,297,32896,47207,6,0.02040816326530612
10/16/2020,Chenango,10,304,389,33285,47207,6,0.019736842105263157
10/17/2020,Chenango,9,313,281,33566,47207,6,0.019169329073482427
10/18/2020,Chenango,17,330,337,33903,47207,6,0.01818181818181818
10/19/2020,Chenango,1,331,233,34136,47207,6,0.01812688821752266
10/20/2020,Chenango,6,337,114,34250,47207,6,0.017804154302670624
10/21/2020,Chenango,10,347,198,34448,47207,6,0.01729106628242075
10/22/2020,Chenango,11,358,205,34653,47207,6,0.01675977653631285
10/23/2020,Chenango,7,365,356,35009,47207,6,0.01643835616438356
10/24/2020,Chenango,16,381,447,35456,47207,6,0.015748031496062992
10/25/2020,Chenango,5,386,198,35654,47207,6,0.015544041450777202
10/26/2020,Chenango,2,388,120,35774,47207,6,0.015463917525773196
10/27/2020,Chenango,9,397,404,36178,47207,6,0.015113350125944584
10/28/2020,Chenango,11,408,438,36616,47207,7,0.01715686274509804
10/29/2020,Chenango,5,413,174,36790,47207,7,0.01694915254237288
10/30/2020,Chenango,6,419,324,37114,47207,7,0.016706443914081145
10/31/2020,Chenango,6,425,317,37431,47207,7,0.01647058823529412
11/1/2020,Chenango,3,428,253,37684,47207,7,0.016355140186915886
11/2/2020,Chenango,2,430,207,37891,47207,7,0.01627906976744186
11/3/2020,Chenango,2,432,151,38042,47207,7,0.016203703703703703
11/4/2020,Chenango,11,443,333,38375,47207,7,0.01580135440180587
11/5/2020,Chenango,6,449,383,38758,47207,7,0.015590200445434299
11/6/2020,Chenango,6,455,401,39159,47207,7,0.015384615384615385
11/7/2020,Chenango,5,460,205,39364,47207,7,0.015217391304347827
11/8/2020,Chenango,8,468,159,39523,47207,7,0.014957264957264958
11/9/2020,Chenango,4,472,245,39768,47207,7,0.014830508474576272
11/10/2020,Chenango,5,477,316,40084,47207,7,0.014675052410901468
11/11/2020,Chenango,3,480,287,40371,47207,7,0.014583333333333334
11/12/2020,Chenango,9,489,327,40698,47207,7,0.014314928425357873
11/13/2020,Chenango,6,495,302,41000,47207,7,0.014141414141414142
11/14/2020,Chenango,6,501,145,41145,47207,7,0.013972055888223553
3/1/2020,Clinton,0,0,0,0,80485,0,NaN
3/2/2020,Clinton,0,0,0,0,80485,0,NaN
3/3/2020,Clinton,0,0,0,0,80485,0,NaN
3/4/2020,Clinton,0,0,0,0,80485,0,NaN
3/5/2020,Clinton,0,0,0,0,80485,0,NaN
3/6/2020,Clinton,0,0,0,0,80485,0,NaN
3/7/2020,Clinton,0,0,0,0,80485,0,NaN
3/8/2020,Clinton,0,0,0,0,80485,0,NaN
3/9/2020,Clinton,0,0,0,0,80485,0,NaN
3/10/2020,Clinton,0,0,0,0,80485,0,NaN
3/11/2020,Clinton,0,0,4,4,80485,0,NaN
3/12/2020,Clinton,0,0,3,7,80485,0,NaN
3/13/2020,Clinton,0,0,1,8,80485,0,NaN
3/14/2020,Clinton,0,0,1,9,80485,0,NaN
3/15/2020,Clinton,0,0,0,9,80485,0,NaN
3/16/2020,Clinton,1,1,1,10,80485,0,0
3/17/2020,Clinton,0,1,3,13,80485,0,0
3/18/2020,Clinton,1,2,21,34,80485,0,0
3/19/2020,Clinton,0,2,9,43,80485,0,0
3/20/2020,Clinton,2,4,12,55,80485,0,0
3/21/2020,Clinton,0,4,2,57,80485,0,0
3/22/2020,Clinton,2,6,12,69,80485,0,0
3/23/2020,Clinton,2,8,17,86,80485,0,0
3/24/2020,Clinton,2,10,14,100,80485,0,0
3/25/2020,Clinton,1,11,16,116,80485,0,0
3/26/2020,Clinton,0,11,6,122,80485,0,0
3/27/2020,Clinton,1,12,22,144,80485,0,0
3/28/2020,Clinton,1,13,18,162,80485,0,0
3/29/2020,Clinton,4,17,19,181,80485,0,0
3/30/2020,Clinton,4,21,9,190,80485,0,0
3/31/2020,Clinton,4,25,21,211,80485,0,0
4/1/2020,Clinton,0,25,5,216,80485,0,0
4/2/2020,Clinton,5,30,16,232,80485,0,0
4/3/2020,Clinton,1,31,11,243,80485,0,0
4/4/2020,Clinton,2,33,23,266,80485,0,0
4/5/2020,Clinton,3,36,14,280,80485,0,0
4/6/2020,Clinton,1,37,16,296,80485,0,0
4/7/2020,Clinton,2,39,25,321,80485,0,0
4/8/2020,Clinton,1,40,25,346,80485,0,0
4/9/2020,Clinton,3,43,17,363,80485,0,0
4/10/2020,Clinton,0,43,23,386,80485,0,0
4/11/2020,Clinton,0,43,25,411,80485,0,0
4/12/2020,Clinton,1,44,9,420,80485,2,0.045454545454545456
4/13/2020,Clinton,1,45,23,443,80485,3,0.06666666666666667
4/14/2020,Clinton,0,45,8,451,80485,3,0.06666666666666667
4/15/2020,Clinton,1,46,17,468,80485,3,0.06521739130434782
4/16/2020,Clinton,1,47,21,489,80485,3,0.06382978723404255
4/17/2020,Clinton,1,48,16,505,80485,3,0.0625
4/18/2020,Clinton,1,49,12,517,80485,3,0.061224489795918366
4/19/2020,Clinton,2,51,10,527,80485,3,0.058823529411764705
4/20/2020,Clinton,0,51,17,544,80485,3,0.058823529411764705
4/21/2020,Clinton,0,51,4,548,80485,3,0.058823529411764705
4/22/2020,Clinton,1,52,11,559,80485,3,0.057692307692307696
4/23/2020,Clinton,1,53,14,573,80485,4,0.07547169811320754
4/24/2020,Clinton,1,54,39,612,80485,4,0.07407407407407407
4/25/2020,Clinton,3,57,28,640,80485,4,0.07017543859649122
4/26/2020,Clinton,2,59,30,670,80485,4,0.06779661016949153
4/27/2020,Clinton,0,59,15,685,80485,4,0.06779661016949153
4/28/2020,Clinton,0,59,23,708,80485,4,0.06779661016949153
4/29/2020,Clinton,0,59,40,748,80485,4,0.06779661016949153
4/30/2020,Clinton,2,61,48,796,80485,4,0.06557377049180328
5/1/2020,Clinton,1,62,35,831,80485,4,0.06451612903225806
5/2/2020,Clinton,4,66,33,864,80485,4,0.06060606060606061
5/3/2020,Clinton,2,68,21,885,80485,4,0.058823529411764705
5/4/2020,Clinton,1,69,27,912,80485,4,0.057971014492753624
5/5/2020,Clinton,0,69,25,937,80485,4,0.057971014492753624
5/6/2020,Clinton,0,69,22,959,80485,4,0.057971014492753624
5/7/2020,Clinton,5,74,72,1031,80485,4,0.05405405405405406
5/8/2020,Clinton,2,76,27,1058,80485,4,0.05263157894736842
5/9/2020,Clinton,0,76,33,1091,80485,4,0.05263157894736842
5/10/2020,Clinton,0,76,53,1144,80485,4,0.05263157894736842
5/11/2020,Clinton,1,77,38,1182,80485,4,0.05194805194805195
5/12/2020,Clinton,1,78,53,1235,80485,4,0.05128205128205128
5/13/2020,Clinton,3,81,123,1358,80485,4,0.04938271604938271
5/14/2020,Clinton,4,85,126,1484,80485,4,0.047058823529411764
5/15/2020,Clinton,6,91,150,1634,80485,4,0.04395604395604396
5/16/2020,Clinton,1,92,88,1722,80485,4,0.043478260869565216
5/17/2020,Clinton,2,94,155,1877,80485,4,0.0425531914893617
5/18/2020,Clinton,0,94,59,1936,80485,4,0.0425531914893617
5/19/2020,Clinton,0,94,58,1994,80485,4,0.0425531914893617
5/20/2020,Clinton,0,94,204,2198,80485,4,0.0425531914893617
5/21/2020,Clinton,0,94,131,2329,80485,4,0.0425531914893617
5/22/2020,Clinton,1,95,135,2464,80485,4,0.042105263157894736
5/23/2020,Clinton,0,95,131,2595,80485,4,0.042105263157894736
5/24/2020,Clinton,0,95,70,2665,80485,4,0.042105263157894736
5/25/2020,Clinton,0,95,108,2773,80485,4,0.042105263157894736
5/26/2020,Clinton,0,95,51,2824,80485,4,0.042105263157894736
5/27/2020,Clinton,0,95,201,3025,80485,4,0.042105263157894736
5/28/2020,Clinton,0,95,226,3251,80485,4,0.042105263157894736
5/29/2020,Clinton,0,95,441,3692,80485,4,0.042105263157894736
5/30/2020,Clinton,0,95,329,4021,80485,4,0.042105263157894736
5/31/2020,Clinton,1,96,146,4167,80485,4,0.041666666666666664
6/1/2020,Clinton,1,97,147,4314,80485,4,0.041237113402061855
6/2/2020,Clinton,0,97,309,4623,80485,4,0.041237113402061855
6/3/2020,Clinton,0,97,632,5255,80485,4,0.041237113402061855
6/4/2020,Clinton,0,97,319,5574,80485,4,0.041237113402061855
6/5/2020,Clinton,0,97,421,5995,80485,4,0.041237113402061855
6/6/2020,Clinton,0,97,305,6300,80485,4,0.041237113402061855
6/7/2020,Clinton,0,97,220,6520,80485,4,0.041237113402061855
6/8/2020,Clinton,0,97,105,6625,80485,4,0.041237113402061855
6/9/2020,Clinton,0,97,306,6931,80485,4,0.041237113402061855
6/10/2020,Clinton,1,98,268,7199,80485,4,0.04081632653061224
6/11/2020,Clinton,0,98,350,7549,80485,4,0.04081632653061224
6/12/2020,Clinton,0,98,285,7834,80485,4,0.04081632653061224
6/13/2020,Clinton,0,98,187,8021,80485,4,0.04081632653061224
6/14/2020,Clinton,0,98,137,8158,80485,4,0.04081632653061224
6/15/2020,Clinton,1,99,225,8383,80485,4,0.04040404040404041
6/16/2020,Clinton,0,99,242,8625,80485,4,0.04040404040404041
6/17/2020,Clinton,0,99,252,8877,80485,4,0.04040404040404041
6/18/2020,Clinton,0,99,251,9128,80485,4,0.04040404040404041
6/19/2020,Clinton,1,100,325,9453,80485,4,0.04
6/20/2020,Clinton,0,100,112,9565,80485,4,0.04
6/21/2020,Clinton,0,100,192,9757,80485,4,0.04
6/22/2020,Clinton,0,100,167,9924,80485,4,0.04
6/23/2020,Clinton,0,100,184,10108,80485,4,0.04
6/24/2020,Clinton,1,101,312,10420,80485,4,0.039603960396039604
6/25/2020,Clinton,0,101,153,10573,80485,4,0.039603960396039604
6/26/2020,Clinton,0,101,264,10837,80485,4,0.039603960396039604
6/27/2020,Clinton,0,101,226,11063,80485,4,0.039603960396039604
6/28/2020,Clinton,0,101,160,11223,80485,4,0.039603960396039604
6/29/2020,Clinton,0,101,133,11356,80485,4,0.039603960396039604
6/30/2020,Clinton,0,101,287,11643,80485,4,0.039603960396039604
7/1/2020,Clinton,0,101,254,11897,80485,4,0.039603960396039604
7/2/2020,Clinton,0,101,156,12053,80485,4,0.039603960396039604
7/3/2020,Clinton,0,101,114,12167,80485,4,0.039603960396039604
7/4/2020,Clinton,2,103,183,12350,80485,4,0.038834951456310676
7/5/2020,Clinton,0,103,140,12490,80485,4,0.038834951456310676
7/6/2020,Clinton,2,105,295,12785,80485,4,0.0380952380952381
7/7/2020,Clinton,1,106,186,12971,80485,4,0.03773584905660377
7/8/2020,Clinton,1,107,339,13310,80485,4,0.037383177570093455
7/9/2020,Clinton,0,107,278,13588,80485,4,0.037383177570093455
7/10/2020,Clinton,1,108,211,13799,80485,4,0.037037037037037035
7/11/2020,Clinton,1,109,190,13989,80485,4,0.03669724770642202
7/12/2020,Clinton,0,109,178,14167,80485,4,0.03669724770642202
7/13/2020,Clinton,1,110,280,14447,80485,4,0.03636363636363636
7/14/2020,Clinton,1,111,215,14662,80485,4,0.036036036036036036
7/15/2020,Clinton,0,111,261,14923,80485,4,0.036036036036036036
7/16/2020,Clinton,0,111,236,15159,80485,4,0.036036036036036036
7/17/2020,Clinton,0,111,357,15516,80485,4,0.036036036036036036
7/18/2020,Clinton,2,113,145,15661,80485,4,0.035398230088495575
7/19/2020,Clinton,0,113,134,15795,80485,4,0.035398230088495575
7/20/2020,Clinton,1,114,339,16134,80485,4,0.03508771929824561
7/21/2020,Clinton,0,114,264,16398,80485,4,0.03508771929824561
7/22/2020,Clinton,0,114,317,16715,80485,4,0.03508771929824561
7/23/2020,Clinton,3,117,285,17000,80485,4,0.03418803418803419
7/24/2020,Clinton,2,119,334,17334,80485,4,0.03361344537815126
7/25/2020,Clinton,1,120,368,17702,80485,4,0.03333333333333333
7/26/2020,Clinton,0,120,183,17885,80485,4,0.03333333333333333
7/27/2020,Clinton,3,123,395,18280,80485,4,0.032520325203252036
7/28/2020,Clinton,0,123,129,18409,80485,4,0.032520325203252036
7/29/2020,Clinton,2,125,307,18716,80485,4,0.032
7/30/2020,Clinton,1,126,158,18874,80485,4,0.031746031746031744
7/31/2020,Clinton,1,127,297,19171,80485,4,0.031496062992125984
8/1/2020,Clinton,0,127,381,19552,80485,4,0.031496062992125984
8/2/2020,Clinton,0,127,184,19736,80485,4,0.031496062992125984
8/3/2020,Clinton,0,127,309,20045,80485,4,0.031496062992125984
8/4/2020,Clinton,0,127,164,20209,80485,4,0.031496062992125984
8/5/2020,Clinton,0,127,116,20325,80485,4,0.031496062992125984
8/6/2020,Clinton,0,127,134,20459,80485,4,0.031496062992125984
8/7/2020,Clinton,0,127,338,20797,80485,4,0.031496062992125984
8/8/2020,Clinton,0,127,226,21023,80485,4,0.031496062992125984
8/9/2020,Clinton,1,128,252,21275,80485,4,0.03125
8/10/2020,Clinton,1,129,374,21649,80485,4,0.031007751937984496
8/11/2020,Clinton,0,129,139,21788,80485,4,0.031007751937984496
8/12/2020,Clinton,0,129,230,22018,80485,4,0.031007751937984496
8/13/2020,Clinton,1,130,151,22169,80485,4,0.03076923076923077
8/14/2020,Clinton,1,131,257,22426,80485,4,0.030534351145038167
8/15/2020,Clinton,1,132,287,22713,80485,4,0.030303030303030304
8/16/2020,Clinton,1,133,109,22822,80485,4,0.03007518796992481
8/17/2020,Clinton,1,134,363,23185,80485,4,0.029850746268656716
8/18/2020,Clinton,0,134,213,23398,80485,4,0.029850746268656716
8/19/2020,Clinton,1,135,170,23568,80485,4,0.02962962962962963
8/20/2020,Clinton,1,136,265,23833,80485,4,0.029411764705882353
8/21/2020,Clinton,5,141,335,24168,80485,5,0.03546099290780142
8/22/2020,Clinton,0,141,254,24422,80485,5,0.03546099290780142
8/23/2020,Clinton,1,142,82,24504,80485,5,0.035211267605633804
8/24/2020,Clinton,4,146,400,24904,80485,5,0.03424657534246575
8/25/2020,Clinton,1,147,157,25061,80485,5,0.034013605442176874
8/26/2020,Clinton,1,148,267,25328,80485,5,0.033783783783783786
8/27/2020,Clinton,1,149,193,25521,80485,5,0.03355704697986577
8/28/2020,Clinton,1,150,369,25890,80485,5,0.03333333333333333
8/29/2020,Clinton,0,150,197,26087,80485,5,0.03333333333333333
8/30/2020,Clinton,0,150,255,26342,80485,5,0.03333333333333333
8/31/2020,Clinton,1,151,203,26545,80485,5,0.033112582781456956
9/1/2020,Clinton,0,151,249,26794,80485,5,0.033112582781456956
9/2/2020,Clinton,1,152,171,26965,80485,5,0.03289473684210526
9/3/2020,Clinton,0,152,191,27156,80485,5,0.03289473684210526
9/4/2020,Clinton,0,152,385,27541,80485,5,0.03289473684210526
9/5/2020,Clinton,0,152,157,27698,80485,5,0.03289473684210526
9/6/2020,Clinton,0,152,308,28006,80485,5,0.03289473684210526
9/7/2020,Clinton,0,152,225,28231,80485,5,0.03289473684210526
9/8/2020,Clinton,0,152,51,28282,80485,5,0.03289473684210526
9/9/2020,Clinton,0,152,267,28549,80485,5,0.03289473684210526
9/10/2020,Clinton,0,152,173,28722,80485,5,0.03289473684210526
9/11/2020,Clinton,0,152,441,29163,80485,5,0.03289473684210526
9/12/2020,Clinton,1,153,229,29392,80485,5,0.032679738562091505
9/13/2020,Clinton,0,153,225,29617,80485,5,0.032679738562091505
9/14/2020,Clinton,1,154,330,29947,80485,5,0.032467532467532464
9/15/2020,Clinton,0,154,108,30055,80485,5,0.032467532467532464
9/16/2020,Clinton,0,154,241,30296,80485,5,0.032467532467532464
9/17/2020,Clinton,0,154,150,30446,80485,5,0.032467532467532464
9/18/2020,Clinton,0,154,328,30774,80485,5,0.032467532467532464
9/19/2020,Clinton,0,154,287,31061,80485,5,0.032467532467532464
9/20/2020,Clinton,0,154,94,31155,80485,5,0.032467532467532464
9/21/2020,Clinton,1,155,381,31536,80485,5,0.03225806451612903
9/22/2020,Clinton,1,156,226,31762,80485,5,0.03205128205128205
9/23/2020,Clinton,1,157,298,32060,80485,5,0.03184713375796178
9/24/2020,Clinton,1,158,433,32493,80485,5,0.03164556962025317
9/25/2020,Clinton,1,159,417,32910,80485,5,0.031446540880503145
9/26/2020,Clinton,1,160,412,33322,80485,5,0.03125
9/27/2020,Clinton,1,161,259,33581,80485,5,0.031055900621118012
9/28/2020,Clinton,1,162,296,33877,80485,5,0.030864197530864196
9/29/2020,Clinton,0,162,361,34238,80485,5,0.030864197530864196
9/30/2020,Clinton,0,162,1234,35472,80485,5,0.030864197530864196
10/1/2020,Clinton,2,164,407,35879,80485,5,0.03048780487804878
10/2/2020,Clinton,1,165,504,36383,80485,5,0.030303030303030304
10/3/2020,Clinton,1,166,467,36850,80485,5,0.030120481927710843
10/4/2020,Clinton,4,170,325,37175,80485,5,0.029411764705882353
10/5/2020,Clinton,3,173,425,37600,80485,5,0.028901734104046242
10/6/2020,Clinton,0,173,382,37982,80485,5,0.028901734104046242
10/7/2020,Clinton,4,177,444,38426,80485,5,0.02824858757062147
10/8/2020,Clinton,1,178,1050,39476,80485,5,0.028089887640449437
10/9/2020,Clinton,0,178,490,39966,80485,5,0.028089887640449437
10/10/2020,Clinton,1,179,582,40548,80485,5,0.027932960893854747
10/11/2020,Clinton,0,179,255,40803,80485,5,0.027932960893854747
10/12/2020,Clinton,3,182,569,41372,80485,5,0.027472527472527472
10/13/2020,Clinton,1,183,533,41905,80485,5,0.0273224043715847
10/14/2020,Clinton,4,187,528,42433,80485,5,0.026737967914438502
10/15/2020,Clinton,3,190,356,42789,80485,5,0.02631578947368421
10/16/2020,Clinton,2,192,538,43327,80485,5,0.026041666666666668
10/17/2020,Clinton,5,197,522,43849,80485,5,0.025380710659898477
10/18/2020,Clinton,2,199,210,44059,80485,5,0.02512562814070352
10/19/2020,Clinton,16,215,559,44618,80485,5,0.023255813953488372
10/20/2020,Clinton,5,220,353,44971,80485,5,0.022727272727272728
10/21/2020,Clinton,4,224,259,45230,80485,5,0.022321428571428572
10/22/2020,Clinton,8,232,305,45535,80485,5,0.021551724137931036
10/23/2020,Clinton,4,236,303,45838,80485,5,0.0211864406779661
10/24/2020,Clinton,4,240,565,46403,80485,5,0.020833333333333332
10/25/2020,Clinton,2,242,225,46628,80485,5,0.02066115702479339
10/26/2020,Clinton,2,244,446,47074,80485,5,0.020491803278688523
10/27/2020,Clinton,2,246,315,47389,80485,5,0.02032520325203252
10/28/2020,Clinton,2,248,387,47776,80485,5,0.020161290322580645
10/29/2020,Clinton,7,255,199,47975,80485,5,0.0196078431372549
10/30/2020,Clinton,8,263,218,48193,80485,5,0.019011406844106463
10/31/2020,Clinton,7,270,348,48541,80485,5,0.018518518518518517
11/1/2020,Clinton,3,273,267,48808,80485,5,0.018315018315018316
11/2/2020,Clinton,6,279,283,49091,80485,5,0.017921146953405017
11/3/2020,Clinton,3,282,439,49530,80485,5,0.01773049645390071
11/4/2020,Clinton,6,288,935,50465,80485,5,0.017361111111111112
11/5/2020,Clinton,4,292,1073,51538,80485,5,0.017123287671232876
11/6/2020,Clinton,5,297,322,51860,80485,5,0.016835016835016835
11/7/2020,Clinton,4,301,409,52269,80485,5,0.016611295681063124
11/8/2020,Clinton,2,303,313,52582,80485,5,0.0165016501650165
11/9/2020,Clinton,10,313,336,52918,80485,5,0.01597444089456869
11/10/2020,Clinton,18,331,211,53129,80485,5,0.015105740181268883
11/11/2020,Clinton,13,344,1683,54812,80485,5,0.014534883720930232
11/12/2020,Clinton,12,356,830,55642,80485,5,0.014044943820224719
11/13/2020,Clinton,16,372,243,55885,80485,5,0.013440860215053764
11/14/2020,Clinton,5,377,127,56012,80485,5,0.013262599469496022
3/1/2020,Columbia,0,0,0,0,59461,0,NaN
3/2/2020,Columbia,0,0,0,0,59461,0,NaN
3/3/2020,Columbia,0,0,0,0,59461,0,NaN
3/4/2020,Columbia,0,0,0,0,59461,0,NaN
3/5/2020,Columbia,0,0,0,0,59461,0,NaN
3/6/2020,Columbia,0,0,0,0,59461,0,NaN
3/7/2020,Columbia,0,0,0,0,59461,0,NaN
3/8/2020,Columbia,0,0,1,1,59461,0,NaN
3/9/2020,Columbia,0,0,0,1,59461,0,NaN
3/10/2020,Columbia,0,0,0,1,59461,0,NaN
3/11/2020,Columbia,0,0,2,3,59461,0,NaN
3/12/2020,Columbia,0,0,2,5,59461,0,NaN
3/13/2020,Columbia,0,0,1,6,59461,0,NaN
3/14/2020,Columbia,0,0,4,10,59461,0,NaN
3/15/2020,Columbia,0,0,2,12,59461,0,NaN
3/16/2020,Columbia,0,0,13,25,59461,0,NaN
3/17/2020,Columbia,0,0,14,39,59461,0,NaN
3/18/2020,Columbia,0,0,32,71,59461,0,NaN
3/19/2020,Columbia,1,1,24,95,59461,0,0
3/20/2020,Columbia,1,2,35,130,59461,0,0
3/21/2020,Columbia,3,5,52,182,59461,0,0
3/22/2020,Columbia,5,10,48,230,59461,0,0
3/23/2020,Columbia,1,11,10,240,59461,0,0
3/24/2020,Columbia,1,12,15,255,59461,0,0
3/25/2020,Columbia,1,13,22,277,59461,0,0
3/26/2020,Columbia,7,20,20,297,59461,0,0
3/27/2020,Columbia,2,22,15,312,59461,0,0
3/28/2020,Columbia,1,23,11,323,59461,1,0.043478260869565216
3/29/2020,Columbia,3,26,26,349,59461,1,0.038461538461538464
3/30/2020,Columbia,4,30,14,363,59461,1,0.03333333333333333
3/31/2020,Columbia,1,31,12,375,59461,1,0.03225806451612903
4/1/2020,Columbia,5,36,21,396,59461,1,0.027777777777777776
4/2/2020,Columbia,6,42,22,418,59461,2,0.047619047619047616
4/3/2020,Columbia,7,49,20,438,59461,2,0.04081632653061224
4/4/2020,Columbia,2,51,15,453,59461,3,0.058823529411764705
4/5/2020,Columbia,8,59,23,476,59461,3,0.05084745762711865
4/6/2020,Columbia,2,61,15,491,59461,3,0.04918032786885246
4/7/2020,Columbia,2,63,8,499,59461,3,0.047619047619047616
4/8/2020,Columbia,7,70,27,526,59461,4,0.05714285714285714
4/9/2020,Columbia,4,74,55,581,59461,4,0.05405405405405406
4/10/2020,Columbia,3,77,30,611,59461,4,0.05194805194805195
4/11/2020,Columbia,2,79,35,646,59461,6,0.0759493670886076
4/12/2020,Columbia,1,80,27,673,59461,7,0.0875
4/13/2020,Columbia,4,84,30,703,59461,8,0.09523809523809523
4/14/2020,Columbia,12,96,55,758,59461,9,0.09375
4/15/2020,Columbia,3,99,28,786,59461,10,0.10101010101010101
4/16/2020,Columbia,2,101,20,806,59461,12,0.1188118811881188
4/17/2020,Columbia,4,105,32,838,59461,12,0.11428571428571428
4/18/2020,Columbia,2,107,34,872,59461,12,0.11214953271028037
4/19/2020,Columbia,4,111,17,889,59461,13,0.11711711711711711
4/20/2020,Columbia,2,113,24,913,59461,13,0.11504424778761062
4/21/2020,Columbia,4,117,34,947,59461,14,0.11965811965811966
4/22/2020,Columbia,6,123,35,982,59461,14,0.11382113821138211
4/23/2020,Columbia,6,129,35,1017,59461,14,0.10852713178294573
4/24/2020,Columbia,11,140,105,1122,59461,16,0.11428571428571428
4/25/2020,Columbia,3,143,27,1149,59461,16,0.11188811188811189
4/26/2020,Columbia,3,146,22,1171,59461,16,0.1095890410958904
4/27/2020,Columbia,8,154,33,1204,59461,16,0.1038961038961039
4/28/2020,Columbia,11,165,37,1241,59461,16,0.09696969696969697
4/29/2020,Columbia,5,170,61,1302,59461,16,0.09411764705882353
4/30/2020,Columbia,32,202,76,1378,59461,16,0.07920792079207921
5/1/2020,Columbia,3,205,37,1415,59461,16,0.07804878048780488
5/2/2020,Columbia,4,209,57,1472,59461,16,0.07655502392344497
5/3/2020,Columbia,4,213,38,1510,59461,16,0.07511737089201878
5/4/2020,Columbia,16,229,79,1589,59461,16,0.06986899563318777
5/5/2020,Columbia,62,291,188,1777,59461,18,0.061855670103092786
5/6/2020,Columbia,11,302,58,1835,59461,21,0.0695364238410596
5/7/2020,Columbia,2,304,70,1905,59461,21,0.06907894736842106
5/8/2020,Columbia,0,304,42,1947,59461,22,0.07236842105263158
5/9/2020,Columbia,8,312,264,2211,59461,24,0.07692307692307693
5/10/2020,Columbia,2,314,41,2252,59461,25,0.07961783439490445
5/11/2020,Columbia,0,314,55,2307,59461,25,0.07961783439490445
5/12/2020,Columbia,4,318,85,2392,59461,28,0.0880503144654088
5/13/2020,Columbia,9,327,100,2492,59461,31,0.09480122324159021
5/14/2020,Columbia,6,333,95,2587,59461,32,0.0960960960960961
5/15/2020,Columbia,5,338,71,2658,59461,32,0.09467455621301775
5/16/2020,Columbia,2,340,68,2726,59461,32,0.09411764705882353
5/17/2020,Columbia,6,346,86,2812,59461,32,0.09248554913294797
5/18/2020,Columbia,4,350,39,2851,59461,33,0.09428571428571429
5/19/2020,Columbia,0,350,107,2958,59461,34,0.09714285714285714
5/20/2020,Columbia,5,355,128,3086,59461,34,0.09577464788732394
5/21/2020,Columbia,1,356,78,3164,59461,36,0.10112359550561797
5/22/2020,Columbia,3,359,96,3260,59461,36,0.10027855153203342
5/23/2020,Columbia,6,365,94,3354,59461,37,0.10136986301369863
5/24/2020,Columbia,7,372,134,3488,59461,38,0.10215053763440861
5/25/2020,Columbia,1,373,145,3633,59461,38,0.10187667560321716
5/26/2020,Columbia,7,380,62,3695,59461,38,0.1
5/27/2020,Columbia,0,380,145,3840,59461,39,0.10263157894736842
5/28/2020,Columbia,2,382,159,3999,59461,39,0.10209424083769633
5/29/2020,Columbia,1,383,125,4124,59461,39,0.10182767624020887
5/30/2020,Columbia,4,387,211,4335,59461,39,0.10077519379844961
5/31/2020,Columbia,2,389,94,4429,59461,39,0.10025706940874037
6/1/2020,Columbia,2,391,167,4596,59461,40,0.10230179028132992
6/2/2020,Columbia,8,399,393,4989,59461,40,0.10025062656641603
6/3/2020,Columbia,1,400,276,5265,59461,40,0.1
6/4/2020,Columbia,11,411,269,5534,59461,41,0.09975669099756691
6/5/2020,Columbia,1,412,225,5759,59461,41,0.09951456310679611
6/6/2020,Columbia,2,414,211,5970,59461,41,0.09903381642512077
6/7/2020,Columbia,0,414,144,6114,59461,42,0.10144927536231885
6/8/2020,Columbia,0,414,145,6259,59461,42,0.10144927536231885
6/9/2020,Columbia,6,420,310,6569,59461,44,0.10476190476190476
6/10/2020,Columbia,4,424,233,6802,59461,45,0.10613207547169812
6/11/2020,Columbia,4,428,412,7214,59461,45,0.10514018691588785
6/12/2020,Columbia,3,431,176,7390,59461,46,0.10672853828306264
6/13/2020,Columbia,5,436,198,7588,59461,46,0.10550458715596331
6/14/2020,Columbia,3,439,95,7683,59461,46,0.10478359908883828
6/15/2020,Columbia,3,442,198,7881,59461,46,0.10407239819004525
6/16/2020,Columbia,0,442,134,8015,59461,47,0.10633484162895927
6/17/2020,Columbia,1,443,189,8204,59461,47,0.10609480812641084
6/18/2020,Columbia,3,446,454,8658,59461,47,0.10538116591928251
6/19/2020,Columbia,5,451,335,8993,59461,47,0.10421286031042129
6/20/2020,Columbia,0,451,182,9175,59461,47,0.10421286031042129
6/21/2020,Columbia,1,452,146,9321,59461,47,0.10398230088495575
6/22/2020,Columbia,2,454,106,9427,59461,47,0.10352422907488987
6/23/2020,Columbia,0,454,174,9601,59461,47,0.10352422907488987
6/24/2020,Columbia,1,455,300,9901,59461,47,0.10329670329670329
6/25/2020,Columbia,5,460,447,10348,59461,47,0.10217391304347827
6/26/2020,Columbia,1,461,179,10527,59461,47,0.1019522776572668
6/27/2020,Columbia,2,463,165,10692,59461,47,0.10151187904967603
6/28/2020,Columbia,0,463,96,10788,59461,47,0.10151187904967603
6/29/2020,Columbia,1,464,221,11009,59461,47,0.10129310344827586
6/30/2020,Columbia,2,466,136,11145,59461,47,0.10085836909871244
7/1/2020,Columbia,6,472,289,11434,59461,47,0.09957627118644068
7/2/2020,Columbia,2,474,234,11668,59461,47,0.09915611814345991
7/3/2020,Columbia,0,474,150,11818,59461,47,0.09915611814345991
7/4/2020,Columbia,1,475,220,12038,59461,47,0.09894736842105263
7/5/2020,Columbia,2,477,247,12285,59461,47,0.09853249475890985
7/6/2020,Columbia,2,479,312,12597,59461,47,0.09812108559498957
7/7/2020,Columbia,3,482,291,12888,59461,47,0.0975103734439834
7/8/2020,Columbia,0,482,191,13079,59461,47,0.0975103734439834
7/9/2020,Columbia,0,482,212,13291,59461,47,0.0975103734439834
7/10/2020,Columbia,3,485,172,13463,59461,47,0.09690721649484536
7/11/2020,Columbia,1,486,189,13652,59461,47,0.09670781893004116
7/12/2020,Columbia,1,487,197,13849,59461,47,0.09650924024640657
7/13/2020,Columbia,2,489,289,14138,59461,47,0.09611451942740286
7/14/2020,Columbia,0,489,226,14364,59461,47,0.09611451942740286
7/15/2020,Columbia,0,489,200,14564,59461,47,0.09611451942740286
7/16/2020,Columbia,1,490,201,14765,59461,47,0.09591836734693877
7/17/2020,Columbia,1,491,307,15072,59461,47,0.09572301425661914
7/18/2020,Columbia,1,492,99,15171,59461,47,0.09552845528455285
7/19/2020,Columbia,0,492,99,15270,59461,47,0.09552845528455285
7/20/2020,Columbia,3,495,222,15492,59461,47,0.09494949494949495
7/21/2020,Columbia,2,497,197,15689,59461,47,0.09456740442655935
7/22/2020,Columbia,0,497,309,15998,59461,47,0.09456740442655935
7/23/2020,Columbia,1,498,324,16322,59461,47,0.09437751004016064
7/24/2020,Columbia,2,500,284,16606,59461,47,0.094
7/25/2020,Columbia,0,500,116,16722,59461,47,0.094
7/26/2020,Columbia,3,503,139,16861,59461,47,0.093439363817097415
7/27/2020,Columbia,1,504,232,17093,59461,47,0.09325396825396826
7/28/2020,Columbia,6,510,119,17212,59461,47,0.09215686274509804
7/29/2020,Columbia,3,513,221,17433,59461,47,0.09161793372319688
7/30/2020,Columbia,3,516,253,17686,59461,47,0.09108527131782945
7/31/2020,Columbia,3,519,258,17944,59461,47,0.0905587668593449
8/1/2020,Columbia,3,522,73,18017,59461,47,0.09003831417624521
8/2/2020,Columbia,1,523,73,18090,59461,47,0.08986615678776291
8/3/2020,Columbia,6,529,268,18358,59461,47,0.0888468809073724
8/4/2020,Columbia,2,531,264,18622,59461,47,0.08851224105461393
8/5/2020,Columbia,3,534,235,18857,59461,47,0.08801498127340825
8/6/2020,Columbia,1,535,194,19051,59461,47,0.08785046728971962
8/7/2020,Columbia,4,539,158,19209,59461,47,0.08719851576994433
8/8/2020,Columbia,1,540,166,19375,59461,47,0.08703703703703704
8/9/2020,Columbia,1,541,120,19495,59461,47,0.08687615526802218
8/10/2020,Columbia,5,546,415,19910,59461,47,0.08608058608058608
8/11/2020,Columbia,2,548,247,20157,59461,47,0.08576642335766424
8/12/2020,Columbia,2,550,222,20379,59461,47,0.08545454545454545
8/13/2020,Columbia,1,551,304,20683,59461,47,0.0852994555353902
8/14/2020,Columbia,0,551,214,20897,59461,47,0.0852994555353902
8/15/2020,Columbia,1,552,221,21118,59461,47,0.08514492753623189
8/16/2020,Columbia,0,552,103,21221,59461,47,0.08514492753623189
8/17/2020,Columbia,6,558,505,21726,59461,47,0.08422939068100359
8/18/2020,Columbia,1,559,398,22124,59461,47,0.08407871198568873
8/19/2020,Columbia,1,560,228,22352,59461,47,0.08392857142857142
8/20/2020,Columbia,1,561,296,22648,59461,47,0.08377896613190731
8/21/2020,Columbia,0,561,315,22963,59461,47,0.08377896613190731
8/22/2020,Columbia,1,562,203,23166,59461,47,0.08362989323843416
8/23/2020,Columbia,0,562,141,23307,59461,47,0.08362989323843416
8/24/2020,Columbia,2,564,317,23624,59461,47,0.08333333333333333
8/25/2020,Columbia,0,564,109,23733,59461,47,0.08333333333333333
8/26/2020,Columbia,4,568,279,24012,59461,47,0.08274647887323944
8/27/2020,Columbia,0,568,295,24307,59461,47,0.08274647887323944
8/28/2020,Columbia,1,569,304,24611,59461,47,0.08260105448154657
8/29/2020,Columbia,0,569,280,24891,59461,47,0.08260105448154657
8/30/2020,Columbia,0,569,261,25152,59461,47,0.08260105448154657
8/31/2020,Columbia,0,569,233,25385,59461,47,0.08260105448154657
9/1/2020,Columbia,1,570,347,25732,59461,47,0.0824561403508772
9/2/2020,Columbia,0,570,245,25977,59461,47,0.0824561403508772
9/3/2020,Columbia,4,574,206,26183,59461,47,0.08188153310104529
9/4/2020,Columbia,1,575,198,26381,59461,47,0.0817391304347826
9/5/2020,Columbia,0,575,190,26571,59461,47,0.0817391304347826
9/6/2020,Columbia,1,576,116,26687,59461,47,0.08159722222222222
9/7/2020,Columbia,0,576,237,26924,59461,47,0.08159722222222222
9/8/2020,Columbia,0,576,223,27147,59461,47,0.08159722222222222
9/9/2020,Columbia,0,576,213,27360,59461,47,0.08159722222222222
9/10/2020,Columbia,1,577,222,27582,59461,47,0.08145580589254767
9/11/2020,Columbia,0,577,182,27764,59461,47,0.08145580589254767
9/12/2020,Columbia,0,577,263,28027,59461,47,0.08145580589254767
9/13/2020,Columbia,0,577,133,28160,59461,47,0.08145580589254767
9/14/2020,Columbia,0,577,285,28445,59461,47,0.08145580589254767
9/15/2020,Columbia,0,577,162,28607,59461,47,0.08145580589254767
9/16/2020,Columbia,2,579,196,28803,59461,47,0.08117443868739206
9/17/2020,Columbia,1,580,153,28956,59461,47,0.08103448275862069
9/18/2020,Columbia,0,580,195,29151,59461,47,0.08103448275862069
9/19/2020,Columbia,1,581,318,29469,59461,47,0.08089500860585198
9/20/2020,Columbia,1,582,230,29699,59461,47,0.08075601374570447
9/21/2020,Columbia,0,582,233,29932,59461,47,0.08075601374570447
9/22/2020,Columbia,3,585,130,30062,59461,47,0.08034188034188035
9/23/2020,Columbia,1,586,227,30289,59461,47,0.08020477815699659
9/24/2020,Columbia,2,588,272,30561,59461,47,0.07993197278911565
9/25/2020,Columbia,3,591,220,30781,59461,47,0.07952622673434856
9/26/2020,Columbia,0,591,342,31123,59461,47,0.07952622673434856
9/27/2020,Columbia,0,591,180,31303,59461,47,0.07952622673434856
9/28/2020,Columbia,1,592,268,31571,59461,47,0.07939189189189189
9/29/2020,Columbia,3,595,236,31807,59461,47,0.07899159663865546
9/30/2020,Columbia,0,595,283,32090,59461,47,0.07899159663865546
10/1/2020,Columbia,9,604,267,32357,59461,47,0.07781456953642384
10/2/2020,Columbia,1,605,224,32581,59461,47,0.07768595041322314
10/3/2020,Columbia,3,608,292,32873,59461,47,0.07730263157894737
10/4/2020,Columbia,0,608,138,33011,59461,47,0.07730263157894737
10/5/2020,Columbia,1,609,330,33341,59461,47,0.07717569786535304
10/6/2020,Columbia,2,611,202,33543,59461,47,0.07692307692307693
10/7/2020,Columbia,0,611,346,33889,59461,47,0.07692307692307693
10/8/2020,Columbia,4,615,242,34131,59461,47,0.07642276422764227
10/9/2020,Columbia,2,617,365,34496,59461,47,0.07617504051863858
10/10/2020,Columbia,4,621,248,34744,59461,47,0.07568438003220612
10/11/2020,Columbia,3,624,267,35011,59461,47,0.07532051282051282
10/12/2020,Columbia,2,626,355,35366,59461,47,0.07507987220447285
10/13/2020,Columbia,3,629,224,35590,59461,47,0.07472178060413355
10/14/2020,Columbia,5,634,435,36025,59461,47,0.07413249211356467
10/15/2020,Columbia,1,635,224,36249,59461,47,0.07401574803149606
10/16/2020,Columbia,6,641,311,36560,59461,48,0.0748829953198128
10/17/2020,Columbia,6,647,362,36922,59461,48,0.07418856259659969
10/18/2020,Columbia,4,651,264,37186,59461,48,0.07373271889400922
10/19/2020,Columbia,6,657,251,37437,59461,48,0.0730593607305936
10/20/2020,Columbia,2,659,272,37709,59461,48,0.07283763277693475
10/21/2020,Columbia,4,663,372,38081,59461,48,0.07239819004524888
10/22/2020,Columbia,4,667,374,38455,59461,48,0.07196401799100449
10/23/2020,Columbia,2,669,351,38806,59461,48,0.07174887892376682
10/24/2020,Columbia,11,680,253,39059,59461,48,0.07058823529411765
10/25/2020,Columbia,12,692,304,39363,59461,48,0.06936416184971098
10/26/2020,Columbia,7,699,578,39941,59461,48,0.06866952789699571
10/27/2020,Columbia,11,710,486,40427,59461,48,0.0676056338028169
10/28/2020,Columbia,11,721,553,40980,59461,49,0.06796116504854369
10/29/2020,Columbia,2,723,411,41391,59461,50,0.06915629322268327
10/30/2020,Columbia,5,728,398,41789,59461,50,0.06868131868131869
10/31/2020,Columbia,8,736,380,42169,59461,51,0.06929347826086957
11/1/2020,Columbia,3,739,456,42625,59461,52,0.07036535859269283
11/2/2020,Columbia,6,745,436,43061,59461,52,0.0697986577181208
11/3/2020,Columbia,18,763,421,43482,59461,52,0.06815203145478375
11/4/2020,Columbia,11,774,395,43877,59461,53,0.06847545219638243
11/5/2020,Columbia,8,782,346,44223,59461,53,0.06777493606138107
11/6/2020,Columbia,7,789,286,44509,59461,53,0.06717363751584284
11/7/2020,Columbia,12,801,553,45062,59461,53,0.066167290886392
11/8/2020,Columbia,11,812,403,45465,59461,53,0.06527093596059114
11/9/2020,Columbia,13,825,520,45985,59461,54,0.06545454545454546
11/10/2020,Columbia,19,844,454,46439,59461,54,0.06398104265402843
11/11/2020,Columbia,11,855,434,46873,59461,54,0.06315789473684211
11/12/2020,Columbia,15,870,443,47316,59461,54,0.06206896551724138
11/13/2020,Columbia,7,877,277,47593,59461,54,0.06157354618015964
11/14/2020,Columbia,4,881,206,47799,59461,54,0.06129398410896708
3/1/2020,Cortland,0,0,0,0,47581,0,NaN
3/2/2020,Cortland,0,0,0,0,47581,0,NaN
3/3/2020,Cortland,0,0,0,0,47581,0,NaN
3/4/2020,Cortland,0,0,0,0,47581,0,NaN
3/5/2020,Cortland,0,0,0,0,47581,0,NaN
3/6/2020,Cortland,0,0,0,0,47581,0,NaN
3/7/2020,Cortland,0,0,1,1,47581,0,NaN
3/8/2020,Cortland,0,0,0,1,47581,0,NaN
3/9/2020,Cortland,0,0,0,1,47581,0,NaN
3/10/2020,Cortland,0,0,0,1,47581,0,NaN
3/11/2020,Cortland,0,0,0,1,47581,0,NaN
3/12/2020,Cortland,0,0,0,1,47581,0,NaN
3/13/2020,Cortland,0,0,0,1,47581,0,NaN
3/14/2020,Cortland,0,0,1,2,47581,0,NaN
3/15/2020,Cortland,0,0,0,2,47581,0,NaN
3/16/2020,Cortland,0,0,2,4,47581,0,NaN
3/17/2020,Cortland,0,0,1,5,47581,0,NaN
3/18/2020,Cortland,0,0,1,6,47581,0,NaN
3/19/2020,Cortland,0,0,7,13,47581,0,NaN
3/20/2020,Cortland,0,0,15,28,47581,0,NaN
3/21/2020,Cortland,1,1,17,45,47581,0,0
3/22/2020,Cortland,1,2,55,100,47581,0,0
3/23/2020,Cortland,0,2,30,130,47581,0,0
3/24/2020,Cortland,0,2,3,133,47581,0,0
3/25/2020,Cortland,0,2,41,174,47581,0,0
3/26/2020,Cortland,2,4,34,208,47581,0,0
3/27/2020,Cortland,1,5,45,253,47581,0,0
3/28/2020,Cortland,1,6,28,281,47581,0,0
3/29/2020,Cortland,2,8,48,329,47581,0,0
3/30/2020,Cortland,0,8,9,338,47581,0,0
3/31/2020,Cortland,0,8,12,350,47581,0,0
4/1/2020,Cortland,0,8,42,392,47581,0,0
4/2/2020,Cortland,2,10,54,446,47581,0,0
4/3/2020,Cortland,0,10,32,478,47581,0,0
4/4/2020,Cortland,0,10,38,516,47581,0,0
4/5/2020,Cortland,3,13,42,558,47581,0,0
4/6/2020,Cortland,3,16,25,583,47581,0,0
4/7/2020,Cortland,0,16,18,601,47581,0,0
4/8/2020,Cortland,0,16,41,642,47581,0,0
4/9/2020,Cortland,1,17,25,667,47581,0,0
4/10/2020,Cortland,0,17,20,687,47581,1,0.058823529411764705
4/11/2020,Cortland,1,18,18,705,47581,1,0.05555555555555555
4/12/2020,Cortland,2,20,18,723,47581,1,0.05
4/13/2020,Cortland,2,22,38,761,47581,1,0.045454545454545456
4/14/2020,Cortland,1,23,6,767,47581,1,0.043478260869565216
4/15/2020,Cortland,1,24,17,784,47581,1,0.041666666666666664
4/16/2020,Cortland,1,25,13,797,47581,1,0.04
4/17/2020,Cortland,0,25,19,816,47581,1,0.04
4/18/2020,Cortland,0,25,11,827,47581,1,0.04
4/19/2020,Cortland,0,25,12,839,47581,1,0.04
4/20/2020,Cortland,0,25,2,841,47581,1,0.04
4/21/2020,Cortland,0,25,5,846,47581,1,0.04
4/22/2020,Cortland,0,25,30,876,47581,1,0.04
4/23/2020,Cortland,0,25,30,906,47581,1,0.04
4/24/2020,Cortland,3,28,109,1015,47581,1,0.03571428571428571
4/25/2020,Cortland,0,28,26,1041,47581,1,0.03571428571428571
4/26/2020,Cortland,0,28,16,1057,47581,1,0.03571428571428571
4/27/2020,Cortland,0,28,7,1064,47581,1,0.03571428571428571
4/28/2020,Cortland,0,28,22,1086,47581,1,0.03571428571428571
4/29/2020,Cortland,0,28,26,1112,47581,1,0.03571428571428571
4/30/2020,Cortland,0,28,31,1143,47581,1,0.03571428571428571
5/1/2020,Cortland,0,28,30,1173,47581,1,0.03571428571428571
5/2/2020,Cortland,0,28,16,1189,47581,1,0.03571428571428571
5/3/2020,Cortland,0,28,42,1231,47581,1,0.03571428571428571
5/4/2020,Cortland,0,28,12,1243,47581,1,0.03571428571428571
5/5/2020,Cortland,0,28,33,1276,47581,1,0.03571428571428571
5/6/2020,Cortland,1,29,27,1303,47581,1,0.034482758620689655
5/7/2020,Cortland,0,29,38,1341,47581,1,0.034482758620689655
5/8/2020,Cortland,0,29,96,1437,47581,1,0.034482758620689655
5/9/2020,Cortland,0,29,29,1466,47581,1,0.034482758620689655
5/10/2020,Cortland,0,29,27,1493,47581,1,0.034482758620689655
5/11/2020,Cortland,1,30,33,1526,47581,1,0.03333333333333333
5/12/2020,Cortland,1,31,40,1566,47581,1,0.03225806451612903
5/13/2020,Cortland,2,33,50,1616,47581,1,0.030303030303030304
5/14/2020,Cortland,0,33,95,1711,47581,1,0.030303030303030304
5/15/2020,Cortland,1,34,221,1932,47581,1,0.029411764705882353
5/16/2020,Cortland,0,34,140,2072,47581,1,0.029411764705882353
5/17/2020,Cortland,1,35,99,2171,47581,1,0.02857142857142857
5/18/2020,Cortland,1,36,62,2233,47581,1,0.027777777777777776
5/19/2020,Cortland,0,36,77,2310,47581,1,0.027777777777777776
5/20/2020,Cortland,0,36,144,2454,47581,1,0.027777777777777776
5/21/2020,Cortland,1,37,86,2540,47581,1,0.02702702702702703
5/22/2020,Cortland,1,38,223,2763,47581,1,0.02631578947368421
5/23/2020,Cortland,1,39,147,2910,47581,1,0.02564102564102564
5/24/2020,Cortland,0,39,221,3131,47581,1,0.02564102564102564
5/25/2020,Cortland,0,39,64,3195,47581,1,0.02564102564102564
5/26/2020,Cortland,0,39,82,3277,47581,1,0.02564102564102564
5/27/2020,Cortland,0,39,34,3311,47581,1,0.02564102564102564
5/28/2020,Cortland,0,39,207,3518,47581,1,0.02564102564102564
5/29/2020,Cortland,2,41,188,3706,47581,1,0.024390243902439025
5/30/2020,Cortland,0,41,261,3967,47581,1,0.024390243902439025
5/31/2020,Cortland,0,41,84,4051,47581,1,0.024390243902439025
6/1/2020,Cortland,0,41,128,4179,47581,1,0.024390243902439025
6/2/2020,Cortland,0,41,92,4271,47581,1,0.024390243902439025
6/3/2020,Cortland,0,41,130,4401,47581,1,0.024390243902439025
6/4/2020,Cortland,0,41,343,4744,47581,1,0.024390243902439025
6/5/2020,Cortland,0,41,294,5038,47581,1,0.024390243902439025
6/6/2020,Cortland,0,41,201,5239,47581,1,0.024390243902439025
6/7/2020,Cortland,1,42,179,5418,47581,1,0.023809523809523808
6/8/2020,Cortland,0,42,162,5580,47581,1,0.023809523809523808
6/9/2020,Cortland,0,42,153,5733,47581,1,0.023809523809523808
6/10/2020,Cortland,0,42,110,5843,47581,1,0.023809523809523808
6/11/2020,Cortland,0,42,258,6101,47581,1,0.023809523809523808
6/12/2020,Cortland,0,42,216,6317,47581,1,0.023809523809523808
6/13/2020,Cortland,0,42,174,6491,47581,1,0.023809523809523808
6/14/2020,Cortland,0,42,87,6578,47581,1,0.023809523809523808
6/15/2020,Cortland,0,42,155,6733,47581,1,0.023809523809523808
6/16/2020,Cortland,0,42,124,6857,47581,1,0.023809523809523808
6/17/2020,Cortland,2,44,107,6964,47581,1,0.022727272727272728
6/18/2020,Cortland,0,44,216,7180,47581,1,0.022727272727272728
6/19/2020,Cortland,0,44,251,7431,47581,1,0.022727272727272728
6/20/2020,Cortland,0,44,130,7561,47581,1,0.022727272727272728
6/21/2020,Cortland,0,44,84,7645,47581,1,0.022727272727272728
6/22/2020,Cortland,0,44,181,7826,47581,1,0.022727272727272728
6/23/2020,Cortland,0,44,90,7916,47581,1,0.022727272727272728
6/24/2020,Cortland,0,44,153,8069,47581,1,0.022727272727272728
6/25/2020,Cortland,0,44,106,8175,47581,1,0.022727272727272728
6/26/2020,Cortland,0,44,234,8409,47581,1,0.022727272727272728
6/27/2020,Cortland,2,46,234,8643,47581,1,0.021739130434782608
6/28/2020,Cortland,1,47,95,8738,47581,1,0.02127659574468085
6/29/2020,Cortland,0,47,144,8882,47581,1,0.02127659574468085
6/30/2020,Cortland,0,47,111,8993,47581,1,0.02127659574468085
7/1/2020,Cortland,0,47,138,9131,47581,1,0.02127659574468085
7/2/2020,Cortland,1,48,41,9172,47581,1,0.020833333333333332
7/3/2020,Cortland,2,50,135,9307,47581,1,0.02
7/4/2020,Cortland,1,51,217,9524,47581,1,0.0196078431372549
7/5/2020,Cortland,1,52,55,9579,47581,1,0.019230769230769232
7/6/2020,Cortland,1,53,164,9743,47581,1,0.018867924528301886
7/7/2020,Cortland,1,54,137,9880,47581,1,0.018518518518518517
7/8/2020,Cortland,1,55,147,10027,47581,1,0.01818181818181818
7/9/2020,Cortland,1,56,92,10119,47581,1,0.017857142857142856
7/10/2020,Cortland,2,58,138,10257,47581,1,0.017241379310344827
7/11/2020,Cortland,0,58,278,10535,47581,1,0.017241379310344827
7/12/2020,Cortland,1,59,103,10638,47581,1,0.01694915254237288
7/13/2020,Cortland,0,59,143,10781,47581,1,0.01694915254237288
7/14/2020,Cortland,2,61,160,10941,47581,1,0.01639344262295082
7/15/2020,Cortland,2,63,85,11026,47581,1,0.015873015873015872
7/16/2020,Cortland,4,67,216,11242,47581,1,0.014925373134328358
7/17/2020,Cortland,1,68,285,11527,47581,1,0.014705882352941176
7/18/2020,Cortland,1,69,133,11660,47581,1,0.014492753623188406
7/19/2020,Cortland,0,69,83,11743,47581,1,0.014492753623188406
7/20/2020,Cortland,4,73,182,11925,47581,1,0.0136986301369863
7/21/2020,Cortland,4,77,398,12323,47581,1,0.012987012987012988
7/22/2020,Cortland,3,80,259,12582,47581,1,0.0125
7/23/2020,Cortland,2,82,98,12680,47581,1,0.012195121951219513
7/24/2020,Cortland,2,84,362,13042,47581,1,0.011904761904761904
7/25/2020,Cortland,1,85,212,13254,47581,1,0.011764705882352941
7/26/2020,Cortland,2,87,470,13724,47581,1,0.011494252873563218
7/27/2020,Cortland,2,89,267,13991,47581,1,0.011235955056179775
7/28/2020,Cortland,1,90,148,14139,47581,1,0.011111111111111112
7/29/2020,Cortland,0,90,166,14305,47581,1,0.011111111111111112
7/30/2020,Cortland,1,91,247,14552,47581,1,0.01098901098901099
7/31/2020,Cortland,0,91,168,14720,47581,1,0.01098901098901099
8/1/2020,Cortland,1,92,233,14953,47581,1,0.010869565217391304
8/2/2020,Cortland,0,92,103,15056,47581,1,0.010869565217391304
8/3/2020,Cortland,1,93,311,15367,47581,1,0.010752688172043012
8/4/2020,Cortland,1,94,88,15455,47581,1,0.010638297872340425
8/5/2020,Cortland,0,94,192,15647,47581,1,0.010638297872340425
8/6/2020,Cortland,1,95,148,15795,47581,1,0.010526315789473684
8/7/2020,Cortland,0,95,255,16050,47581,1,0.010526315789473684
8/8/2020,Cortland,0,95,149,16199,47581,1,0.010526315789473684
8/9/2020,Cortland,0,95,247,16446,47581,1,0.010526315789473684
8/10/2020,Cortland,0,95,327,16773,47581,1,0.010526315789473684
8/11/2020,Cortland,1,96,109,16882,47581,1,0.010416666666666666
8/12/2020,Cortland,1,97,187,17069,47581,1,0.010309278350515464
8/13/2020,Cortland,0,97,113,17182,47581,1,0.010309278350515464
8/14/2020,Cortland,0,97,211,17393,47581,1,0.010309278350515464
8/15/2020,Cortland,0,97,150,17543,47581,1,0.010309278350515464
8/16/2020,Cortland,0,97,112,17655,47581,1,0.010309278350515464
8/17/2020,Cortland,0,97,372,18027,47581,1,0.010309278350515464
8/18/2020,Cortland,0,97,143,18170,47581,1,0.010309278350515464
8/19/2020,Cortland,1,98,176,18346,47581,1,0.01020408163265306
8/20/2020,Cortland,0,98,168,18514,47581,1,0.01020408163265306
8/21/2020,Cortland,0,98,223,18737,47581,1,0.01020408163265306
8/22/2020,Cortland,0,98,106,18843,47581,1,0.01020408163265306
8/23/2020,Cortland,0,98,239,19082,47581,1,0.01020408163265306
8/24/2020,Cortland,0,98,103,19185,47581,1,0.01020408163265306
8/25/2020,Cortland,0,98,173,19358,47581,1,0.01020408163265306
8/26/2020,Cortland,0,98,82,19440,47581,1,0.01020408163265306
8/27/2020,Cortland,0,98,200,19640,47581,1,0.01020408163265306
8/28/2020,Cortland,0,98,196,19836,47581,1,0.01020408163265306
8/29/2020,Cortland,1,99,156,19992,47581,1,0.010101010101010102
8/30/2020,Cortland,1,100,93,20085,47581,1,0.01
8/31/2020,Cortland,1,101,145,20230,47581,1,0.009900990099009901
9/1/2020,Cortland,1,102,92,20322,47581,1,0.00980392156862745
9/2/2020,Cortland,0,102,112,20434,47581,1,0.00980392156862745
9/3/2020,Cortland,0,102,231,20665,47581,1,0.00980392156862745
9/4/2020,Cortland,0,102,171,20836,47581,1,0.00980392156862745
9/5/2020,Cortland,1,103,223,21059,47581,1,0.009708737864077669
9/6/2020,Cortland,0,103,77,21136,47581,1,0.009708737864077669
9/7/2020,Cortland,0,103,224,21360,47581,1,0.009708737864077669
9/8/2020,Cortland,0,103,101,21461,47581,1,0.009708737864077669
9/9/2020,Cortland,1,104,98,21559,47581,1,0.009615384615384616
9/10/2020,Cortland,5,109,187,21746,47581,1,0.009174311926605505
9/11/2020,Cortland,10,119,378,22124,47581,1,0.008403361344537815
9/12/2020,Cortland,9,128,221,22345,47581,1,0.0078125
9/13/2020,Cortland,4,132,193,22538,47581,1,0.007575757575757576
9/14/2020,Cortland,5,137,241,22779,47581,1,0.0072992700729927005
9/15/2020,Cortland,0,137,279,23058,47581,1,0.0072992700729927005
9/16/2020,Cortland,4,141,287,23345,47581,1,0.0070921985815602835
9/17/2020,Cortland,9,150,279,23624,47581,1,0.006666666666666667
9/18/2020,Cortland,5,155,356,23980,47581,1,0.0064516129032258064
9/19/2020,Cortland,4,159,305,24285,47581,1,0.006289308176100629
9/20/2020,Cortland,2,161,193,24478,47581,1,0.006211180124223602
9/21/2020,Cortland,1,162,167,24645,47581,1,0.006172839506172839
9/22/2020,Cortland,2,164,255,24900,47581,1,0.006097560975609756
9/23/2020,Cortland,3,167,172,25072,47581,1,0.005988023952095809
9/24/2020,Cortland,2,169,328,25400,47581,1,0.005917159763313609
9/25/2020,Cortland,2,171,376,25776,47581,1,0.005847953216374269
9/26/2020,Cortland,0,171,253,26029,47581,1,0.005847953216374269
9/27/2020,Cortland,0,171,176,26205,47581,1,0.005847953216374269
9/28/2020,Cortland,10,181,215,26420,47581,1,0.0055248618784530384
9/29/2020,Cortland,3,184,858,27278,47581,1,0.005434782608695652
9/30/2020,Cortland,11,195,759,28037,47581,1,0.005128205128205128
10/1/2020,Cortland,3,198,350,28387,47581,1,0.005050505050505051
10/2/2020,Cortland,7,205,525,28912,47581,1,0.004878048780487805
10/3/2020,Cortland,18,223,411,29323,47581,1,0.004484304932735426
10/4/2020,Cortland,0,223,150,29473,47581,1,0.004484304932735426
10/5/2020,Cortland,14,237,166,29639,47581,1,0.004219409282700422
10/6/2020,Cortland,3,240,583,30222,47581,1,0.004166666666666667
10/7/2020,Cortland,20,260,347,30569,47581,1,0.0038461538461538464
10/8/2020,Cortland,17,277,790,31359,47581,1,0.0036101083032490976
10/9/2020,Cortland,16,293,546,31905,47581,1,0.0034129692832764505
10/10/2020,Cortland,8,301,474,32379,47581,1,0.0033222591362126247
10/11/2020,Cortland,16,317,498,32877,47581,1,0.0031545741324921135
10/12/2020,Cortland,16,333,267,33144,47581,1,0.003003003003003003
10/13/2020,Cortland,13,346,1040,34184,47581,1,0.002890173410404624
10/14/2020,Cortland,25,371,1189,35373,47581,1,0.0026954177897574125
10/15/2020,Cortland,16,387,1203,36576,47581,1,0.002583979328165375
10/16/2020,Cortland,12,399,1022,37598,47581,1,0.002506265664160401
10/17/2020,Cortland,7,406,635,38233,47581,1,0.0024630541871921183
10/18/2020,Cortland,10,416,246,38479,47581,1,0.002403846153846154
10/19/2020,Cortland,20,436,282,38761,47581,1,0.0022935779816513763
10/20/2020,Cortland,15,451,799,39560,47581,1,0.0022172949002217295
10/21/2020,Cortland,24,475,1031,40591,47581,1,0.002105263157894737
10/22/2020,Cortland,13,488,454,41045,47581,1,0.0020491803278688526
10/23/2020,Cortland,8,496,1258,42303,47581,1,0.0020161290322580645
10/24/2020,Cortland,14,510,678,42981,47581,1,0.00196078431372549
10/25/2020,Cortland,14,524,1106,44087,47581,1,0.0019083969465648854
10/26/2020,Cortland,18,542,742,44829,47581,1,0.0018450184501845018
10/27/2020,Cortland,5,547,400,45229,47581,1,0.0018281535648994515
10/28/2020,Cortland,6,553,1116,46345,47581,1,0.0018083182640144665
10/29/2020,Cortland,14,567,426,46771,47581,1,0.001763668430335097
10/30/2020,Cortland,17,584,565,47336,47581,1,0.0017123287671232876
10/31/2020,Cortland,5,589,408,47744,47581,1,0.001697792869269949
11/1/2020,Cortland,3,592,219,47963,47581,1,0.0016891891891891893
11/2/2020,Cortland,6,598,315,48278,47581,1,0.0016722408026755853
11/3/2020,Cortland,6,604,437,48715,47581,1,0.0016556291390728477
11/4/2020,Cortland,9,613,476,49191,47581,1,0.0016313213703099511
11/5/2020,Cortland,9,622,366,49557,47581,1,0.001607717041800643
11/6/2020,Cortland,11,633,410,49967,47581,1,0.001579778830963665
11/7/2020,Cortland,14,647,983,50950,47581,1,0.0015455950540958269
11/8/2020,Cortland,9,656,450,51400,47581,1,0.001524390243902439
11/9/2020,Cortland,9,665,280,51680,47581,1,0.0015037593984962407
11/10/2020,Cortland,12,677,774,52454,47581,1,0.0014771048744460858
11/11/2020,Cortland,15,692,430,52884,47581,1,0.001445086705202312
11/12/2020,Cortland,20,712,504,53388,47581,1,0.0014044943820224719
11/13/2020,Cortland,11,723,392,53780,47581,1,0.0013831258644536654
11/14/2020,Cortland,27,750,419,54199,47581,1,0.0013333333333333333
3/1/2020,Delaware,0,0,0,0,44135,0,NaN
3/2/2020,Delaware,0,0,0,0,44135,0,NaN
3/3/2020,Delaware,0,0,0,0,44135,0,NaN
3/4/2020,Delaware,0,0,0,0,44135,0,NaN
3/5/2020,Delaware,0,0,0,0,44135,0,NaN
3/6/2020,Delaware,0,0,0,0,44135,0,NaN
3/7/2020,Delaware,0,0,0,0,44135,0,NaN
3/8/2020,Delaware,0,0,0,0,44135,0,NaN
3/9/2020,Delaware,0,0,1,1,44135,0,NaN
3/10/2020,Delaware,0,0,1,2,44135,0,NaN
3/11/2020,Delaware,0,0,2,4,44135,0,NaN
3/12/2020,Delaware,1,1,1,5,44135,0,0
3/13/2020,Delaware,0,1,1,6,44135,0,0
3/14/2020,Delaware,0,1,1,7,44135,0,0
3/15/2020,Delaware,0,1,5,12,44135,0,0
3/16/2020,Delaware,0,1,0,12,44135,0,0
3/17/2020,Delaware,0,1,0,12,44135,0,0
3/18/2020,Delaware,0,1,1,13,44135,0,0
3/19/2020,Delaware,0,1,4,17,44135,0,0
3/20/2020,Delaware,0,1,8,25,44135,0,0
3/21/2020,Delaware,2,3,10,35,44135,0,0
3/22/2020,Delaware,0,3,10,45,44135,0,0
3/23/2020,Delaware,0,3,5,50,44135,0,0
3/24/2020,Delaware,2,5,5,55,44135,0,0
3/25/2020,Delaware,2,7,12,67,44135,0,0
3/26/2020,Delaware,1,8,7,74,44135,0,0
3/27/2020,Delaware,0,8,13,87,44135,0,0
3/28/2020,Delaware,0,8,4,91,44135,0,0
3/29/2020,Delaware,3,11,12,103,44135,0,0
3/30/2020,Delaware,5,16,11,114,44135,0,0
3/31/2020,Delaware,4,20,13,127,44135,0,0
4/1/2020,Delaware,2,22,7,134,44135,0,0
4/2/2020,Delaware,2,24,9,143,44135,1,0.041666666666666664
4/3/2020,Delaware,2,26,18,161,44135,1,0.038461538461538464
4/4/2020,Delaware,1,27,12,173,44135,1,0.037037037037037035
4/5/2020,Delaware,2,29,28,201,44135,1,0.034482758620689655
4/6/2020,Delaware,7,36,30,231,44135,1,0.027777777777777776
4/7/2020,Delaware,1,37,16,247,44135,1,0.02702702702702703
4/8/2020,Delaware,0,37,22,269,44135,1,0.02702702702702703
4/9/2020,Delaware,2,39,20,289,44135,1,0.02564102564102564
4/10/2020,Delaware,0,39,17,306,44135,1,0.02564102564102564
4/11/2020,Delaware,0,39,10,316,44135,1,0.02564102564102564
4/12/2020,Delaware,3,42,14,330,44135,1,0.023809523809523808
4/13/2020,Delaware,3,45,48,378,44135,1,0.022222222222222223
4/14/2020,Delaware,1,46,7,385,44135,1,0.021739130434782608
4/15/2020,Delaware,1,47,9,394,44135,1,0.02127659574468085
4/16/2020,Delaware,1,48,10,404,44135,1,0.020833333333333332
4/17/2020,Delaware,1,49,8,412,44135,1,0.02040816326530612
4/18/2020,Delaware,0,49,10,422,44135,1,0.02040816326530612
4/19/2020,Delaware,0,49,5,427,44135,2,0.04081632653061224
4/20/2020,Delaware,0,49,3,430,44135,2,0.04081632653061224
4/21/2020,Delaware,1,50,18,448,44135,2,0.04
4/22/2020,Delaware,0,50,21,469,44135,2,0.04
4/23/2020,Delaware,1,51,15,484,44135,2,0.0392156862745098
4/24/2020,Delaware,7,58,135,619,44135,2,0.034482758620689655
4/25/2020,Delaware,0,58,35,654,44135,2,0.034482758620689655
4/26/2020,Delaware,0,58,21,675,44135,2,0.034482758620689655
4/27/2020,Delaware,1,59,16,691,44135,2,0.03389830508474576
4/28/2020,Delaware,1,60,14,705,44135,2,0.03333333333333333
4/29/2020,Delaware,1,61,24,729,44135,2,0.03278688524590164
4/30/2020,Delaware,0,61,24,753,44135,2,0.03278688524590164
5/1/2020,Delaware,0,61,29,782,44135,2,0.03278688524590164
5/2/2020,Delaware,0,61,28,810,44135,2,0.03278688524590164
5/3/2020,Delaware,1,62,54,864,44135,2,0.03225806451612903
5/4/2020,Delaware,0,62,31,895,44135,2,0.03225806451612903
5/5/2020,Delaware,0,62,30,925,44135,2,0.03225806451612903
5/6/2020,Delaware,1,63,30,955,44135,2,0.031746031746031744
5/7/2020,Delaware,0,63,24,979,44135,2,0.031746031746031744
5/8/2020,Delaware,0,63,30,1009,44135,2,0.031746031746031744
5/9/2020,Delaware,1,64,33,1042,44135,2,0.03125
5/10/2020,Delaware,1,65,19,1061,44135,2,0.03076923076923077
5/11/2020,Delaware,0,65,50,1111,44135,2,0.03076923076923077
5/12/2020,Delaware,1,66,53,1164,44135,2,0.030303030303030304
5/13/2020,Delaware,1,67,136,1300,44135,2,0.029850746268656716
5/14/2020,Delaware,0,67,120,1420,44135,2,0.029850746268656716
5/15/2020,Delaware,1,68,70,1490,44135,2,0.029411764705882353
5/16/2020,Delaware,1,69,51,1541,44135,2,0.028985507246376812
5/17/2020,Delaware,0,69,56,1597,44135,2,0.028985507246376812
5/18/2020,Delaware,0,69,65,1662,44135,2,0.028985507246376812
5/19/2020,Delaware,0,69,45,1707,44135,2,0.028985507246376812
5/20/2020,Delaware,2,71,65,1772,44135,2,0.028169014084507043
5/21/2020,Delaware,1,72,124,1896,44135,2,0.027777777777777776
5/22/2020,Delaware,2,74,51,1947,44135,2,0.02702702702702703
5/23/2020,Delaware,3,77,80,2027,44135,2,0.025974025974025976
5/24/2020,Delaware,0,77,44,2071,44135,2,0.025974025974025976
5/25/2020,Delaware,0,77,22,2093,44135,2,0.025974025974025976
5/26/2020,Delaware,1,78,205,2298,44135,2,0.02564102564102564
5/27/2020,Delaware,0,78,213,2511,44135,2,0.02564102564102564
5/28/2020,Delaware,1,79,156,2667,44135,2,0.02531645569620253
5/29/2020,Delaware,0,79,123,2790,44135,2,0.02531645569620253
5/30/2020,Delaware,0,79,209,2999,44135,2,0.02531645569620253
5/31/2020,Delaware,2,81,96,3095,44135,2,0.024691358024691357
6/1/2020,Delaware,1,82,138,3233,44135,2,0.024390243902439025
6/2/2020,Delaware,0,82,195,3428,44135,2,0.024390243902439025
6/3/2020,Delaware,0,82,171,3599,44135,2,0.024390243902439025
6/4/2020,Delaware,2,84,129,3728,44135,2,0.023809523809523808
6/5/2020,Delaware,1,85,217,3945,44135,3,0.03529411764705882
6/6/2020,Delaware,0,85,124,4069,44135,3,0.03529411764705882
6/7/2020,Delaware,0,85,164,4233,44135,3,0.03529411764705882
6/8/2020,Delaware,1,86,194,4427,44135,3,0.03488372093023256
6/9/2020,Delaware,1,87,198,4625,44135,3,0.034482758620689655
6/10/2020,Delaware,1,88,173,4798,44135,3,0.03409090909090909
6/11/2020,Delaware,0,88,92,4890,44135,3,0.03409090909090909
6/12/2020,Delaware,0,88,110,5000,44135,3,0.03409090909090909
6/13/2020,Delaware,0,88,181,5181,44135,3,0.03409090909090909
6/14/2020,Delaware,0,88,111,5292,44135,3,0.03409090909090909
6/15/2020,Delaware,0,88,206,5498,44135,3,0.03409090909090909
6/16/2020,Delaware,1,89,202,5700,44135,3,0.033707865168539325
6/17/2020,Delaware,0,89,116,5816,44135,3,0.033707865168539325
6/18/2020,Delaware,0,89,143,5959,44135,4,0.0449438202247191
6/19/2020,Delaware,1,90,144,6103,44135,4,0.044444444444444446
6/20/2020,Delaware,0,90,167,6270,44135,4,0.044444444444444446
6/21/2020,Delaware,0,90,134,6404,44135,4,0.044444444444444446
6/22/2020,Delaware,1,91,167,6571,44135,4,0.04395604395604396
6/23/2020,Delaware,0,91,91,6662,44135,4,0.04395604395604396
6/24/2020,Delaware,0,91,215,6877,44135,4,0.04395604395604396
6/25/2020,Delaware,0,91,69,6946,44135,4,0.04395604395604396
6/26/2020,Delaware,0,91,131,7077,44135,4,0.04395604395604396
6/27/2020,Delaware,0,91,220,7297,44135,4,0.04395604395604396
6/28/2020,Delaware,0,91,154,7451,44135,4,0.04395604395604396
6/29/2020,Delaware,0,91,147,7598,44135,4,0.04395604395604396
6/30/2020,Delaware,0,91,157,7755,44135,4,0.04395604395604396
7/1/2020,Delaware,0,91,106,7861,44135,4,0.04395604395604396
7/2/2020,Delaware,0,91,62,7923,44135,4,0.04395604395604396
7/3/2020,Delaware,0,91,73,7996,44135,4,0.04395604395604396
7/4/2020,Delaware,0,91,265,8261,44135,4,0.04395604395604396
7/5/2020,Delaware,0,91,85,8346,44135,4,0.04395604395604396
7/6/2020,Delaware,0,91,147,8493,44135,4,0.04395604395604396
7/7/2020,Delaware,0,91,50,8543,44135,4,0.04395604395604396
7/8/2020,Delaware,0,91,83,8626,44135,4,0.04395604395604396
7/9/2020,Delaware,0,91,78,8704,44135,4,0.04395604395604396
7/10/2020,Delaware,0,91,147,8851,44135,4,0.04395604395604396
7/11/2020,Delaware,1,92,247,9098,44135,4,0.043478260869565216
7/12/2020,Delaware,0,92,80,9178,44135,4,0.043478260869565216
7/13/2020,Delaware,0,92,111,9289,44135,4,0.043478260869565216
7/14/2020,Delaware,0,92,100,9389,44135,4,0.043478260869565216
7/15/2020,Delaware,0,92,117,9506,44135,4,0.043478260869565216
7/16/2020,Delaware,0,92,161,9667,44135,4,0.043478260869565216
7/17/2020,Delaware,1,93,193,9860,44135,4,0.043010752688172046
7/18/2020,Delaware,0,93,64,9924,44135,4,0.043010752688172046
7/19/2020,Delaware,0,93,105,10029,44135,4,0.043010752688172046
7/20/2020,Delaware,0,93,119,10148,44135,4,0.043010752688172046
7/21/2020,Delaware,0,93,187,10335,44135,4,0.043010752688172046
7/22/2020,Delaware,2,95,114,10449,44135,4,0.042105263157894736
7/23/2020,Delaware,2,97,120,10569,44135,4,0.041237113402061855
7/24/2020,Delaware,1,98,133,10702,44135,4,0.04081632653061224
7/25/2020,Delaware,0,98,77,10779,44135,4,0.04081632653061224
7/26/2020,Delaware,0,98,65,10844,44135,4,0.04081632653061224
7/27/2020,Delaware,1,99,110,10954,44135,4,0.04040404040404041
7/28/2020,Delaware,2,101,98,11052,44135,4,0.039603960396039604
7/29/2020,Delaware,0,101,186,11238,44135,4,0.039603960396039604
7/30/2020,Delaware,1,102,126,11364,44135,4,0.0392156862745098
7/31/2020,Delaware,1,103,156,11520,44135,4,0.038834951456310676
8/1/2020,Delaware,0,103,148,11668,44135,4,0.038834951456310676
8/2/2020,Delaware,1,104,134,11802,44135,4,0.038461538461538464
8/3/2020,Delaware,0,104,153,11955,44135,4,0.038461538461538464
8/4/2020,Delaware,0,104,130,12085,44135,4,0.038461538461538464
8/5/2020,Delaware,0,104,35,12120,44135,4,0.038461538461538464
8/6/2020,Delaware,0,104,163,12283,44135,4,0.038461538461538464
8/7/2020,Delaware,1,105,184,12467,44135,4,0.0380952380952381
8/8/2020,Delaware,0,105,150,12617,44135,4,0.0380952380952381
8/9/2020,Delaware,0,105,135,12752,44135,4,0.0380952380952381
8/10/2020,Delaware,1,106,273,13025,44135,4,0.03773584905660377
8/11/2020,Delaware,0,106,154,13179,44135,4,0.03773584905660377
8/12/2020,Delaware,1,107,139,13318,44135,4,0.037383177570093455
8/13/2020,Delaware,0,107,102,13420,44135,4,0.037383177570093455
8/14/2020,Delaware,0,107,169,13589,44135,4,0.037383177570093455
8/15/2020,Delaware,0,107,117,13706,44135,4,0.037383177570093455
8/16/2020,Delaware,0,107,80,13786,44135,4,0.037383177570093455
8/17/2020,Delaware,0,107,165,13951,44135,4,0.037383177570093455
8/18/2020,Delaware,1,108,173,14124,44135,4,0.037037037037037035
8/19/2020,Delaware,1,109,119,14243,44135,4,0.03669724770642202
8/20/2020,Delaware,0,109,146,14389,44135,4,0.03669724770642202
8/21/2020,Delaware,0,109,143,14532,44135,4,0.03669724770642202
8/22/2020,Delaware,0,109,177,14709,44135,4,0.03669724770642202
8/23/2020,Delaware,0,109,143,14852,44135,4,0.03669724770642202
8/24/2020,Delaware,0,109,112,14964,44135,4,0.03669724770642202
8/25/2020,Delaware,0,109,173,15137,44135,4,0.03669724770642202
8/26/2020,Delaware,1,110,131,15268,44135,4,0.03636363636363636
8/27/2020,Delaware,2,112,175,15443,44135,4,0.03571428571428571
8/28/2020,Delaware,0,112,120,15563,44135,4,0.03571428571428571
8/29/2020,Delaware,3,115,183,15746,44135,4,0.034782608695652174
8/30/2020,Delaware,0,115,90,15836,44135,4,0.034782608695652174
8/31/2020,Delaware,0,115,289,16125,44135,4,0.034782608695652174
9/1/2020,Delaware,5,120,159,16284,44135,4,0.03333333333333333
9/2/2020,Delaware,1,121,160,16444,44135,4,0.03305785123966942
9/3/2020,Delaware,0,121,382,16826,44135,4,0.03305785123966942
9/4/2020,Delaware,2,123,213,17039,44135,4,0.032520325203252036
9/5/2020,Delaware,0,123,134,17173,44135,4,0.032520325203252036
9/6/2020,Delaware,1,124,229,17402,44135,4,0.03225806451612903
9/7/2020,Delaware,1,125,165,17567,44135,4,0.032
9/8/2020,Delaware,0,125,32,17599,44135,4,0.032
9/9/2020,Delaware,0,125,69,17668,44135,4,0.032
9/10/2020,Delaware,3,128,140,17808,44135,4,0.03125
9/11/2020,Delaware,0,128,213,18021,44135,4,0.03125
9/12/2020,Delaware,0,128,217,18238,44135,4,0.03125
9/13/2020,Delaware,0,128,169,18407,44135,4,0.03125
9/14/2020,Delaware,0,128,82,18489,44135,4,0.03125
9/15/2020,Delaware,1,129,86,18575,44135,4,0.031007751937984496
9/16/2020,Delaware,0,129,127,18702,44135,4,0.031007751937984496
9/17/2020,Delaware,0,129,132,18834,44135,4,0.031007751937984496
9/18/2020,Delaware,1,130,139,18973,44135,4,0.03076923076923077
9/19/2020,Delaware,0,130,217,19190,44135,4,0.03076923076923077
9/20/2020,Delaware,0,130,220,19410,44135,4,0.03076923076923077
9/21/2020,Delaware,1,131,205,19615,44135,4,0.030534351145038167
9/22/2020,Delaware,1,132,139,19754,44135,4,0.030303030303030304
9/23/2020,Delaware,1,133,122,19876,44135,4,0.03007518796992481
9/24/2020,Delaware,0,133,107,19983,44135,4,0.03007518796992481
9/25/2020,Delaware,0,133,232,20215,44135,4,0.03007518796992481
9/26/2020,Delaware,1,134,167,20382,44135,4,0.029850746268656716
9/27/2020,Delaware,1,135,171,20553,44135,4,0.02962962962962963
9/28/2020,Delaware,1,136,237,20790,44135,4,0.029411764705882353
9/29/2020,Delaware,0,136,510,21300,44135,5,0.03676470588235294
9/30/2020,Delaware,1,137,111,21411,44135,5,0.0364963503649635
10/1/2020,Delaware,1,138,129,21540,44135,5,0.036231884057971016
10/2/2020,Delaware,2,140,227,21767,44135,5,0.03571428571428571
10/3/2020,Delaware,1,141,170,21937,44135,5,0.03546099290780142
10/4/2020,Delaware,0,141,191,22128,44135,5,0.03546099290780142
10/5/2020,Delaware,2,143,139,22267,44135,5,0.03496503496503497
10/6/2020,Delaware,0,143,480,22747,44135,5,0.03496503496503497
10/7/2020,Delaware,1,144,159,22906,44135,5,0.034722222222222224
10/8/2020,Delaware,0,144,175,23081,44135,5,0.034722222222222224
10/9/2020,Delaware,2,146,185,23266,44135,5,0.03424657534246575
10/10/2020,Delaware,2,148,146,23412,44135,5,0.033783783783783786
10/11/2020,Delaware,1,149,223,23635,44135,5,0.03355704697986577
10/12/2020,Delaware,5,154,332,23967,44135,5,0.032467532467532464
10/13/2020,Delaware,0,154,501,24468,44135,5,0.032467532467532464
10/14/2020,Delaware,2,156,143,24611,44135,5,0.03205128205128205
10/15/2020,Delaware,1,157,138,24749,44135,5,0.03184713375796178
10/16/2020,Delaware,2,159,206,24955,44135,5,0.031446540880503145
10/17/2020,Delaware,0,159,165,25120,44135,5,0.031446540880503145
10/18/2020,Delaware,0,159,231,25351,44135,5,0.031446540880503145
10/19/2020,Delaware,0,159,224,25575,44135,5,0.031446540880503145
10/20/2020,Delaware,2,161,693,26268,44135,5,0.031055900621118012
10/21/2020,Delaware,3,164,109,26377,44135,5,0.03048780487804878
10/22/2020,Delaware,2,166,105,26482,44135,5,0.030120481927710843
10/23/2020,Delaware,2,168,189,26671,44135,5,0.02976190476190476
10/24/2020,Delaware,1,169,226,26897,44135,5,0.029585798816568046
10/25/2020,Delaware,0,169,223,27120,44135,5,0.029585798816568046
10/26/2020,Delaware,4,173,176,27296,44135,5,0.028901734104046242
10/27/2020,Delaware,4,177,1016,28312,44135,6,0.03389830508474576
10/28/2020,Delaware,1,178,160,28472,44135,6,0.033707865168539325
10/29/2020,Delaware,3,181,173,28645,44135,6,0.03314917127071823
10/30/2020,Delaware,6,187,142,28787,44135,6,0.03208556149732621
10/31/2020,Delaware,5,192,187,28974,44135,6,0.03125
11/1/2020,Delaware,1,193,176,29150,44135,6,0.031088082901554404
11/2/2020,Delaware,4,197,139,29289,44135,6,0.030456852791878174
11/3/2020,Delaware,8,205,298,29587,44135,6,0.02926829268292683
11/4/2020,Delaware,8,213,724,30311,44135,6,0.028169014084507043
11/5/2020,Delaware,9,222,173,30484,44135,6,0.02702702702702703
11/6/2020,Delaware,5,227,197,30681,44135,6,0.02643171806167401
11/7/2020,Delaware,11,238,160,30841,44135,6,0.025210084033613446
11/8/2020,Delaware,8,246,189,31030,44135,6,0.024390243902439025
11/9/2020,Delaware,9,255,394,31424,44135,6,0.023529411764705882
11/10/2020,Delaware,7,262,1305,32729,44135,6,0.022900763358778626
11/11/2020,Delaware,4,266,195,32924,44135,6,0.022556390977443608
11/12/2020,Delaware,5,271,130,33054,44135,6,0.02214022140221402
11/13/2020,Delaware,5,276,139,33193,44135,6,0.021739130434782608
11/14/2020,Delaware,1,277,136,33329,44135,6,0.021660649819494584
3/1/2020,Dutchess,0,0,0,0,294218,0,NaN
3/2/2020,Dutchess,0,0,0,0,294218,0,NaN
3/3/2020,Dutchess,0,0,0,0,294218,0,NaN
3/4/2020,Dutchess,0,0,0,0,294218,0,NaN
3/5/2020,Dutchess,0,0,0,0,294218,0,NaN
3/6/2020,Dutchess,0,0,0,0,294218,0,NaN
3/7/2020,Dutchess,0,0,0,0,294218,0,NaN
3/8/2020,Dutchess,0,0,0,0,294218,0,NaN
3/9/2020,Dutchess,0,0,0,0,294218,0,NaN
3/10/2020,Dutchess,0,0,2,2,294218,0,NaN
3/11/2020,Dutchess,1,1,5,7,294218,0,0
3/12/2020,Dutchess,0,1,3,10,294218,0,0
3/13/2020,Dutchess,2,3,10,20,294218,0,0
3/14/2020,Dutchess,4,7,17,37,294218,0,0
3/15/2020,Dutchess,3,10,20,57,294218,0,0
3/16/2020,Dutchess,6,16,32,89,294218,0,0
3/17/2020,Dutchess,4,20,23,112,294218,0,0
3/18/2020,Dutchess,11,31,107,219,294218,0,0
3/19/2020,Dutchess,5,36,59,278,294218,0,0
3/20/2020,Dutchess,13,49,205,483,294218,0,0
3/21/2020,Dutchess,33,82,205,688,294218,1,0.012195121951219513
3/22/2020,Dutchess,18,100,135,823,294218,1,0.01
3/23/2020,Dutchess,24,124,111,934,294218,1,0.008064516129032258
3/24/2020,Dutchess,29,153,146,1080,294218,1,0.006535947712418301
3/25/2020,Dutchess,37,190,209,1289,294218,1,0.005263157894736842
3/26/2020,Dutchess,35,225,155,1444,294218,2,0.008888888888888889
3/27/2020,Dutchess,37,262,200,1644,294218,2,0.007633587786259542
3/28/2020,Dutchess,58,320,195,1839,294218,2,0.00625
3/29/2020,Dutchess,72,392,227,2066,294218,2,0.00510204081632653
3/30/2020,Dutchess,92,484,300,2366,294218,3,0.006198347107438017
3/31/2020,Dutchess,63,547,196,2562,294218,3,0.005484460694698354
4/1/2020,Dutchess,120,667,330,2892,294218,4,0.005997001499250375
4/2/2020,Dutchess,142,809,415,3307,294218,5,0.006180469715698393
4/3/2020,Dutchess,129,938,447,3754,294218,8,0.008528784648187633
4/4/2020,Dutchess,139,1077,352,4106,294218,11,0.01021355617455896
4/5/2020,Dutchess,112,1189,338,4444,294218,11,0.009251471825063078
4/6/2020,Dutchess,60,1249,335,4779,294218,12,0.009607686148919135
4/7/2020,Dutchess,146,1395,462,5241,294218,15,0.010752688172043012
4/8/2020,Dutchess,98,1493,512,5753,294218,15,0.010046885465505693
4/9/2020,Dutchess,105,1598,509,6262,294218,21,0.013141426783479349
4/10/2020,Dutchess,146,1744,584,6846,294218,22,0.01261467889908257
4/11/2020,Dutchess,94,1838,431,7277,294218,23,0.012513601741022852
4/12/2020,Dutchess,43,1881,499,7776,294218,26,0.013822434875066455
4/13/2020,Dutchess,53,1934,566,8342,294218,31,0.016028955532574975
4/14/2020,Dutchess,114,2048,487,8829,294218,34,0.0166015625
4/15/2020,Dutchess,37,2085,314,9143,294218,38,0.018225419664268584
4/16/2020,Dutchess,57,2142,300,9443,294218,40,0.018674136321195144
4/17/2020,Dutchess,59,2201,381,9824,294218,40,0.01817355747387551
4/18/2020,Dutchess,39,2240,196,10020,294218,40,0.017857142857142856
4/19/2020,Dutchess,44,2284,357,10377,294218,49,0.021453590192644482
4/20/2020,Dutchess,47,2331,209,10586,294218,50,0.02145002145002145
4/21/2020,Dutchess,60,2391,313,10899,294218,50,0.020911752404851526
4/22/2020,Dutchess,69,2460,366,11265,294218,53,0.021544715447154472
4/23/2020,Dutchess,57,2517,374,11639,294218,56,0.022248708780294002
4/24/2020,Dutchess,143,2660,913,12552,294218,62,0.02330827067669173
4/25/2020,Dutchess,69,2729,485,13037,294218,62,0.022718944668376696
4/26/2020,Dutchess,64,2793,389,13426,294218,62,0.022198353025420694
4/27/2020,Dutchess,24,2817,223,13649,294218,64,0.022719204827831026
4/28/2020,Dutchess,64,2881,566,14215,294218,65,0.022561610551891705
4/29/2020,Dutchess,73,2954,427,14642,294218,68,0.023019634394041977
4/30/2020,Dutchess,48,3002,443,15085,294218,69,0.022984676882078614
5/1/2020,Dutchess,47,3049,473,15558,294218,70,0.022958346999016072
5/2/2020,Dutchess,37,3086,434,15992,294218,73,0.023655217109526897
5/3/2020,Dutchess,45,3131,370,16362,294218,75,0.023954008304056213
5/4/2020,Dutchess,20,3151,307,16669,294218,81,0.025706125039669948
5/5/2020,Dutchess,41,3192,370,17039,294218,84,0.02631578947368421
5/6/2020,Dutchess,41,3233,438,17477,294218,95,0.029384472626043923
5/7/2020,Dutchess,44,3277,482,17959,294218,96,0.02929508696978944
5/8/2020,Dutchess,42,3319,534,18493,294218,98,0.029526965953600482
5/9/2020,Dutchess,40,3359,471,18964,294218,101,0.030068472759749925
5/10/2020,Dutchess,19,3378,348,19312,294218,103,0.03049141503848431
5/11/2020,Dutchess,21,3399,216,19528,294218,103,0.030303030303030304
5/12/2020,Dutchess,30,3429,387,19915,294218,108,0.031496062992125984
5/13/2020,Dutchess,45,3474,459,20374,294218,114,0.03281519861830743
5/14/2020,Dutchess,24,3498,394,20768,294218,117,0.03344768439108062
5/15/2020,Dutchess,29,3527,627,21395,294218,120,0.03402324922030054
5/16/2020,Dutchess,16,3543,491,21886,294218,123,0.03471634208298052
5/17/2020,Dutchess,9,3552,337,22223,294218,124,0.03490990990990991
5/18/2020,Dutchess,158,3710,972,23195,294218,126,0.033962264150943396
5/19/2020,Dutchess,14,3724,536,23731,294218,128,0.034371643394199784
5/20/2020,Dutchess,21,3745,573,24304,294218,131,0.03497997329773031
5/21/2020,Dutchess,22,3767,556,24860,294218,132,0.03504114680116804
5/22/2020,Dutchess,26,3793,549,25409,294218,133,0.0350645926707092
5/23/2020,Dutchess,14,3807,874,26283,294218,135,0.03546099290780142
5/24/2020,Dutchess,18,3825,650,26933,294218,137,0.03581699346405229
5/25/2020,Dutchess,9,3834,301,27234,294218,138,0.03599374021909233
5/26/2020,Dutchess,13,3847,423,27657,294218,138,0.035872108136210036
5/27/2020,Dutchess,20,3867,911,28568,294218,139,0.03594517713990173
5/28/2020,Dutchess,20,3887,1257,29825,294218,139,0.0357602263956779
5/29/2020,Dutchess,12,3899,1265,31090,294218,139,0.03565016670941267
5/30/2020,Dutchess,10,3909,765,31855,294218,139,0.035558966487592734
5/31/2020,Dutchess,15,3924,1034,32889,294218,139,0.035423037716615695
6/1/2020,Dutchess,12,3936,936,33825,294218,142,0.036077235772357726
6/2/2020,Dutchess,15,3951,1003,34828,294218,142,0.035940268286509744
6/3/2020,Dutchess,11,3962,771,35599,294218,142,0.035840484603735484
6/4/2020,Dutchess,22,3984,1166,36765,294218,142,0.0356425702811245
6/5/2020,Dutchess,11,3995,1072,37837,294218,142,0.03554443053817272
6/6/2020,Dutchess,5,4000,793,38630,294218,143,0.03575
6/7/2020,Dutchess,6,4006,906,39536,294218,144,0.03594608087868198
6/8/2020,Dutchess,10,4016,717,40253,294218,144,0.035856573705179286
6/9/2020,Dutchess,6,4022,944,41197,294218,145,0.03605171556439582
6/10/2020,Dutchess,5,4027,1072,42269,294218,145,0.03600695306679911
6/11/2020,Dutchess,8,4035,1046,43315,294218,145,0.03593556381660471
6/12/2020,Dutchess,14,4049,1186,44501,294218,147,0.03630526055816251
6/13/2020,Dutchess,7,4056,766,45267,294218,147,0.036242603550295856
6/14/2020,Dutchess,12,4068,1161,46428,294218,147,0.036135693215339236
6/15/2020,Dutchess,7,4075,817,47245,294218,147,0.03607361963190184
6/16/2020,Dutchess,2,4077,841,48086,294218,147,0.036055923473142015
6/17/2020,Dutchess,11,4088,1071,49157,294218,148,0.036203522504892366
6/18/2020,Dutchess,22,4110,1206,50363,294218,148,0.03600973236009732
6/19/2020,Dutchess,17,4127,978,51341,294218,150,0.0363460140537921
6/20/2020,Dutchess,11,4138,1101,52442,294218,151,0.036491058482358625
6/21/2020,Dutchess,7,4145,781,53223,294218,151,0.03642943305186972
6/22/2020,Dutchess,5,4150,494,53717,294218,151,0.0363855421686747
6/23/2020,Dutchess,8,4158,595,54312,294218,151,0.036315536315536315
6/24/2020,Dutchess,18,4176,1245,55557,294218,151,0.036159003831417624
6/25/2020,Dutchess,3,4179,958,56515,294218,151,0.03613304618329744
6/26/2020,Dutchess,12,4191,1099,57614,294218,151,0.03602958721068957
6/27/2020,Dutchess,7,4198,828,58442,294218,151,0.03596950929013816
6/28/2020,Dutchess,3,4201,773,59215,294218,151,0.03594382289930969
6/29/2020,Dutchess,6,4207,422,59637,294218,151,0.035892560019015925
6/30/2020,Dutchess,6,4213,1015,60652,294218,151,0.035841443152148114
7/1/2020,Dutchess,12,4225,973,61625,294218,151,0.0357396449704142
7/2/2020,Dutchess,6,4231,967,62592,294218,151,0.035688962420231625
7/3/2020,Dutchess,7,4238,828,63420,294218,151,0.03563001415762152
7/4/2020,Dutchess,5,4243,1123,64543,294218,151,0.03558802733914683
7/5/2020,Dutchess,3,4246,1096,65639,294218,152,0.03579839849269901
7/6/2020,Dutchess,2,4248,772,66411,294218,152,0.035781544256120526
7/7/2020,Dutchess,2,4250,699,67110,294218,152,0.03576470588235294
7/8/2020,Dutchess,5,4255,1052,68162,294218,152,0.03572267920094007
7/9/2020,Dutchess,7,4262,1041,69203,294218,152,0.03566400750821211
7/10/2020,Dutchess,7,4269,1229,70432,294218,152,0.035605528226751
7/11/2020,Dutchess,7,4276,1047,71479,294218,152,0.03554724041159962
7/12/2020,Dutchess,4,4280,839,72318,294218,152,0.03551401869158879
7/13/2020,Dutchess,38,4318,1153,73471,294218,152,0.03520148216767022
7/14/2020,Dutchess,19,4337,907,74378,294218,152,0.035047267696564445
7/15/2020,Dutchess,20,4357,1278,75656,294218,152,0.034886389717695664
7/16/2020,Dutchess,6,4363,1198,76854,294218,152,0.034838413935365575
7/17/2020,Dutchess,10,4373,1125,77979,294218,153,0.03498742282186142
7/18/2020,Dutchess,3,4376,802,78781,294218,153,0.03496343692870201
7/19/2020,Dutchess,0,4376,603,79384,294218,153,0.03496343692870201
7/20/2020,Dutchess,4,4380,852,80236,294218,153,0.03493150684931507
7/21/2020,Dutchess,7,4387,986,81222,294218,153,0.03487576931844085
7/22/2020,Dutchess,13,4400,1149,82371,294218,153,0.034772727272727275
7/23/2020,Dutchess,8,4408,1146,83517,294218,153,0.03470961887477314
7/24/2020,Dutchess,4,4412,1041,84558,294218,153,0.03467815049864007
7/25/2020,Dutchess,13,4425,921,85479,294218,153,0.03457627118644068
7/26/2020,Dutchess,15,4440,739,86218,294218,153,0.03445945945945946
7/27/2020,Dutchess,7,4447,1020,87238,294218,153,0.03440521700022487
7/28/2020,Dutchess,6,4453,1250,88488,294218,153,0.03435885919604761
7/29/2020,Dutchess,15,4468,1715,90203,294218,153,0.03424350940017905
7/30/2020,Dutchess,22,4490,1610,91813,294218,153,0.03407572383073497
7/31/2020,Dutchess,14,4504,1376,93189,294218,153,0.03396980461811723
8/1/2020,Dutchess,16,4520,1429,94618,294218,153,0.033849557522123895
8/2/2020,Dutchess,23,4543,1047,95665,294218,153,0.033678186220559105
8/3/2020,Dutchess,14,4557,796,96461,294218,153,0.03357472021066491
8/4/2020,Dutchess,11,4568,990,97451,294218,153,0.0334938704028021
8/5/2020,Dutchess,14,4582,1232,98683,294218,153,0.033391532082060235
8/6/2020,Dutchess,7,4589,992,99675,294218,153,0.033340597079973854
8/7/2020,Dutchess,11,4600,1191,100866,294218,153,0.03326086956521739
8/8/2020,Dutchess,7,4607,1244,102110,294218,153,0.033210332103321034
8/9/2020,Dutchess,6,4613,998,103108,294218,153,0.03316713635378279
8/10/2020,Dutchess,6,4619,885,103993,294218,153,0.03312405282528686
8/11/2020,Dutchess,12,4631,1114,105107,294218,153,0.03303822068667674
8/12/2020,Dutchess,9,4640,1362,106469,294218,153,0.032974137931034486
8/13/2020,Dutchess,15,4655,1549,108018,294218,153,0.03286788399570355
8/14/2020,Dutchess,13,4668,1797,109815,294218,153,0.032776349614395885
8/15/2020,Dutchess,18,4686,1581,111396,294218,153,0.03265044814340589
8/16/2020,Dutchess,14,4700,1177,112573,294218,153,0.0325531914893617
8/17/2020,Dutchess,4,4704,787,113360,294218,153,0.032525510204081634
8/18/2020,Dutchess,6,4710,1253,114613,294218,153,0.03248407643312102
8/19/2020,Dutchess,11,4721,1406,116019,294218,153,0.03240838805337852
8/20/2020,Dutchess,13,4734,1832,117851,294218,153,0.03231939163498099
8/21/2020,Dutchess,19,4753,1522,119373,294218,153,0.032190195665895226
8/22/2020,Dutchess,14,4767,1475,120848,294218,153,0.032095657646318436
8/23/2020,Dutchess,10,4777,1245,122093,294218,153,0.03202846975088968
8/24/2020,Dutchess,13,4790,1523,123616,294218,153,0.031941544885177454
8/25/2020,Dutchess,8,4798,1335,124951,294218,153,0.0318882867861609
8/26/2020,Dutchess,17,4815,2006,126957,294218,153,0.03177570093457944
8/27/2020,Dutchess,12,4827,1803,128760,294218,153,0.031696706028589185
8/28/2020,Dutchess,19,4846,2102,130862,294218,153,0.031572430870821296
8/29/2020,Dutchess,6,4852,1867,132729,294218,153,0.03153338829348722
8/30/2020,Dutchess,13,4865,1455,134184,294218,153,0.03144912641315519
8/31/2020,Dutchess,3,4868,1515,135699,294218,153,0.03142974527526705
9/1/2020,Dutchess,10,4878,1329,137028,294218,153,0.03136531365313653
9/2/2020,Dutchess,14,4892,1400,138428,294218,153,0.031275551921504496
9/3/2020,Dutchess,10,4902,1308,139736,294218,153,0.031211750305997554
9/4/2020,Dutchess,12,4914,1692,141428,294218,153,0.031135531135531136
9/5/2020,Dutchess,14,4928,1404,142832,294218,153,0.031047077922077924
9/6/2020,Dutchess,11,4939,992,143824,294218,153,0.030977930755213608
9/7/2020,Dutchess,5,4944,609,144433,294218,153,0.030946601941747573
9/8/2020,Dutchess,12,4956,867,145300,294218,153,0.030871670702179176
9/9/2020,Dutchess,6,4962,1341,146641,294218,154,0.031035872632003223
9/10/2020,Dutchess,13,4975,1436,148077,294218,154,0.030954773869346735
9/11/2020,Dutchess,9,4984,1632,149709,294218,154,0.03089887640449438
9/12/2020,Dutchess,2,4986,1298,151007,294218,154,0.030886482150020055
9/13/2020,Dutchess,8,4994,1157,152164,294218,154,0.030837004405286344
9/14/2020,Dutchess,12,5006,1047,153211,294218,154,0.03076308429884139
9/15/2020,Dutchess,8,5014,1186,154397,294218,154,0.030714000797766254
9/16/2020,Dutchess,28,5042,1294,155691,294218,156,0.03094010313367711
9/17/2020,Dutchess,8,5050,1205,156896,294218,156,0.03089108910891089
9/18/2020,Dutchess,3,5053,1444,158340,294218,156,0.030872748862062142
9/19/2020,Dutchess,6,5059,1591,159931,294218,156,0.0308361336232457
9/20/2020,Dutchess,17,5076,1090,161021,294218,156,0.030732860520094562
9/21/2020,Dutchess,8,5084,982,162003,294218,156,0.03068450039339103
9/22/2020,Dutchess,5,5089,910,162913,294218,156,0.030654352525054038
9/23/2020,Dutchess,16,5105,1303,164216,294218,156,0.030558276199804113
9/24/2020,Dutchess,3,5108,1388,165604,294218,156,0.030540328895849646
9/25/2020,Dutchess,7,5115,1346,166950,294218,156,0.030498533724340176
9/26/2020,Dutchess,5,5120,1218,168168,294218,156,0.03046875
9/27/2020,Dutchess,4,5124,886,169054,294218,156,0.03044496487119438
9/28/2020,Dutchess,6,5130,896,169950,294218,156,0.0304093567251462
9/29/2020,Dutchess,7,5137,837,170787,294218,156,0.030367919018882618
9/30/2020,Dutchess,11,5148,1617,172404,294218,156,0.030303030303030304
10/1/2020,Dutchess,17,5165,2223,174627,294218,157,0.030396902226524684
10/2/2020,Dutchess,4,5169,2087,176714,294218,157,0.030373379763977557
10/3/2020,Dutchess,10,5179,1408,178122,294218,158,0.030507820042479244
10/4/2020,Dutchess,8,5187,1157,179279,294218,158,0.030460767302872567
10/5/2020,Dutchess,18,5205,1487,180766,294218,160,0.03073967339097022
10/6/2020,Dutchess,9,5214,1341,182107,294218,160,0.03068661296509398
10/7/2020,Dutchess,8,5222,2438,184545,294218,161,0.030831099195710455
10/8/2020,Dutchess,11,5233,1790,186335,294218,161,0.030766290846550734
10/9/2020,Dutchess,12,5245,1883,188218,294218,161,0.03069590085795996
10/10/2020,Dutchess,7,5252,1454,189672,294218,161,0.030654988575780653
10/11/2020,Dutchess,7,5259,1465,191137,294218,162,0.03080433542498574
10/12/2020,Dutchess,12,5271,1172,192309,294218,162,0.030734206033010813
10/13/2020,Dutchess,10,5281,1996,194305,294218,163,0.030865366407877296
10/14/2020,Dutchess,8,5289,1951,196256,294218,163,0.030818680279826056
10/15/2020,Dutchess,16,5305,1542,197798,294218,163,0.030725730442978324
10/16/2020,Dutchess,13,5318,2055,199853,294218,163,0.03065062053403535
10/17/2020,Dutchess,10,5328,1421,201274,294218,163,0.030593093093093094
10/18/2020,Dutchess,12,5340,1399,202673,294218,163,0.03052434456928839
10/19/2020,Dutchess,15,5355,1287,203960,294218,163,0.030438842203548085
10/20/2020,Dutchess,11,5366,1182,205142,294218,164,0.03056280283265002
10/21/2020,Dutchess,16,5382,1749,206891,294218,164,0.030471943515421776
10/22/2020,Dutchess,21,5403,2223,209114,294218,164,0.030353507310753286
10/23/2020,Dutchess,18,5421,1919,211033,294218,165,0.030437188710570006
10/24/2020,Dutchess,17,5438,1551,212584,294218,165,0.030342037513791834
10/25/2020,Dutchess,12,5450,1216,213800,294218,165,0.030275229357798167
10/26/2020,Dutchess,15,5465,1516,215316,294218,165,0.03019213174748399
10/27/2020,Dutchess,7,5472,1356,216672,294218,165,0.030153508771929825
10/28/2020,Dutchess,36,5508,2367,219039,294218,165,0.029956427015250545
10/29/2020,Dutchess,17,5525,1787,220826,294218,165,0.02986425339366516
10/30/2020,Dutchess,22,5547,1793,222619,294218,165,0.029745808545159545
10/31/2020,Dutchess,18,5565,1974,224593,294218,165,0.029649595687331536
11/1/2020,Dutchess,20,5585,1265,225858,294218,166,0.0297224709042077
11/2/2020,Dutchess,27,5612,1626,227484,294218,166,0.029579472558802566
11/3/2020,Dutchess,30,5642,1665,229149,294218,166,0.029422190712513292
11/4/2020,Dutchess,27,5669,1989,231138,294218,166,0.029282060328100195
11/5/2020,Dutchess,41,5710,1828,232966,294218,166,0.02907180385288967
11/6/2020,Dutchess,29,5739,2426,235392,294218,168,0.029273392577104027
11/7/2020,Dutchess,51,5790,2182,237574,294218,168,0.029015544041450778
11/8/2020,Dutchess,49,5839,1529,239103,294218,168,0.02877205000856311
11/9/2020,Dutchess,40,5879,1551,240654,294218,168,0.02857628848443613
11/10/2020,Dutchess,65,5944,2150,242804,294218,170,0.02860026917900404
11/11/2020,Dutchess,59,6003,2240,245044,294218,172,0.028652340496418457
11/12/2020,Dutchess,71,6074,3122,248166,294218,173,0.02848205465920316
11/13/2020,Dutchess,70,6144,2344,250510,294218,173,0.028157552083333332
11/14/2020,Dutchess,41,6185,1598,252108,294218,173,0.027970897332255457
3/1/2020,Erie,0,0,0,0,918702,0,NaN
3/2/2020,Erie,0,0,0,0,918702,0,NaN
3/3/2020,Erie,0,0,0,0,918702,0,NaN
3/4/2020,Erie,0,0,6,6,918702,0,NaN
3/5/2020,Erie,0,0,6,12,918702,0,NaN
3/6/2020,Erie,0,0,0,12,918702,0,NaN
3/7/2020,Erie,0,0,2,14,918702,0,NaN
3/8/2020,Erie,0,0,1,15,918702,0,NaN
3/9/2020,Erie,0,0,1,16,918702,0,NaN
3/10/2020,Erie,0,0,2,18,918702,0,NaN
3/11/2020,Erie,0,0,0,18,918702,0,NaN
3/12/2020,Erie,0,0,13,31,918702,0,NaN
3/13/2020,Erie,0,0,5,36,918702,0,NaN
3/14/2020,Erie,3,3,22,58,918702,0,0
3/15/2020,Erie,3,6,10,68,918702,0,0
3/16/2020,Erie,1,7,2,70,918702,0,0
3/17/2020,Erie,0,7,2,72,918702,0,0
3/18/2020,Erie,21,28,130,202,918702,0,0
3/19/2020,Erie,3,31,43,245,918702,0,0
3/20/2020,Erie,7,38,55,300,918702,0,0
3/21/2020,Erie,16,54,111,411,918702,0,0
3/22/2020,Erie,33,87,247,658,918702,0,0
3/23/2020,Erie,20,107,100,758,918702,0,0
3/24/2020,Erie,15,122,114,872,918702,1,0.00819672131147541
3/25/2020,Erie,12,134,116,988,918702,1,0.007462686567164179
3/26/2020,Erie,85,219,348,1336,918702,5,0.0228310502283105
3/27/2020,Erie,99,318,370,1706,918702,5,0.015723270440251572
3/28/2020,Erie,40,358,126,1832,918702,6,0.01675977653631285
3/29/2020,Erie,18,376,67,1899,918702,7,0.018617021276595744
3/30/2020,Erie,62,438,189,2088,918702,8,0.0182648401826484
3/31/2020,Erie,26,464,119,2207,918702,10,0.021551724137931036
4/1/2020,Erie,153,617,571,2778,918702,11,0.017828200972447326
4/2/2020,Erie,103,720,429,3207,918702,19,0.02638888888888889
4/3/2020,Erie,88,808,317,3524,918702,22,0.027227722772277228
4/4/2020,Erie,110,918,402,3926,918702,26,0.02832244008714597
4/5/2020,Erie,105,1023,549,4475,918702,27,0.026392961876832845
4/6/2020,Erie,112,1135,396,4871,918702,30,0.02643171806167401
4/7/2020,Erie,70,1205,295,5166,918702,39,0.03236514522821577
4/8/2020,Erie,157,1362,458,5624,918702,39,0.028634361233480177
4/9/2020,Erie,47,1409,309,5933,918702,46,0.032647267565649396
4/10/2020,Erie,63,1472,297,6230,918702,54,0.036684782608695655
4/11/2020,Erie,99,1571,317,6547,918702,57,0.036282622533418206
4/12/2020,Erie,53,1624,182,6729,918702,70,0.04310344827586207
4/13/2020,Erie,44,1668,223,6952,918702,81,0.048561151079136694
4/14/2020,Erie,83,1751,326,7278,918702,94,0.05368360936607653
4/15/2020,Erie,99,1850,394,7672,918702,104,0.05621621621621622
4/16/2020,Erie,79,1929,348,8020,918702,109,0.05650596163815448
4/17/2020,Erie,68,1997,262,8282,918702,109,0.05458187280921382
4/18/2020,Erie,73,2070,367,8649,918702,109,0.052657004830917876
4/19/2020,Erie,39,2109,199,8848,918702,136,0.0644855381697487
4/20/2020,Erie,38,2147,258,9106,918702,143,0.06660456450861667
4/21/2020,Erie,86,2233,347,9453,918702,151,0.06762203313927452
4/22/2020,Erie,217,2450,1307,10760,918702,161,0.06571428571428571
4/23/2020,Erie,153,2603,982,11742,918702,165,0.06338839800230503
4/24/2020,Erie,170,2773,872,12614,918702,184,0.06635412910205554
4/25/2020,Erie,181,2954,795,13409,918702,186,0.06296547054840894
4/26/2020,Erie,67,3021,508,13917,918702,192,0.06355511420059583
4/27/2020,Erie,68,3089,586,14503,918702,195,0.06312722563936549
4/28/2020,Erie,107,3196,716,15219,918702,203,0.06351689612015018
4/29/2020,Erie,123,3319,885,16104,918702,207,0.06236818318770714
4/30/2020,Erie,162,3481,905,17009,918702,214,0.061476587187589776
5/1/2020,Erie,117,3598,1058,18067,918702,220,0.061145080600333516
5/2/2020,Erie,112,3710,799,18866,918702,228,0.061455525606469004
5/3/2020,Erie,92,3802,760,19626,918702,235,0.06180957390846923
5/4/2020,Erie,89,3891,779,20405,918702,238,0.06116679516833719
5/5/2020,Erie,117,4008,1498,21903,918702,248,0.06187624750499002
5/6/2020,Erie,128,4136,1164,23067,918702,322,0.07785299806576403
5/7/2020,Erie,119,4255,1008,24075,918702,334,0.07849588719153937
5/8/2020,Erie,82,4337,1049,25124,918702,339,0.07816462992852202
5/9/2020,Erie,116,4453,1231,26355,918702,351,0.07882326521446216
5/10/2020,Erie,30,4483,386,26741,918702,359,0.08008030336828018
5/11/2020,Erie,47,4530,696,27437,918702,370,0.08167770419426049
5/12/2020,Erie,76,4606,1591,29028,918702,379,0.08228397742075554
5/13/2020,Erie,65,4671,1664,30692,918702,386,0.08263755084564334
5/14/2020,Erie,111,4782,1690,32382,918702,394,0.08239230447511502
5/15/2020,Erie,85,4867,1164,33546,918702,400,0.08218615163344976
5/16/2020,Erie,87,4954,1827,35373,918702,410,0.08276140492531288
5/17/2020,Erie,39,4993,628,36001,918702,420,0.08411776487081915
5/18/2020,Erie,44,5037,934,36935,918702,426,0.08457415128052412
5/19/2020,Erie,94,5131,2198,39133,918702,432,0.08419411420775677
5/20/2020,Erie,139,5270,2974,42107,918702,437,0.08292220113851992
5/21/2020,Erie,127,5397,2175,44282,918702,445,0.08245321474893459
5/22/2020,Erie,155,5552,2767,47049,918702,454,0.08177233429394813
5/23/2020,Erie,74,5626,1742,48791,918702,460,0.08176324209029506
5/24/2020,Erie,74,5700,1718,50509,918702,465,0.08157894736842106
5/25/2020,Erie,53,5753,1334,51843,918702,471,0.08187032852424822
5/26/2020,Erie,57,5810,1572,53415,918702,479,0.08244406196213425
5/27/2020,Erie,76,5886,2367,55782,918702,485,0.08239891267414204
5/28/2020,Erie,49,5935,1944,57726,918702,494,0.08323504633529907
5/29/2020,Erie,79,6014,2434,60160,918702,497,0.08264050548719654
5/30/2020,Erie,56,6070,2402,62562,918702,497,0.08187808896210873
5/31/2020,Erie,53,6123,1951,64513,918702,497,0.0811693614241385
6/1/2020,Erie,50,6173,2225,66738,918702,508,0.08229386035963066
6/2/2020,Erie,61,6234,3364,70102,918702,512,0.082130253448829
6/3/2020,Erie,74,6308,2639,72741,918702,516,0.0818008877615726
6/4/2020,Erie,51,6359,2896,75637,918702,521,0.08193112124547886
6/5/2020,Erie,70,6429,4101,79738,918702,523,0.08135013221340799
6/6/2020,Erie,57,6486,2102,81840,918702,527,0.08125192722787543
6/7/2020,Erie,45,6531,1670,83510,918702,529,0.08099831572500382
6/8/2020,Erie,64,6595,3600,87110,918702,532,0.08066717210007582
6/9/2020,Erie,21,6616,2358,89468,918702,538,0.0813180169286578
6/10/2020,Erie,43,6659,2427,91895,918702,541,0.0812434299444361
6/11/2020,Erie,58,6717,3047,94942,918702,542,0.08069078457644782
6/12/2020,Erie,36,6753,2819,97761,918702,544,0.0805567895750037
6/13/2020,Erie,32,6785,2624,100385,918702,548,0.08076639646278555
6/14/2020,Erie,32,6817,1796,102181,918702,552,0.08097403549948658
6/15/2020,Erie,35,6852,2174,104355,918702,554,0.08085230589608873
6/16/2020,Erie,30,6882,2419,106774,918702,557,0.08093577448416159
6/17/2020,Erie,38,6920,2888,109662,918702,558,0.08063583815028902
6/18/2020,Erie,35,6955,3405,113067,918702,560,0.08051761322789361
6/19/2020,Erie,25,6980,3055,116122,918702,561,0.08037249283667622
6/20/2020,Erie,24,7004,2204,118326,918702,563,0.08038263849229012
6/21/2020,Erie,31,7035,2224,120550,918702,565,0.08031272210376687
6/22/2020,Erie,38,7073,2083,122633,918702,567,0.08016400395871624
6/23/2020,Erie,35,7108,2861,125494,918702,568,0.0799099606077659
6/24/2020,Erie,30,7138,3065,128559,918702,568,0.07957411039506865
6/25/2020,Erie,43,7181,2620,131179,918702,569,0.07923687508703524
6/26/2020,Erie,25,7206,2428,133607,918702,569,0.07896197613100195
6/27/2020,Erie,22,7228,2116,135723,918702,569,0.07872163807415605
6/28/2020,Erie,21,7249,1787,137510,918702,569,0.0784935853221134
6/29/2020,Erie,43,7292,2534,140044,918702,569,0.07803071859572133
6/30/2020,Erie,45,7337,2670,142714,918702,571,0.07782472400163555
7/1/2020,Erie,33,7370,2959,145673,918702,572,0.07761194029850746
7/2/2020,Erie,57,7427,2920,148593,918702,573,0.07715093577487546
7/3/2020,Erie,35,7462,2542,151135,918702,573,0.07678906459394265
7/4/2020,Erie,13,7475,1775,152910,918702,573,0.07665551839464883
7/5/2020,Erie,25,7500,1603,154513,918702,574,0.07653333333333333
7/6/2020,Erie,44,7544,2750,157263,918702,574,0.07608695652173914
7/7/2020,Erie,52,7596,3240,160503,918702,576,0.07582938388625593
7/8/2020,Erie,28,7624,3212,163715,918702,576,0.07555089192025184
7/9/2020,Erie,36,7660,3299,167014,918702,576,0.0751958224543081
7/10/2020,Erie,51,7711,2752,169766,918702,576,0.07469848268707042
7/11/2020,Erie,31,7742,2421,172187,918702,576,0.07439938000516662
7/12/2020,Erie,24,7766,1765,173952,918702,576,0.07416945660571723
7/13/2020,Erie,67,7833,2651,176603,918702,577,0.073662709051449
7/14/2020,Erie,58,7891,2975,179578,918702,578,0.07324800405525282
7/15/2020,Erie,36,7927,3015,182593,918702,580,0.07316765485051091
7/16/2020,Erie,55,7982,3391,185984,918702,581,0.07278877474317214
7/17/2020,Erie,34,8016,2039,188023,918702,582,0.07260479041916168
7/18/2020,Erie,19,8035,1699,189722,918702,584,0.07268201617921594
7/19/2020,Erie,11,8046,1434,191156,918702,584,0.07258264976385782
7/20/2020,Erie,60,8106,3225,194381,918702,586,0.07229212928694793
7/21/2020,Erie,29,8135,2772,197153,918702,586,0.07203441917639827
7/22/2020,Erie,52,8187,3067,200220,918702,587,0.07169903505557591
7/23/2020,Erie,47,8234,3348,203568,918702,587,0.07128977410735973
7/24/2020,Erie,48,8282,4090,207658,918702,591,0.07135957498188843
7/25/2020,Erie,19,8301,1879,209537,918702,591,0.07119624141669678
7/26/2020,Erie,26,8327,1845,211382,918702,591,0.07097394019454786
7/27/2020,Erie,37,8364,2806,214188,918702,592,0.07077953132472502
7/28/2020,Erie,46,8410,2416,216604,918702,592,0.07039239001189061
7/29/2020,Erie,24,8434,3886,220490,918702,593,0.07031064737965378
7/30/2020,Erie,58,8492,3108,223598,918702,594,0.06994818652849741
7/31/2020,Erie,56,8548,3740,227338,918702,594,0.06948993916705662
8/1/2020,Erie,24,8572,2624,229962,918702,594,0.06929538030797947
8/2/2020,Erie,54,8626,2148,232110,918702,594,0.06886158126594018
8/3/2020,Erie,41,8667,3906,236016,918702,595,0.06865120572285681
8/4/2020,Erie,35,8702,5925,241941,918702,596,0.06849000229832222
8/5/2020,Erie,35,8737,3420,245361,918702,596,0.068215634657205
8/6/2020,Erie,54,8791,3434,248795,918702,596,0.06779661016949153
8/7/2020,Erie,59,8850,4495,253290,918702,597,0.06745762711864407
8/8/2020,Erie,54,8904,2649,255939,918702,597,0.06704851752021564
8/9/2020,Erie,14,8918,1745,257684,918702,598,0.06705539358600583
8/10/2020,Erie,69,8987,4022,261706,918702,598,0.06654055858462223
8/11/2020,Erie,26,9013,3239,264945,918702,599,0.06645955841562189
8/12/2020,Erie,20,9033,2742,267687,918702,601,0.06653382043617846
8/13/2020,Erie,31,9064,3467,271154,918702,601,0.066306266548985
8/14/2020,Erie,50,9114,3109,274263,918702,601,0.06594250603467193
8/15/2020,Erie,33,9147,2644,276907,918702,601,0.065704602601946
8/16/2020,Erie,10,9157,1992,278899,918702,602,0.06574205525827236
8/17/2020,Erie,30,9187,2900,281799,918702,603,0.06563622510068576
8/18/2020,Erie,54,9241,3346,285145,918702,603,0.06525267828157126
8/19/2020,Erie,42,9283,3339,288484,918702,604,0.06506517289669288
8/20/2020,Erie,81,9364,4163,292647,918702,604,0.06450234942332336
8/21/2020,Erie,49,9413,3703,296350,918702,604,0.06416657813661956
8/22/2020,Erie,52,9465,2255,298605,918702,604,0.06381405176967776
8/23/2020,Erie,26,9491,1452,300057,918702,605,0.06374460014750817
8/24/2020,Erie,55,9546,3320,303377,918702,605,0.06337733081919128
8/25/2020,Erie,43,9589,2649,306026,918702,605,0.06309312754197519
8/26/2020,Erie,79,9668,3893,309919,918702,605,0.06257757550682665
8/27/2020,Erie,45,9713,4199,314118,918702,605,0.0622876557191393
8/28/2020,Erie,28,9741,3012,317130,918702,605,0.06210861307873935
8/29/2020,Erie,66,9807,3774,320904,918702,605,0.06169062914244927
8/30/2020,Erie,65,9872,2691,323595,918702,606,0.06138573743922204
8/31/2020,Erie,75,9947,3839,327434,918702,606,0.06092289132401729
9/1/2020,Erie,70,10017,4364,331798,918702,607,0.06059698512528701
9/2/2020,Erie,69,10086,3801,335599,918702,607,0.06018243109260361
9/3/2020,Erie,70,10156,3606,339205,918702,607,0.059767625049231984
9/4/2020,Erie,56,10212,4124,343329,918702,607,0.05943987465726596
9/5/2020,Erie,54,10266,2017,345346,918702,607,0.059127216052990456
9/6/2020,Erie,54,10320,2176,347522,918702,609,0.05901162790697674
9/7/2020,Erie,26,10346,2250,349772,918702,609,0.05886332882273342
9/8/2020,Erie,48,10394,2523,352295,918702,610,0.05868770444487204
9/9/2020,Erie,50,10444,4218,356513,918702,611,0.05850248946763692
9/10/2020,Erie,59,10503,3118,359631,918702,614,0.05845948776540036
9/11/2020,Erie,64,10567,3728,363359,918702,615,0.0582000567805432
9/12/2020,Erie,70,10637,3130,366489,918702,615,0.05781705368054903
9/13/2020,Erie,31,10668,2288,368777,918702,615,0.05764904386951631
9/14/2020,Erie,48,10716,2882,371659,918702,616,0.05748413587159388
9/15/2020,Erie,36,10752,2568,374227,918702,616,0.057291666666666664
9/16/2020,Erie,81,10833,4437,378664,918702,619,0.057140219699067664
9/17/2020,Erie,40,10873,2670,381334,918702,619,0.05693001011680309
9/18/2020,Erie,44,10917,4544,385878,918702,621,0.05688375927452597
9/19/2020,Erie,82,10999,4104,389982,918702,622,0.056550595508682605
9/20/2020,Erie,43,11042,2187,392169,918702,622,0.05633037493207752
9/21/2020,Erie,40,11082,2592,394761,918702,622,0.05612705287854178
9/22/2020,Erie,30,11112,3058,397819,918702,623,0.056065514758819296
9/23/2020,Erie,89,11201,4107,401926,918702,623,0.055620033925542364
9/24/2020,Erie,50,11251,3783,405709,918702,623,0.0553728557461559
9/25/2020,Erie,57,11308,3901,409610,918702,623,0.055093738945879024
9/26/2020,Erie,34,11342,3908,413518,918702,624,0.05501675189560924
9/27/2020,Erie,17,11359,1515,415033,918702,624,0.054934413240602165
9/28/2020,Erie,86,11445,5162,420195,918702,625,0.054608999563128
9/29/2020,Erie,55,11500,5326,425521,918702,625,0.05434782608695652
9/30/2020,Erie,74,11574,3856,429377,918702,625,0.054000345602211855
10/1/2020,Erie,63,11637,5162,434539,918702,627,0.05387986594483114
10/2/2020,Erie,60,11697,4462,439001,918702,627,0.05360348807386509
10/3/2020,Erie,70,11767,6965,445966,918702,629,0.053454576357610264
10/4/2020,Erie,31,11798,2448,448414,918702,632,0.053568401423970166
10/5/2020,Erie,66,11864,3354,451768,918702,633,0.05335468644639245
10/6/2020,Erie,34,11898,3953,455721,918702,634,0.05328626659942848
10/7/2020,Erie,55,11953,4054,459775,918702,635,0.05312473855935748
10/8/2020,Erie,45,11998,4900,464675,918702,636,0.053008834805800965
10/9/2020,Erie,57,12055,4372,469047,918702,636,0.05275819162173372
10/10/2020,Erie,52,12107,3399,472446,918702,637,0.05261419013793673
10/11/2020,Erie,47,12154,3798,476244,918702,638,0.052493006417640285
10/12/2020,Erie,28,12182,3453,479697,918702,639,0.05245444097849286
10/13/2020,Erie,34,12216,3972,483669,918702,639,0.05230844793713163
10/14/2020,Erie,53,12269,4562,488231,918702,639,0.05208248431004972
10/15/2020,Erie,55,12324,4569,492800,918702,640,0.0519311911716975
10/16/2020,Erie,69,12393,5236,498036,918702,640,0.05164205599935447
10/17/2020,Erie,58,12451,3684,501720,918702,640,0.051401493855915185
10/18/2020,Erie,17,12468,2065,503785,918702,641,0.051411613731151745
10/19/2020,Erie,45,12513,4108,507893,918702,641,0.0512267242068249
10/20/2020,Erie,61,12574,4398,512291,918702,643,0.051137267377127406
10/21/2020,Erie,76,12650,5874,518165,918702,643,0.0508300395256917
10/22/2020,Erie,55,12705,4845,523010,918702,646,0.0508461235733963
10/23/2020,Erie,77,12782,7071,530081,918702,647,0.05061805664215303
10/24/2020,Erie,37,12819,2645,532726,918702,647,0.05047195569077151
10/25/2020,Erie,36,12855,3109,535835,918702,647,0.05033061065733178
10/26/2020,Erie,116,12971,4264,540099,918702,649,0.050034692776193046
10/27/2020,Erie,50,13021,4485,544584,918702,649,0.049842562015206204
10/28/2020,Erie,140,13161,4756,549340,918702,652,0.049540308487197024
10/29/2020,Erie,101,13262,4797,554137,918702,652,0.04916302216860202
10/30/2020,Erie,151,13413,5294,559431,918702,653,0.04868411242824126
10/31/2020,Erie,118,13531,4416,563847,918702,654,0.04833345650727958
11/1/2020,Erie,53,13584,2604,566451,918702,654,0.04814487632508834
11/2/2020,Erie,164,13748,4798,571249,918702,655,0.047643293569973814
11/3/2020,Erie,160,13908,3924,575173,918702,656,0.04716709807305148
11/4/2020,Erie,215,14123,5681,580854,918702,657,0.04651986121928769
11/5/2020,Erie,215,14338,6263,587117,918702,658,0.04589203515134607
11/6/2020,Erie,379,14717,8038,595155,918702,658,0.044710199089488346
11/7/2020,Erie,271,14988,4678,599833,918702,661,0.044101948225246865
11/8/2020,Erie,228,15216,3792,603625,918702,661,0.04344111461619348
11/9/2020,Erie,390,15606,6103,609728,918702,668,0.04280404972446495
11/10/2020,Erie,422,16028,7615,617343,918702,674,0.042051410032443226
11/11/2020,Erie,512,16540,7940,625283,918702,676,0.04087061668681983
11/12/2020,Erie,481,17021,10222,635505,918702,681,0.040009400152752485
11/13/2020,Erie,448,17469,8737,644242,918702,685,0.03921231896502376
11/14/2020,Erie,277,17746,4435,648677,918702,689,0.038825650850895975
3/1/2020,Essex,0,0,0,0,36885,0,NaN
3/2/2020,Essex,0,0,0,0,36885,0,NaN
3/3/2020,Essex,0,0,0,0,36885,0,NaN
3/4/2020,Essex,0,0,0,0,36885,0,NaN
3/5/2020,Essex,0,0,0,0,36885,0,NaN
3/6/2020,Essex,0,0,0,0,36885,0,NaN
3/7/2020,Essex,0,0,0,0,36885,0,NaN
3/8/2020,Essex,0,0,0,0,36885,0,NaN
3/9/2020,Essex,0,0,0,0,36885,0,NaN
3/10/2020,Essex,0,0,0,0,36885,0,NaN
3/11/2020,Essex,0,0,0,0,36885,0,NaN
3/12/2020,Essex,0,0,0,0,36885,0,NaN
3/13/2020,Essex,0,0,2,2,36885,0,NaN
3/14/2020,Essex,0,0,1,3,36885,0,NaN
3/15/2020,Essex,0,0,2,5,36885,0,NaN
3/16/2020,Essex,0,0,0,5,36885,0,NaN
3/17/2020,Essex,1,1,2,7,36885,0,0
3/18/2020,Essex,0,1,1,8,36885,0,0
3/19/2020,Essex,0,1,10,18,36885,0,0
3/20/2020,Essex,1,2,5,23,36885,0,0
3/21/2020,Essex,1,3,8,31,36885,0,0
3/22/2020,Essex,0,3,2,33,36885,0,0
3/23/2020,Essex,0,3,11,44,36885,0,0
3/24/2020,Essex,1,4,6,50,36885,0,0
3/25/2020,Essex,0,4,7,57,36885,0,0
3/26/2020,Essex,0,4,6,63,36885,0,0
3/27/2020,Essex,0,4,5,68,36885,0,0
3/28/2020,Essex,0,4,3,71,36885,0,0
3/29/2020,Essex,0,4,3,74,36885,0,0
3/30/2020,Essex,0,4,5,79,36885,0,0
3/31/2020,Essex,2,6,8,87,36885,0,0
4/1/2020,Essex,0,6,2,89,36885,0,0
4/2/2020,Essex,0,6,2,91,36885,0,0
4/3/2020,Essex,1,7,7,98,36885,0,0
4/4/2020,Essex,0,7,4,102,36885,0,0
4/5/2020,Essex,0,7,4,106,36885,0,0
4/6/2020,Essex,0,7,5,111,36885,0,0
4/7/2020,Essex,0,7,4,115,36885,0,0
4/8/2020,Essex,1,8,6,121,36885,0,0
4/9/2020,Essex,2,10,13,134,36885,0,0
4/10/2020,Essex,2,12,4,138,36885,0,0
4/11/2020,Essex,0,12,12,150,36885,0,0
4/12/2020,Essex,0,12,5,155,36885,0,0
4/13/2020,Essex,0,12,24,179,36885,0,0
4/14/2020,Essex,0,12,3,182,36885,0,0
4/15/2020,Essex,0,12,8,190,36885,0,0
4/16/2020,Essex,3,15,6,196,36885,0,0
4/17/2020,Essex,1,16,5,201,36885,0,0
4/18/2020,Essex,2,18,10,211,36885,0,0
4/19/2020,Essex,2,20,4,215,36885,0,0
4/20/2020,Essex,1,21,5,220,36885,0,0
4/21/2020,Essex,1,22,2,222,36885,0,0
4/22/2020,Essex,0,22,1,223,36885,0,0
4/23/2020,Essex,0,22,6,229,36885,0,0
4/24/2020,Essex,2,24,35,264,36885,0,0
4/25/2020,Essex,0,24,15,279,36885,0,0
4/26/2020,Essex,0,24,27,306,36885,0,0
4/27/2020,Essex,2,26,16,322,36885,0,0
4/28/2020,Essex,1,27,19,341,36885,0,0
4/29/2020,Essex,1,28,22,363,36885,0,0
4/30/2020,Essex,0,28,27,390,36885,0,0
5/1/2020,Essex,0,28,31,421,36885,0,0
5/2/2020,Essex,1,29,23,444,36885,0,0
5/3/2020,Essex,0,29,10,454,36885,0,0
5/4/2020,Essex,1,30,26,480,36885,0,0
5/5/2020,Essex,0,30,18,498,36885,0,0
5/6/2020,Essex,0,30,15,513,36885,0,0
5/7/2020,Essex,1,31,69,582,36885,0,0
5/8/2020,Essex,0,31,64,646,36885,0,0
5/9/2020,Essex,1,32,111,757,36885,0,0
5/10/2020,Essex,0,32,31,788,36885,0,0
5/11/2020,Essex,0,32,12,800,36885,0,0
5/12/2020,Essex,0,32,77,877,36885,0,0
5/13/2020,Essex,0,32,60,937,36885,0,0
5/14/2020,Essex,0,32,34,971,36885,0,0
5/15/2020,Essex,0,32,173,1144,36885,0,0
5/16/2020,Essex,1,33,146,1290,36885,0,0
5/17/2020,Essex,0,33,161,1451,36885,0,0
5/18/2020,Essex,1,34,16,1467,36885,0,0
5/19/2020,Essex,0,34,43,1510,36885,0,0
5/20/2020,Essex,2,36,162,1672,36885,0,0
5/21/2020,Essex,0,36,115,1787,36885,0,0
5/22/2020,Essex,0,36,89,1876,36885,0,0
5/23/2020,Essex,0,36,182,2058,36885,0,0
5/24/2020,Essex,0,36,88,2146,36885,0,0
5/25/2020,Essex,0,36,68,2214,36885,0,0
5/26/2020,Essex,0,36,71,2285,36885,0,0
5/27/2020,Essex,0,36,85,2370,36885,0,0
5/28/2020,Essex,0,36,151,2521,36885,0,0
5/29/2020,Essex,0,36,95,2616,36885,0,0
5/30/2020,Essex,1,37,258,2874,36885,0,0
5/31/2020,Essex,0,37,144,3018,36885,0,0
6/1/2020,Essex,1,38,64,3082,36885,0,0
6/2/2020,Essex,0,38,109,3191,36885,0,0
6/3/2020,Essex,0,38,193,3384,36885,0,0
6/4/2020,Essex,0,38,106,3490,36885,0,0
6/5/2020,Essex,0,38,96,3586,36885,0,0
6/6/2020,Essex,0,38,178,3764,36885,0,0
6/7/2020,Essex,1,39,160,3924,36885,0,0
6/8/2020,Essex,1,40,25,3949,36885,0,0
6/9/2020,Essex,0,40,147,4096,36885,0,0
6/10/2020,Essex,0,40,159,4255,36885,0,0
6/11/2020,Essex,0,40,135,4390,36885,0,0
6/12/2020,Essex,0,40,75,4465,36885,0,0
6/13/2020,Essex,0,40,196,4661,36885,0,0
6/14/2020,Essex,0,40,74,4735,36885,0,0
6/15/2020,Essex,0,40,65,4800,36885,0,0
6/16/2020,Essex,0,40,47,4847,36885,0,0
6/17/2020,Essex,0,40,105,4952,36885,0,0
6/18/2020,Essex,0,40,172,5124,36885,0,0
6/19/2020,Essex,1,41,78,5202,36885,0,0
6/20/2020,Essex,0,41,109,5311,36885,0,0
6/21/2020,Essex,0,41,79,5390,36885,0,0
6/22/2020,Essex,0,41,88,5478,36885,0,0
6/23/2020,Essex,0,41,108,5586,36885,0,0
6/24/2020,Essex,0,41,100,5686,36885,0,0
6/25/2020,Essex,0,41,65,5751,36885,0,0
6/26/2020,Essex,1,42,176,5927,36885,0,0
6/27/2020,Essex,0,42,93,6020,36885,0,0
6/28/2020,Essex,0,42,109,6129,36885,0,0
6/29/2020,Essex,0,42,39,6168,36885,0,0
6/30/2020,Essex,0,42,120,6288,36885,0,0
7/1/2020,Essex,0,42,125,6413,36885,0,0
7/2/2020,Essex,4,46,116,6529,36885,0,0
7/3/2020,Essex,1,47,58,6587,36885,0,0
7/4/2020,Essex,1,48,166,6753,36885,0,0
7/5/2020,Essex,1,49,169,6922,36885,0,0
7/6/2020,Essex,0,49,135,7057,36885,0,0
7/7/2020,Essex,0,49,58,7115,36885,0,0
7/8/2020,Essex,2,51,135,7250,36885,0,0
7/9/2020,Essex,0,51,85,7335,36885,0,0
7/10/2020,Essex,0,51,104,7439,36885,0,0
7/11/2020,Essex,0,51,104,7543,36885,0,0
7/12/2020,Essex,0,51,74,7617,36885,0,0
7/13/2020,Essex,0,51,126,7743,36885,0,0
7/14/2020,Essex,0,51,55,7798,36885,0,0
7/15/2020,Essex,0,51,80,7878,36885,0,0
7/16/2020,Essex,0,51,69,7947,36885,0,0
7/17/2020,Essex,0,51,88,8035,36885,0,0
7/18/2020,Essex,0,51,57,8092,36885,0,0
7/19/2020,Essex,0,51,60,8152,36885,0,0
7/20/2020,Essex,0,51,131,8283,36885,0,0
7/21/2020,Essex,3,54,152,8435,36885,0,0
7/22/2020,Essex,0,54,134,8569,36885,0,0
7/23/2020,Essex,0,54,101,8670,36885,0,0
7/24/2020,Essex,0,54,146,8816,36885,0,0
7/25/2020,Essex,0,54,98,8914,36885,0,0
7/26/2020,Essex,1,55,59,8973,36885,0,0
7/27/2020,Essex,0,55,90,9063,36885,0,0
7/28/2020,Essex,0,55,113,9176,36885,0,0
7/29/2020,Essex,0,55,106,9282,36885,0,0
7/30/2020,Essex,0,55,38,9320,36885,0,0
7/31/2020,Essex,0,55,127,9447,36885,0,0
8/1/2020,Essex,0,55,110,9557,36885,0,0
8/2/2020,Essex,0,55,152,9709,36885,0,0
8/3/2020,Essex,0,55,141,9850,36885,0,0
8/4/2020,Essex,0,55,255,10105,36885,0,0
8/5/2020,Essex,0,55,50,10155,36885,0,0
8/6/2020,Essex,0,55,53,10208,36885,0,0
8/7/2020,Essex,0,55,159,10367,36885,0,0
8/8/2020,Essex,0,55,110,10477,36885,0,0
8/9/2020,Essex,0,55,75,10552,36885,0,0
8/10/2020,Essex,1,56,125,10677,36885,0,0
8/11/2020,Essex,0,56,96,10773,36885,0,0
8/12/2020,Essex,0,56,121,10894,36885,0,0
8/13/2020,Essex,1,57,60,10954,36885,0,0
8/14/2020,Essex,2,59,131,11085,36885,0,0
8/15/2020,Essex,0,59,168,11253,36885,0,0
8/16/2020,Essex,0,59,76,11329,36885,0,0
8/17/2020,Essex,4,63,139,11468,36885,0,0
8/18/2020,Essex,0,63,60,11528,36885,0,0
8/19/2020,Essex,22,85,131,11659,36885,0,0
8/20/2020,Essex,0,85,149,11808,36885,1,0.011764705882352941
8/21/2020,Essex,13,98,182,11990,36885,1,0.01020408163265306
8/22/2020,Essex,2,100,121,12111,36885,1,0.01
8/23/2020,Essex,0,100,124,12235,36885,2,0.02
8/24/2020,Essex,1,101,99,12334,36885,2,0.019801980198019802
8/25/2020,Essex,4,105,117,12451,36885,2,0.01904761904761905
8/26/2020,Essex,14,119,246,12697,36885,3,0.025210084033613446
8/27/2020,Essex,7,126,102,12799,36885,3,0.023809523809523808
8/28/2020,Essex,0,126,191,12990,36885,3,0.023809523809523808
8/29/2020,Essex,2,128,190,13180,36885,5,0.0390625
8/30/2020,Essex,1,129,167,13347,36885,6,0.046511627906976744
8/31/2020,Essex,2,131,197,13544,36885,6,0.04580152671755725
9/1/2020,Essex,4,135,207,13751,36885,6,0.044444444444444446
9/2/2020,Essex,6,141,117,13868,36885,6,0.0425531914893617
9/3/2020,Essex,4,145,106,13974,36885,7,0.04827586206896552
9/4/2020,Essex,2,147,179,14153,36885,7,0.047619047619047616
9/5/2020,Essex,1,148,208,14361,36885,7,0.0472972972972973
9/6/2020,Essex,1,149,106,14467,36885,9,0.06040268456375839
9/7/2020,Essex,0,149,62,14529,36885,9,0.06040268456375839
9/8/2020,Essex,0,149,67,14596,36885,9,0.06040268456375839
9/9/2020,Essex,1,150,85,14681,36885,9,0.06
9/10/2020,Essex,0,150,133,14814,36885,10,0.06666666666666667
9/11/2020,Essex,1,151,241,15055,36885,10,0.06622516556291391
9/12/2020,Essex,0,151,115,15170,36885,10,0.06622516556291391
9/13/2020,Essex,0,151,47,15217,36885,11,0.0728476821192053
9/14/2020,Essex,2,153,110,15327,36885,11,0.0718954248366013
9/15/2020,Essex,1,154,80,15407,36885,11,0.07142857142857142
9/16/2020,Essex,0,154,87,15494,36885,12,0.07792207792207792
9/17/2020,Essex,3,157,160,15654,36885,12,0.07643312101910828
9/18/2020,Essex,1,158,208,15862,36885,13,0.08227848101265822
9/19/2020,Essex,2,160,106,15968,36885,13,0.08125
9/20/2020,Essex,0,160,60,16028,36885,13,0.08125
9/21/2020,Essex,1,161,167,16195,36885,13,0.08074534161490683
9/22/2020,Essex,0,161,95,16290,36885,13,0.08074534161490683
9/23/2020,Essex,3,164,219,16509,36885,13,0.07926829268292683
9/24/2020,Essex,0,164,180,16689,36885,13,0.07926829268292683
9/25/2020,Essex,3,167,239,16928,36885,13,0.07784431137724551
9/26/2020,Essex,0,167,195,17123,36885,13,0.07784431137724551
9/27/2020,Essex,1,168,80,17203,36885,13,0.07738095238095238
9/28/2020,Essex,0,168,170,17373,36885,13,0.07738095238095238
9/29/2020,Essex,1,169,233,17606,36885,13,0.07692307692307693
9/30/2020,Essex,0,169,148,17754,36885,14,0.08284023668639054
10/1/2020,Essex,0,169,191,17945,36885,14,0.08284023668639054
10/2/2020,Essex,1,170,225,18170,36885,14,0.08235294117647059
10/3/2020,Essex,0,170,98,18268,36885,14,0.08235294117647059
10/4/2020,Essex,1,171,80,18348,36885,14,0.08187134502923976
10/5/2020,Essex,1,172,240,18588,36885,14,0.08139534883720931
10/6/2020,Essex,2,174,107,18695,36885,14,0.08045977011494253
10/7/2020,Essex,2,176,127,18822,36885,14,0.07954545454545454
10/8/2020,Essex,1,177,164,18986,36885,14,0.07909604519774012
10/9/2020,Essex,1,178,174,19160,36885,14,0.07865168539325842
10/10/2020,Essex,0,178,176,19336,36885,14,0.07865168539325842
10/11/2020,Essex,1,179,102,19438,36885,14,0.0782122905027933
10/12/2020,Essex,2,181,219,19657,36885,14,0.07734806629834254
10/13/2020,Essex,0,181,142,19799,36885,14,0.07734806629834254
10/14/2020,Essex,1,182,142,19941,36885,14,0.07692307692307693
10/15/2020,Essex,2,184,155,20096,36885,14,0.07608695652173914
10/16/2020,Essex,6,190,185,20281,36885,14,0.07368421052631578
10/17/2020,Essex,2,192,108,20389,36885,14,0.07291666666666667
10/18/2020,Essex,2,194,137,20526,36885,14,0.07216494845360824
10/19/2020,Essex,0,194,196,20722,36885,14,0.07216494845360824
10/20/2020,Essex,0,194,142,20864,36885,14,0.07216494845360824
10/21/2020,Essex,1,195,359,21223,36885,14,0.07179487179487179
10/22/2020,Essex,0,195,231,21454,36885,14,0.07179487179487179
10/23/2020,Essex,1,196,341,21795,36885,14,0.07142857142857142
10/24/2020,Essex,1,197,180,21975,36885,14,0.07106598984771574
10/25/2020,Essex,0,197,172,22147,36885,14,0.07106598984771574
10/26/2020,Essex,0,197,155,22302,36885,14,0.07106598984771574
10/27/2020,Essex,1,198,134,22436,36885,14,0.0707070707070707
10/28/2020,Essex,1,199,227,22663,36885,14,0.07035175879396985
10/29/2020,Essex,0,199,230,22893,36885,14,0.07035175879396985
10/30/2020,Essex,4,203,272,23165,36885,14,0.06896551724137931
10/31/2020,Essex,0,203,183,23348,36885,14,0.06896551724137931
11/1/2020,Essex,1,204,97,23445,36885,14,0.06862745098039216
11/2/2020,Essex,3,207,245,23690,36885,14,0.06763285024154589
11/3/2020,Essex,3,210,148,23838,36885,14,0.06666666666666667
11/4/2020,Essex,2,212,218,24056,36885,14,0.0660377358490566
11/5/2020,Essex,1,213,252,24308,36885,14,0.06572769953051644
11/6/2020,Essex,3,216,316,24624,36885,14,0.06481481481481481
11/7/2020,Essex,0,216,143,24767,36885,14,0.06481481481481481
11/8/2020,Essex,0,216,221,24988,36885,14,0.06481481481481481
11/9/2020,Essex,2,218,178,25166,36885,14,0.06422018348623854
11/10/2020,Essex,6,224,308,25474,36885,14,0.0625
11/11/2020,Essex,0,224,115,25589,36885,14,0.0625
11/12/2020,Essex,0,224,294,25883,36885,14,0.0625
11/13/2020,Essex,5,229,194,26077,36885,14,0.0611353711790393
11/14/2020,Essex,1,230,98,26175,36885,14,0.06086956521739131
3/1/2020,Franklin,0,0,0,0,50022,0,NaN
3/2/2020,Franklin,0,0,0,0,50022,0,NaN
3/3/2020,Franklin,0,0,0,0,50022,0,NaN
3/4/2020,Franklin,0,0,0,0,50022,0,NaN
3/5/2020,Franklin,0,0,0,0,50022,0,NaN
3/6/2020,Franklin,0,0,0,0,50022,0,NaN
3/7/2020,Franklin,0,0,0,0,50022,0,NaN
3/8/2020,Franklin,0,0,0,0,50022,0,NaN
3/9/2020,Franklin,0,0,0,0,50022,0,NaN
3/10/2020,Franklin,0,0,0,0,50022,0,NaN
3/11/2020,Franklin,0,0,0,0,50022,0,NaN
3/12/2020,Franklin,0,0,1,1,50022,0,NaN
3/13/2020,Franklin,0,0,0,1,50022,0,NaN
3/14/2020,Franklin,0,0,1,2,50022,0,NaN
3/15/2020,Franklin,0,0,0,2,50022,0,NaN
3/16/2020,Franklin,0,0,3,5,50022,0,NaN
3/17/2020,Franklin,0,0,1,6,50022,0,NaN
3/18/2020,Franklin,0,0,5,11,50022,0,NaN
3/19/2020,Franklin,0,0,6,17,50022,0,NaN
3/20/2020,Franklin,0,0,5,22,50022,0,NaN
3/21/2020,Franklin,0,0,10,32,50022,0,NaN
3/22/2020,Franklin,0,0,8,40,50022,0,NaN
3/23/2020,Franklin,0,0,3,43,50022,0,NaN
3/24/2020,Franklin,1,1,4,47,50022,0,0
3/25/2020,Franklin,0,1,5,52,50022,0,0
3/26/2020,Franklin,1,2,11,63,50022,0,0
3/27/2020,Franklin,2,4,10,73,50022,0,0
3/28/2020,Franklin,2,6,9,82,50022,0,0
3/29/2020,Franklin,0,6,14,96,50022,0,0
3/30/2020,Franklin,3,9,10,106,50022,0,0
3/31/2020,Franklin,0,9,9,115,50022,0,0
4/1/2020,Franklin,0,9,8,123,50022,0,0
4/2/2020,Franklin,1,10,19,142,50022,0,0
4/3/2020,Franklin,0,10,4,146,50022,0,0
4/4/2020,Franklin,0,10,6,152,50022,0,0
4/5/2020,Franklin,0,10,5,157,50022,0,0
4/6/2020,Franklin,0,10,5,162,50022,0,0
4/7/2020,Franklin,0,10,7,169,50022,0,0
4/8/2020,Franklin,1,11,5,174,50022,0,0
4/9/2020,Franklin,0,11,6,180,50022,0,0
4/10/2020,Franklin,0,11,5,185,50022,0,0
4/11/2020,Franklin,1,12,8,193,50022,0,0
4/12/2020,Franklin,0,12,6,199,50022,0,0
4/13/2020,Franklin,1,13,13,212,50022,0,0
4/14/2020,Franklin,0,13,4,216,50022,0,0
4/15/2020,Franklin,0,13,11,227,50022,0,0
4/16/2020,Franklin,0,13,3,230,50022,0,0
4/17/2020,Franklin,0,13,9,239,50022,0,0
4/18/2020,Franklin,0,13,9,248,50022,0,0
4/19/2020,Franklin,0,13,5,253,50022,0,0
4/20/2020,Franklin,0,13,3,256,50022,0,0
4/21/2020,Franklin,0,13,2,258,50022,0,0
4/22/2020,Franklin,0,13,8,266,50022,0,0
4/23/2020,Franklin,0,13,9,275,50022,0,0
4/24/2020,Franklin,1,14,35,310,50022,0,0
4/25/2020,Franklin,0,14,3,313,50022,0,0
4/26/2020,Franklin,0,14,17,330,50022,0,0
4/27/2020,Franklin,0,14,13,343,50022,0,0
4/28/2020,Franklin,1,15,17,360,50022,0,0
4/29/2020,Franklin,0,15,14,374,50022,0,0
4/30/2020,Franklin,0,15,16,390,50022,0,0
5/1/2020,Franklin,0,15,9,399,50022,0,0
5/2/2020,Franklin,0,15,9,408,50022,0,0
5/3/2020,Franklin,1,16,15,423,50022,0,0
5/4/2020,Franklin,0,16,11,434,50022,0,0
5/5/2020,Franklin,0,16,15,449,50022,0,0
5/6/2020,Franklin,0,16,18,467,50022,0,0
5/7/2020,Franklin,1,17,82,549,50022,0,0
5/8/2020,Franklin,0,17,24,573,50022,0,0
5/9/2020,Franklin,0,17,50,623,50022,0,0
5/10/2020,Franklin,0,17,53,676,50022,0,0
5/11/2020,Franklin,0,17,91,767,50022,0,0
5/12/2020,Franklin,0,17,52,819,50022,0,0
5/13/2020,Franklin,0,17,56,875,50022,0,0
5/14/2020,Franklin,0,17,48,923,50022,0,0
5/15/2020,Franklin,1,18,196,1119,50022,0,0
5/16/2020,Franklin,0,18,126,1245,50022,0,0
5/17/2020,Franklin,0,18,285,1530,50022,0,0
5/18/2020,Franklin,0,18,9,1539,50022,0,0
5/19/2020,Franklin,0,18,55,1594,50022,0,0
5/20/2020,Franklin,1,19,245,1839,50022,0,0
5/21/2020,Franklin,0,19,194,2033,50022,0,0
5/22/2020,Franklin,1,20,83,2116,50022,0,0
5/23/2020,Franklin,0,20,178,2294,50022,0,0
5/24/2020,Franklin,0,20,138,2432,50022,0,0
5/25/2020,Franklin,0,20,219,2651,50022,0,0
5/26/2020,Franklin,0,20,84,2735,50022,0,0
5/27/2020,Franklin,0,20,157,2892,50022,0,0
5/28/2020,Franklin,1,21,118,3010,50022,0,0
5/29/2020,Franklin,1,22,129,3139,50022,0,0
5/30/2020,Franklin,0,22,151,3290,50022,0,0
5/31/2020,Franklin,1,23,167,3457,50022,0,0
6/1/2020,Franklin,0,23,42,3499,50022,0,0
6/2/2020,Franklin,0,23,222,3721,50022,0,0
6/3/2020,Franklin,0,23,262,3983,50022,0,0
6/4/2020,Franklin,0,23,120,4103,50022,0,0
6/5/2020,Franklin,0,23,207,4310,50022,0,0
6/6/2020,Franklin,0,23,198,4508,50022,0,0
6/7/2020,Franklin,0,23,272,4780,50022,0,0
6/8/2020,Franklin,0,23,53,4833,50022,0,0
6/9/2020,Franklin,0,23,127,4960,50022,0,0
6/10/2020,Franklin,0,23,156,5116,50022,0,0
6/11/2020,Franklin,1,24,205,5321,50022,0,0
6/12/2020,Franklin,1,25,142,5463,50022,0,0
6/13/2020,Franklin,0,25,162,5625,50022,0,0
6/14/2020,Franklin,0,25,160,5785,50022,0,0
6/15/2020,Franklin,0,25,67,5852,50022,0,0
6/16/2020,Franklin,0,25,54,5906,50022,0,0
6/17/2020,Franklin,1,26,136,6042,50022,0,0
6/18/2020,Franklin,1,27,163,6205,50022,0,0
6/19/2020,Franklin,0,27,251,6456,50022,0,0
6/20/2020,Franklin,0,27,147,6603,50022,0,0
6/21/2020,Franklin,0,27,200,6803,50022,0,0
6/22/2020,Franklin,1,28,39,6842,50022,0,0
6/23/2020,Franklin,0,28,55,6897,50022,0,0
6/24/2020,Franklin,0,28,90,6987,50022,0,0
6/25/2020,Franklin,0,28,112,7099,50022,0,0
6/26/2020,Franklin,1,29,214,7313,50022,0,0
6/27/2020,Franklin,0,29,136,7449,50022,0,0
6/28/2020,Franklin,1,30,128,7577,50022,0,0
6/29/2020,Franklin,0,30,28,7605,50022,0,0
6/30/2020,Franklin,1,31,143,7748,50022,0,0
7/1/2020,Franklin,1,32,89,7837,50022,0,0
7/2/2020,Franklin,1,33,78,7915,50022,0,0
7/3/2020,Franklin,0,33,50,7965,50022,0,0
7/4/2020,Franklin,0,33,156,8121,50022,0,0
7/5/2020,Franklin,0,33,126,8247,50022,0,0
7/6/2020,Franklin,0,33,138,8385,50022,0,0
7/7/2020,Franklin,0,33,177,8562,50022,0,0
7/8/2020,Franklin,1,34,196,8758,50022,0,0
7/9/2020,Franklin,1,35,187,8945,50022,0,0
7/10/2020,Franklin,0,35,91,9036,50022,0,0
7/11/2020,Franklin,1,36,180,9216,50022,0,0
7/12/2020,Franklin,0,36,143,9359,50022,0,0
7/13/2020,Franklin,0,36,91,9450,50022,0,0
7/14/2020,Franklin,1,37,99,9549,50022,0,0
7/15/2020,Franklin,1,38,94,9643,50022,0,0
7/16/2020,Franklin,1,39,109,9752,50022,0,0
7/17/2020,Franklin,1,40,183,9935,50022,1,0.025
7/18/2020,Franklin,0,40,184,10119,50022,1,0.025
7/19/2020,Franklin,0,40,97,10216,50022,1,0.025
7/20/2020,Franklin,2,42,199,10415,50022,1,0.023809523809523808
7/21/2020,Franklin,0,42,150,10565,50022,1,0.023809523809523808
7/22/2020,Franklin,0,42,248,10813,50022,1,0.023809523809523808
7/23/2020,Franklin,0,42,107,10920,50022,1,0.023809523809523808
7/24/2020,Franklin,0,42,321,11241,50022,1,0.023809523809523808
7/25/2020,Franklin,2,44,178,11419,50022,1,0.022727272727272728
7/26/2020,Franklin,0,44,185,11604,50022,1,0.022727272727272728
7/27/2020,Franklin,3,47,146,11750,50022,1,0.02127659574468085
7/28/2020,Franklin,1,48,90,11840,50022,1,0.020833333333333332
7/29/2020,Franklin,0,48,78,11918,50022,1,0.020833333333333332
7/30/2020,Franklin,2,50,87,12005,50022,1,0.02
7/31/2020,Franklin,0,50,288,12293,50022,1,0.02
8/1/2020,Franklin,0,50,135,12428,50022,1,0.02
8/2/2020,Franklin,0,50,88,12516,50022,1,0.02
8/3/2020,Franklin,0,50,164,12680,50022,1,0.02
8/4/2020,Franklin,2,52,134,12814,50022,1,0.019230769230769232
8/5/2020,Franklin,0,52,91,12905,50022,1,0.019230769230769232
8/6/2020,Franklin,2,54,125,13030,50022,1,0.018518518518518517
8/7/2020,Franklin,0,54,74,13104,50022,1,0.018518518518518517
8/8/2020,Franklin,0,54,227,13331,50022,1,0.018518518518518517
8/9/2020,Franklin,0,54,85,13416,50022,1,0.018518518518518517
8/10/2020,Franklin,0,54,160,13576,50022,1,0.018518518518518517
8/11/2020,Franklin,0,54,133,13709,50022,1,0.018518518518518517
8/12/2020,Franklin,0,54,364,14073,50022,1,0.018518518518518517
8/13/2020,Franklin,0,54,73,14146,50022,1,0.018518518518518517
8/14/2020,Franklin,0,54,370,14516,50022,1,0.018518518518518517
8/15/2020,Franklin,0,54,155,14671,50022,1,0.018518518518518517
8/16/2020,Franklin,0,54,84,14755,50022,1,0.018518518518518517
8/17/2020,Franklin,1,55,151,14906,50022,1,0.01818181818181818
8/18/2020,Franklin,1,56,127,15033,50022,1,0.017857142857142856
8/19/2020,Franklin,0,56,136,15169,50022,1,0.017857142857142856
8/20/2020,Franklin,0,56,122,15291,50022,1,0.017857142857142856
8/21/2020,Franklin,0,56,176,15467,50022,1,0.017857142857142856
8/22/2020,Franklin,0,56,270,15737,50022,1,0.017857142857142856
8/23/2020,Franklin,0,56,99,15836,50022,1,0.017857142857142856
8/24/2020,Franklin,0,56,177,16013,50022,1,0.017857142857142856
8/25/2020,Franklin,1,57,114,16127,50022,1,0.017543859649122806
8/26/2020,Franklin,1,58,282,16409,50022,1,0.017241379310344827
8/27/2020,Franklin,0,58,51,16460,50022,1,0.017241379310344827
8/28/2020,Franklin,0,58,686,17146,50022,1,0.017241379310344827
8/29/2020,Franklin,0,58,171,17317,50022,1,0.017241379310344827
8/30/2020,Franklin,0,58,70,17387,50022,1,0.017241379310344827
8/31/2020,Franklin,0,58,163,17550,50022,1,0.017241379310344827
9/1/2020,Franklin,0,58,183,17733,50022,1,0.017241379310344827
9/2/2020,Franklin,1,59,138,17871,50022,1,0.01694915254237288
9/3/2020,Franklin,0,59,145,18016,50022,1,0.01694915254237288
9/4/2020,Franklin,0,59,147,18163,50022,1,0.01694915254237288
9/5/2020,Franklin,0,59,151,18314,50022,1,0.01694915254237288
9/6/2020,Franklin,0,59,172,18486,50022,1,0.01694915254237288
9/7/2020,Franklin,0,59,166,18652,50022,1,0.01694915254237288
9/8/2020,Franklin,0,59,59,18711,50022,1,0.01694915254237288
9/9/2020,Franklin,0,59,54,18765,50022,1,0.01694915254237288
9/10/2020,Franklin,1,60,113,18878,50022,1,0.016666666666666666
9/11/2020,Franklin,1,61,319,19197,50022,1,0.01639344262295082
9/12/2020,Franklin,2,63,119,19316,50022,1,0.015873015873015872
9/13/2020,Franklin,0,63,84,19400,50022,1,0.015873015873015872
9/14/2020,Franklin,0,63,176,19576,50022,1,0.015873015873015872
9/15/2020,Franklin,0,63,109,19685,50022,1,0.015873015873015872
9/16/2020,Franklin,0,63,200,19885,50022,1,0.015873015873015872
9/17/2020,Franklin,1,64,219,20104,50022,1,0.015625
9/18/2020,Franklin,0,64,228,20332,50022,1,0.015625
9/19/2020,Franklin,1,65,303,20635,50022,1,0.015384615384615385
9/20/2020,Franklin,0,65,191,20826,50022,1,0.015384615384615385
9/21/2020,Franklin,0,65,130,20956,50022,1,0.015384615384615385
9/22/2020,Franklin,0,65,113,21069,50022,1,0.015384615384615385
9/23/2020,Franklin,1,66,152,21221,50022,1,0.015151515151515152
9/24/2020,Franklin,0,66,190,21411,50022,1,0.015151515151515152
9/25/2020,Franklin,0,66,268,21679,50022,1,0.015151515151515152
9/26/2020,Franklin,0,66,258,21937,50022,1,0.015151515151515152
9/27/2020,Franklin,0,66,141,22078,50022,1,0.015151515151515152
9/28/2020,Franklin,0,66,109,22187,50022,1,0.015151515151515152
9/29/2020,Franklin,0,66,120,22307,50022,1,0.015151515151515152
9/30/2020,Franklin,0,66,103,22410,50022,1,0.015151515151515152
10/1/2020,Franklin,0,66,198,22608,50022,1,0.015151515151515152
10/2/2020,Franklin,2,68,312,22920,50022,1,0.014705882352941176
10/3/2020,Franklin,2,70,157,23077,50022,1,0.014285714285714285
10/4/2020,Franklin,0,70,82,23159,50022,1,0.014285714285714285
10/5/2020,Franklin,0,70,200,23359,50022,1,0.014285714285714285
10/6/2020,Franklin,0,70,82,23441,50022,1,0.014285714285714285
10/7/2020,Franklin,1,71,130,23571,50022,1,0.014084507042253521
10/8/2020,Franklin,0,71,202,23773,50022,1,0.014084507042253521
10/9/2020,Franklin,0,71,383,24156,50022,1,0.014084507042253521
10/10/2020,Franklin,0,71,413,24569,50022,1,0.014084507042253521
10/11/2020,Franklin,0,71,63,24632,50022,1,0.014084507042253521
10/12/2020,Franklin,1,72,518,25150,50022,1,0.013888888888888888
10/13/2020,Franklin,0,72,637,25787,50022,1,0.013888888888888888
10/14/2020,Franklin,3,75,471,26258,50022,1,0.013333333333333334
10/15/2020,Franklin,0,75,210,26468,50022,1,0.013333333333333334
10/16/2020,Franklin,2,77,597,27065,50022,1,0.012987012987012988
10/17/2020,Franklin,0,77,365,27430,50022,1,0.012987012987012988
10/18/2020,Franklin,0,77,120,27550,50022,1,0.012987012987012988
10/19/2020,Franklin,0,77,392,27942,50022,1,0.012987012987012988
10/20/2020,Franklin,1,78,112,28054,50022,1,0.01282051282051282
10/21/2020,Franklin,1,79,145,28199,50022,1,0.012658227848101266
10/22/2020,Franklin,0,79,333,28532,50022,1,0.012658227848101266
10/23/2020,Franklin,0,79,283,28815,50022,1,0.012658227848101266
10/24/2020,Franklin,0,79,300,29115,50022,1,0.012658227848101266
10/25/2020,Franklin,1,80,92,29207,50022,1,0.0125
10/26/2020,Franklin,0,80,125,29332,50022,1,0.0125
10/27/2020,Franklin,0,80,123,29455,50022,1,0.0125
10/28/2020,Franklin,0,80,156,29611,50022,1,0.0125
10/29/2020,Franklin,2,82,140,29751,50022,1,0.012195121951219513
10/30/2020,Franklin,4,86,203,29954,50022,1,0.011627906976744186
10/31/2020,Franklin,1,87,145,30099,50022,1,0.011494252873563218
11/1/2020,Franklin,1,88,90,30189,50022,1,0.011363636363636364
11/2/2020,Franklin,8,96,354,30543,50022,1,0.010416666666666666
11/3/2020,Franklin,0,96,54,30597,50022,1,0.010416666666666666
11/4/2020,Franklin,9,105,226,30823,50022,1,0.009523809523809525
11/5/2020,Franklin,9,114,256,31079,50022,1,0.008771929824561403
11/6/2020,Franklin,13,127,501,31580,50022,1,0.007874015748031496
11/7/2020,Franklin,9,136,395,31975,50022,1,0.007352941176470588
11/8/2020,Franklin,4,140,284,32259,50022,1,0.007142857142857143
11/9/2020,Franklin,7,147,249,32508,50022,1,0.006802721088435374
11/10/2020,Franklin,5,152,140,32648,50022,2,0.013157894736842105
11/11/2020,Franklin,9,161,316,32964,50022,2,0.012422360248447204
11/12/2020,Franklin,13,174,395,33359,50022,3,0.017241379310344827
11/13/2020,Franklin,10,184,525,33884,50022,3,0.016304347826086956
11/14/2020,Franklin,4,188,250,34134,50022,3,0.015957446808510637
3/1/2020,Fulton,0,0,0,0,53383,0,NaN
3/2/2020,Fulton,0,0,0,0,53383,0,NaN
3/3/2020,Fulton,0,0,0,0,53383,0,NaN
3/4/2020,Fulton,0,0,0,0,53383,0,NaN
3/5/2020,Fulton,0,0,0,0,53383,0,NaN
3/6/2020,Fulton,0,0,0,0,53383,0,NaN
3/7/2020,Fulton,0,0,0,0,53383,0,NaN
3/8/2020,Fulton,0,0,0,0,53383,0,NaN
3/9/2020,Fulton,0,0,1,1,53383,0,NaN
3/10/2020,Fulton,0,0,1,2,53383,0,NaN
3/11/2020,Fulton,0,0,2,4,53383,0,NaN
3/12/2020,Fulton,0,0,1,5,53383,0,NaN
3/13/2020,Fulton,0,0,1,6,53383,0,NaN
3/14/2020,Fulton,0,0,4,10,53383,0,NaN
3/15/2020,Fulton,0,0,1,11,53383,0,NaN
3/16/2020,Fulton,0,0,1,12,53383,0,NaN
3/17/2020,Fulton,0,0,0,12,53383,0,NaN
3/18/2020,Fulton,1,1,12,24,53383,0,0
3/19/2020,Fulton,0,1,6,30,53383,0,0
3/20/2020,Fulton,0,1,13,43,53383,0,0
3/21/2020,Fulton,0,1,11,54,53383,0,0
3/22/2020,Fulton,0,1,11,65,53383,0,0
3/23/2020,Fulton,0,1,11,76,53383,0,0
3/24/2020,Fulton,0,1,4,80,53383,0,0
3/25/2020,Fulton,0,1,2,82,53383,0,0
3/26/2020,Fulton,0,1,5,87,53383,0,0
3/27/2020,Fulton,0,1,10,97,53383,0,0
3/28/2020,Fulton,0,1,10,107,53383,0,0
3/29/2020,Fulton,0,1,12,119,53383,0,0
3/30/2020,Fulton,0,1,5,124,53383,0,0
3/31/2020,Fulton,1,2,5,129,53383,0,0
4/1/2020,Fulton,4,6,10,139,53383,0,0
4/2/2020,Fulton,0,6,10,149,53383,0,0
4/3/2020,Fulton,3,9,24,173,53383,0,0
4/4/2020,Fulton,0,9,12,185,53383,0,0
4/5/2020,Fulton,2,11,20,205,53383,0,0
4/6/2020,Fulton,2,13,18,223,53383,0,0
4/7/2020,Fulton,1,14,6,229,53383,0,0
4/8/2020,Fulton,1,15,21,250,53383,1,0.06666666666666667
4/9/2020,Fulton,3,18,24,274,53383,1,0.05555555555555555
4/10/2020,Fulton,3,21,17,291,53383,2,0.09523809523809523
4/11/2020,Fulton,0,21,11,302,53383,2,0.09523809523809523
4/12/2020,Fulton,0,21,7,309,53383,2,0.09523809523809523
4/13/2020,Fulton,1,22,75,384,53383,2,0.09090909090909091
4/14/2020,Fulton,2,24,9,393,53383,2,0.08333333333333333
4/15/2020,Fulton,1,25,13,406,53383,2,0.08
4/16/2020,Fulton,2,27,16,422,53383,2,0.07407407407407407
4/17/2020,Fulton,0,27,7,429,53383,2,0.07407407407407407
4/18/2020,Fulton,0,27,17,446,53383,2,0.07407407407407407
4/19/2020,Fulton,0,27,3,449,53383,2,0.07407407407407407
4/20/2020,Fulton,0,27,4,453,53383,2,0.07407407407407407
4/21/2020,Fulton,1,28,7,460,53383,2,0.07142857142857142
4/22/2020,Fulton,0,28,5,465,53383,2,0.07142857142857142
4/23/2020,Fulton,1,29,16,481,53383,2,0.06896551724137931
4/24/2020,Fulton,32,61,202,683,53383,3,0.04918032786885246
4/25/2020,Fulton,1,62,29,712,53383,3,0.04838709677419355
4/26/2020,Fulton,0,62,9,721,53383,3,0.04838709677419355
4/27/2020,Fulton,4,66,16,737,53383,3,0.045454545454545456
4/28/2020,Fulton,1,67,27,764,53383,3,0.04477611940298507
4/29/2020,Fulton,4,71,27,791,53383,3,0.04225352112676056
4/30/2020,Fulton,4,75,37,828,53383,3,0.04
5/1/2020,Fulton,4,79,34,862,53383,3,0.0379746835443038
5/2/2020,Fulton,3,82,36,898,53383,3,0.036585365853658534
5/3/2020,Fulton,2,84,25,923,53383,4,0.047619047619047616
5/4/2020,Fulton,13,97,63,986,53383,4,0.041237113402061855
5/5/2020,Fulton,3,100,50,1036,53383,5,0.05
5/6/2020,Fulton,1,101,30,1066,53383,6,0.0594059405940594
5/7/2020,Fulton,2,103,27,1093,53383,7,0.06796116504854369
5/8/2020,Fulton,1,104,30,1123,53383,8,0.07692307692307693
5/9/2020,Fulton,3,107,31,1154,53383,9,0.08411214953271028
5/10/2020,Fulton,2,109,59,1213,53383,9,0.08256880733944955
5/11/2020,Fulton,26,135,100,1313,53383,11,0.08148148148148149
5/12/2020,Fulton,5,140,61,1374,53383,12,0.08571428571428572
5/13/2020,Fulton,4,144,81,1455,53383,13,0.09027777777777778
5/14/2020,Fulton,1,145,67,1522,53383,13,0.0896551724137931
5/15/2020,Fulton,3,148,100,1622,53383,14,0.0945945945945946
5/16/2020,Fulton,23,171,110,1732,53383,15,0.08771929824561403
5/17/2020,Fulton,11,182,132,1864,53383,15,0.08241758241758242
5/18/2020,Fulton,0,182,30,1894,53383,15,0.08241758241758242
5/19/2020,Fulton,2,184,89,1983,53383,15,0.08152173913043478
5/20/2020,Fulton,2,186,100,2083,53383,15,0.08064516129032258
5/21/2020,Fulton,3,189,88,2171,53383,15,0.07936507936507936
5/22/2020,Fulton,4,193,142,2313,53383,18,0.09326424870466321
5/23/2020,Fulton,1,194,84,2397,53383,18,0.09278350515463918
5/24/2020,Fulton,2,196,86,2483,53383,18,0.09183673469387756
5/25/2020,Fulton,0,196,44,2527,53383,18,0.09183673469387756
5/26/2020,Fulton,2,198,112,2639,53383,19,0.09595959595959595
5/27/2020,Fulton,2,200,223,2862,53383,19,0.095
5/28/2020,Fulton,6,206,202,3064,53383,19,0.09223300970873786
5/29/2020,Fulton,1,207,146,3210,53383,19,0.09178743961352658
5/30/2020,Fulton,1,208,159,3369,53383,19,0.09134615384615384
5/31/2020,Fulton,2,210,169,3538,53383,19,0.09047619047619047
6/1/2020,Fulton,2,212,83,3621,53383,21,0.09905660377358491
6/2/2020,Fulton,1,213,197,3818,53383,22,0.10328638497652583
6/3/2020,Fulton,2,215,187,4005,53383,22,0.10232558139534884
6/4/2020,Fulton,4,219,248,4253,53383,22,0.1004566210045662
6/5/2020,Fulton,3,222,233,4486,53383,24,0.10810810810810811
6/6/2020,Fulton,2,224,205,4691,53383,24,0.10714285714285714
6/7/2020,Fulton,3,227,254,4945,53383,24,0.10572687224669604
6/8/2020,Fulton,1,228,249,5194,53383,25,0.10964912280701754
6/9/2020,Fulton,0,228,132,5326,53383,25,0.10964912280701754
6/10/2020,Fulton,2,230,155,5481,53383,25,0.10869565217391304
6/11/2020,Fulton,1,231,352,5833,53383,25,0.10822510822510822
6/12/2020,Fulton,1,232,164,5997,53383,25,0.10775862068965517
6/13/2020,Fulton,2,234,168,6165,53383,26,0.1111111111111111
6/14/2020,Fulton,1,235,101,6266,53383,26,0.11063829787234042
6/15/2020,Fulton,1,236,158,6424,53383,26,0.11016949152542373
6/16/2020,Fulton,0,236,85,6509,53383,26,0.11016949152542373
6/17/2020,Fulton,0,236,146,6655,53383,26,0.11016949152542373
6/18/2020,Fulton,1,237,173,6828,53383,26,0.10970464135021098
6/19/2020,Fulton,6,243,290,7118,53383,26,0.10699588477366255
6/20/2020,Fulton,0,243,209,7327,53383,26,0.10699588477366255
6/21/2020,Fulton,1,244,171,7498,53383,26,0.10655737704918032
6/22/2020,Fulton,0,244,86,7584,53383,26,0.10655737704918032
6/23/2020,Fulton,0,244,110,7694,53383,26,0.10655737704918032
6/24/2020,Fulton,0,244,98,7792,53383,26,0.10655737704918032
6/25/2020,Fulton,4,248,161,7953,53383,26,0.10483870967741936
6/26/2020,Fulton,1,249,171,8124,53383,26,0.10441767068273092
6/27/2020,Fulton,6,255,283,8407,53383,26,0.10196078431372549
6/28/2020,Fulton,1,256,171,8578,53383,26,0.1015625
6/29/2020,Fulton,0,256,126,8704,53383,26,0.1015625
6/30/2020,Fulton,1,257,86,8790,53383,26,0.10116731517509728
7/1/2020,Fulton,3,260,202,8992,53383,26,0.1
7/2/2020,Fulton,1,261,154,9146,53383,26,0.09961685823754789
7/3/2020,Fulton,0,261,239,9385,53383,26,0.09961685823754789
7/4/2020,Fulton,0,261,237,9622,53383,26,0.09961685823754789
7/5/2020,Fulton,1,262,131,9753,53383,26,0.09923664122137404
7/6/2020,Fulton,0,262,92,9845,53383,26,0.09923664122137404
7/7/2020,Fulton,0,262,102,9947,53383,26,0.09923664122137404
7/8/2020,Fulton,1,263,110,10057,53383,26,0.09885931558935361
7/9/2020,Fulton,1,264,191,10248,53383,26,0.09848484848484848
7/10/2020,Fulton,1,265,197,10445,53383,26,0.09811320754716982
7/11/2020,Fulton,0,265,175,10620,53383,26,0.09811320754716982
7/12/2020,Fulton,0,265,78,10698,53383,26,0.09811320754716982
7/13/2020,Fulton,1,266,145,10843,53383,26,0.09774436090225563
7/14/2020,Fulton,0,266,77,10920,53383,26,0.09774436090225563
7/15/2020,Fulton,0,266,80,11000,53383,26,0.09774436090225563
7/16/2020,Fulton,0,266,265,11265,53383,26,0.09774436090225563
7/17/2020,Fulton,0,266,253,11518,53383,26,0.09774436090225563
7/18/2020,Fulton,1,267,101,11619,53383,26,0.09737827715355805
7/19/2020,Fulton,0,267,90,11709,53383,26,0.09737827715355805
7/20/2020,Fulton,0,267,91,11800,53383,26,0.09737827715355805
7/21/2020,Fulton,0,267,127,11927,53383,26,0.09737827715355805
7/22/2020,Fulton,1,268,96,12023,53383,27,0.10074626865671642
7/23/2020,Fulton,0,268,292,12315,53383,27,0.10074626865671642
7/24/2020,Fulton,2,270,153,12468,53383,28,0.1037037037037037
7/25/2020,Fulton,0,270,171,12639,53383,28,0.1037037037037037
7/26/2020,Fulton,0,270,79,12718,53383,28,0.1037037037037037
7/27/2020,Fulton,0,270,67,12785,53383,28,0.1037037037037037
7/28/2020,Fulton,0,270,74,12859,53383,28,0.1037037037037037
7/29/2020,Fulton,5,275,151,13010,53383,28,0.10181818181818182
7/30/2020,Fulton,0,275,227,13237,53383,28,0.10181818181818182
7/31/2020,Fulton,7,282,190,13427,53383,28,0.09929078014184398
8/1/2020,Fulton,1,283,185,13612,53383,28,0.0989399293286219
8/2/2020,Fulton,2,285,133,13745,53383,28,0.09824561403508772
8/3/2020,Fulton,0,285,93,13838,53383,28,0.09824561403508772
8/4/2020,Fulton,2,287,117,13955,53383,28,0.0975609756097561
8/5/2020,Fulton,4,291,128,14083,53383,28,0.09621993127147767
8/6/2020,Fulton,2,293,217,14300,53383,28,0.09556313993174062
8/7/2020,Fulton,2,295,213,14513,53383,28,0.09491525423728814
8/8/2020,Fulton,1,296,281,14794,53383,28,0.0945945945945946
8/9/2020,Fulton,1,297,94,14888,53383,28,0.09427609427609428
8/10/2020,Fulton,0,297,101,14989,53383,28,0.09427609427609428
8/11/2020,Fulton,2,299,129,15118,53383,28,0.09364548494983277
8/12/2020,Fulton,1,300,142,15260,53383,28,0.09333333333333334
8/13/2020,Fulton,3,303,170,15430,53383,28,0.0924092409240924
8/14/2020,Fulton,0,303,305,15735,53383,28,0.0924092409240924
8/15/2020,Fulton,0,303,266,16001,53383,28,0.0924092409240924
8/16/2020,Fulton,0,303,76,16077,53383,28,0.0924092409240924
8/17/2020,Fulton,2,305,112,16189,53383,28,0.09180327868852459
8/18/2020,Fulton,0,305,195,16384,53383,28,0.09180327868852459
8/19/2020,Fulton,0,305,173,16557,53383,28,0.09180327868852459
8/20/2020,Fulton,1,306,198,16755,53383,28,0.0915032679738562
8/21/2020,Fulton,2,308,205,16960,53383,28,0.09090909090909091
8/22/2020,Fulton,1,309,223,17183,53383,28,0.09061488673139159
8/23/2020,Fulton,0,309,149,17332,53383,28,0.09061488673139159
8/24/2020,Fulton,0,309,101,17433,53383,28,0.09061488673139159
8/25/2020,Fulton,0,309,102,17535,53383,28,0.09061488673139159
8/26/2020,Fulton,1,310,129,17664,53383,28,0.09032258064516129
8/27/2020,Fulton,0,310,197,17861,53383,28,0.09032258064516129
8/28/2020,Fulton,1,311,308,18169,53383,28,0.09003215434083602
8/29/2020,Fulton,0,311,136,18305,53383,28,0.09003215434083602
8/30/2020,Fulton,0,311,228,18533,53383,28,0.09003215434083602
8/31/2020,Fulton,0,311,286,18819,53383,28,0.09003215434083602
9/1/2020,Fulton,0,311,96,18915,53383,28,0.09003215434083602
9/2/2020,Fulton,1,312,151,19066,53383,28,0.08974358974358974
9/3/2020,Fulton,0,312,136,19202,53383,28,0.08974358974358974
9/4/2020,Fulton,0,312,243,19445,53383,28,0.08974358974358974
9/5/2020,Fulton,0,312,187,19632,53383,28,0.08974358974358974
9/6/2020,Fulton,0,312,137,19769,53383,28,0.08974358974358974
9/7/2020,Fulton,0,312,76,19845,53383,28,0.08974358974358974
9/8/2020,Fulton,0,312,102,19947,53383,28,0.08974358974358974
9/9/2020,Fulton,0,312,75,20022,53383,28,0.08974358974358974
9/10/2020,Fulton,3,315,193,20215,53383,28,0.08888888888888889
9/11/2020,Fulton,1,316,159,20374,53383,28,0.08860759493670886
9/12/2020,Fulton,2,318,256,20630,53383,28,0.0880503144654088
9/13/2020,Fulton,2,320,123,20753,53383,28,0.0875
9/14/2020,Fulton,4,324,221,20974,53383,28,0.08641975308641975
9/15/2020,Fulton,1,325,118,21092,53383,28,0.08615384615384615
9/16/2020,Fulton,6,331,138,21230,53383,28,0.08459214501510574
9/17/2020,Fulton,0,331,90,21320,53383,28,0.08459214501510574
9/18/2020,Fulton,1,332,261,21581,53383,28,0.08433734939759036
9/19/2020,Fulton,0,332,201,21782,53383,28,0.08433734939759036
9/20/2020,Fulton,0,332,172,21954,53383,28,0.08433734939759036
9/21/2020,Fulton,0,332,255,22209,53383,28,0.08433734939759036
9/22/2020,Fulton,0,332,75,22284,53383,28,0.08433734939759036
9/23/2020,Fulton,1,333,112,22396,53383,28,0.08408408408408409
9/24/2020,Fulton,0,333,121,22517,53383,28,0.08408408408408409
9/25/2020,Fulton,1,334,148,22665,53383,28,0.08383233532934131
9/26/2020,Fulton,1,335,117,22782,53383,28,0.08358208955223881
9/27/2020,Fulton,2,337,118,22900,53383,28,0.0830860534124629
9/28/2020,Fulton,2,339,208,23108,53383,28,0.08259587020648967
9/29/2020,Fulton,0,339,87,23195,53383,28,0.08259587020648967
9/30/2020,Fulton,0,339,126,23321,53383,28,0.08259587020648967
10/1/2020,Fulton,5,344,256,23577,53383,28,0.08139534883720931
10/2/2020,Fulton,1,345,361,23938,53383,28,0.08115942028985507
10/3/2020,Fulton,2,347,270,24208,53383,28,0.08069164265129683
10/4/2020,Fulton,1,348,120,24328,53383,28,0.08045977011494253
10/5/2020,Fulton,2,350,272,24600,53383,28,0.08
10/6/2020,Fulton,0,350,109,24709,53383,28,0.08
10/7/2020,Fulton,1,351,228,24937,53383,28,0.07977207977207977
10/8/2020,Fulton,1,352,207,25144,53383,28,0.07954545454545454
10/9/2020,Fulton,0,352,205,25349,53383,28,0.07954545454545454
10/10/2020,Fulton,0,352,203,25552,53383,28,0.07954545454545454
10/11/2020,Fulton,0,352,173,25725,53383,28,0.07954545454545454
10/12/2020,Fulton,2,354,146,25871,53383,28,0.07909604519774012
10/13/2020,Fulton,0,354,89,25960,53383,28,0.07909604519774012
10/14/2020,Fulton,3,357,309,26269,53383,28,0.0784313725490196
10/15/2020,Fulton,0,357,278,26547,53383,28,0.0784313725490196
10/16/2020,Fulton,1,358,254,26801,53383,28,0.0782122905027933
10/17/2020,Fulton,1,359,216,27017,53383,28,0.07799442896935933
10/18/2020,Fulton,0,359,179,27196,53383,28,0.07799442896935933
10/19/2020,Fulton,1,360,200,27396,53383,28,0.07777777777777778
10/20/2020,Fulton,0,360,152,27548,53383,28,0.07777777777777778
10/21/2020,Fulton,0,360,208,27756,53383,28,0.07777777777777778
10/22/2020,Fulton,1,361,342,28098,53383,28,0.07756232686980609
10/23/2020,Fulton,0,361,276,28374,53383,28,0.07756232686980609
10/24/2020,Fulton,0,361,127,28501,53383,28,0.07756232686980609
10/25/2020,Fulton,0,361,114,28615,53383,28,0.07756232686980609
10/26/2020,Fulton,1,362,138,28753,53383,28,0.07734806629834254
10/27/2020,Fulton,0,362,267,29020,53383,28,0.07734806629834254
10/28/2020,Fulton,1,363,570,29590,53383,28,0.07713498622589532
10/29/2020,Fulton,2,365,208,29798,53383,28,0.07671232876712329
10/30/2020,Fulton,0,365,490,30288,53383,28,0.07671232876712329
10/31/2020,Fulton,2,367,205,30493,53383,28,0.07629427792915532
11/1/2020,Fulton,0,367,121,30614,53383,28,0.07629427792915532
11/2/2020,Fulton,1,368,280,30894,53383,28,0.07608695652173914
11/3/2020,Fulton,1,369,97,30991,53383,28,0.07588075880758807
11/4/2020,Fulton,1,370,228,31219,53383,28,0.07567567567567568
11/5/2020,Fulton,2,372,340,31559,53383,28,0.07526881720430108
11/6/2020,Fulton,0,372,318,31877,53383,28,0.07526881720430108
11/7/2020,Fulton,1,373,208,32085,53383,28,0.07506702412868632
11/8/2020,Fulton,2,375,185,32270,53383,28,0.07466666666666667
11/9/2020,Fulton,2,377,157,32427,53383,28,0.07427055702917772
11/10/2020,Fulton,1,378,98,32525,53383,28,0.07407407407407407
11/11/2020,Fulton,3,381,220,32745,53383,28,0.07349081364829396
11/12/2020,Fulton,1,382,648,33393,53383,28,0.07329842931937172
11/13/2020,Fulton,7,389,309,33702,53383,28,0.07197943444730077
11/14/2020,Fulton,4,393,182,33884,53383,28,0.07124681933842239
3/1/2020,Genesee,0,0,0,0,57280,0,NaN
3/2/2020,Genesee,0,0,0,0,57280,0,NaN
3/3/2020,Genesee,0,0,0,0,57280,0,NaN
3/4/2020,Genesee,0,0,0,0,57280,0,NaN
3/5/2020,Genesee,0,0,0,0,57280,0,NaN
3/6/2020,Genesee,0,0,0,0,57280,0,NaN
3/7/2020,Genesee,0,0,0,0,57280,0,NaN
3/8/2020,Genesee,0,0,0,0,57280,0,NaN
3/9/2020,Genesee,0,0,0,0,57280,0,NaN
3/10/2020,Genesee,0,0,1,1,57280,0,NaN
3/11/2020,Genesee,0,0,0,1,57280,0,NaN
3/12/2020,Genesee,0,0,0,1,57280,0,NaN
3/13/2020,Genesee,0,0,0,1,57280,0,NaN
3/14/2020,Genesee,0,0,0,1,57280,0,NaN
3/15/2020,Genesee,0,0,0,1,57280,0,NaN
3/16/2020,Genesee,0,0,3,4,57280,0,NaN
3/17/2020,Genesee,0,0,5,9,57280,0,NaN
3/18/2020,Genesee,1,1,9,18,57280,0,0
3/19/2020,Genesee,0,1,6,24,57280,0,0
3/20/2020,Genesee,0,1,6,30,57280,0,0
3/21/2020,Genesee,0,1,6,36,57280,0,0
3/22/2020,Genesee,0,1,2,38,57280,0,0
3/23/2020,Genesee,0,1,8,46,57280,0,0
3/24/2020,Genesee,1,2,7,53,57280,0,0
3/25/2020,Genesee,2,4,19,72,57280,0,0
3/26/2020,Genesee,2,6,21,93,57280,0,0
3/27/2020,Genesee,1,7,19,112,57280,0,0
3/28/2020,Genesee,2,9,6,118,57280,0,0
3/29/2020,Genesee,0,9,12,130,57280,0,0
3/30/2020,Genesee,1,10,24,154,57280,1,0.1
3/31/2020,Genesee,3,13,28,182,57280,1,0.07692307692307693
4/1/2020,Genesee,1,14,39,221,57280,1,0.07142857142857142
4/2/2020,Genesee,2,16,23,244,57280,1,0.0625
4/3/2020,Genesee,4,20,30,274,57280,1,0.05
4/4/2020,Genesee,2,22,12,286,57280,1,0.045454545454545456
4/5/2020,Genesee,1,23,11,297,57280,1,0.043478260869565216
4/6/2020,Genesee,10,33,37,334,57280,1,0.030303030303030304
4/7/2020,Genesee,14,47,31,365,57280,1,0.02127659574468085
4/8/2020,Genesee,9,56,43,408,57280,1,0.017857142857142856
4/9/2020,Genesee,9,65,32,440,57280,1,0.015384615384615385
4/10/2020,Genesee,2,67,18,458,57280,1,0.014925373134328358
4/11/2020,Genesee,2,69,19,477,57280,1,0.014492753623188406
4/12/2020,Genesee,2,71,7,484,57280,1,0.014084507042253521
4/13/2020,Genesee,5,76,34,518,57280,1,0.013157894736842105
4/14/2020,Genesee,0,76,15,533,57280,1,0.013157894736842105
4/15/2020,Genesee,2,78,12,545,57280,2,0.02564102564102564
4/16/2020,Genesee,5,83,21,566,57280,2,0.024096385542168676
4/17/2020,Genesee,4,87,13,579,57280,2,0.022988505747126436
4/18/2020,Genesee,30,117,56,635,57280,2,0.017094017094017096
4/19/2020,Genesee,2,119,14,649,57280,2,0.01680672268907563
4/20/2020,Genesee,2,121,8,657,57280,2,0.01652892561983471
4/21/2020,Genesee,1,122,17,674,57280,2,0.01639344262295082
4/22/2020,Genesee,4,126,25,699,57280,3,0.023809523809523808
4/23/2020,Genesee,1,127,19,718,57280,3,0.023622047244094488
4/24/2020,Genesee,14,141,145,863,57280,3,0.02127659574468085
4/25/2020,Genesee,3,144,37,900,57280,3,0.020833333333333332
4/26/2020,Genesee,4,148,20,920,57280,3,0.02027027027027027
4/27/2020,Genesee,1,149,28,948,57280,3,0.020134228187919462
4/28/2020,Genesee,3,152,26,974,57280,3,0.019736842105263157
4/29/2020,Genesee,1,153,32,1006,57280,3,0.0196078431372549
4/30/2020,Genesee,1,154,29,1035,57280,3,0.01948051948051948
5/1/2020,Genesee,1,155,55,1090,57280,3,0.01935483870967742
5/2/2020,Genesee,0,155,25,1115,57280,3,0.01935483870967742
5/3/2020,Genesee,4,159,48,1163,57280,3,0.018867924528301886
5/4/2020,Genesee,0,159,47,1210,57280,3,0.018867924528301886
5/5/2020,Genesee,3,162,59,1269,57280,3,0.018518518518518517
5/6/2020,Genesee,6,168,98,1367,57280,3,0.017857142857142856
5/7/2020,Genesee,1,169,62,1429,57280,3,0.01775147928994083
5/8/2020,Genesee,1,170,47,1476,57280,3,0.01764705882352941
5/9/2020,Genesee,2,172,149,1625,57280,3,0.01744186046511628
5/10/2020,Genesee,1,173,182,1807,57280,3,0.017341040462427744
5/11/2020,Genesee,1,174,77,1884,57280,3,0.017241379310344827
5/12/2020,Genesee,0,174,96,1980,57280,3,0.017241379310344827
5/13/2020,Genesee,1,175,77,2057,57280,3,0.017142857142857144
5/14/2020,Genesee,0,175,66,2123,57280,3,0.017142857142857144
5/15/2020,Genesee,3,178,47,2170,57280,4,0.02247191011235955
5/16/2020,Genesee,2,180,69,2239,57280,4,0.022222222222222223
5/17/2020,Genesee,0,180,30,2269,57280,4,0.022222222222222223
5/18/2020,Genesee,2,182,77,2346,57280,4,0.02197802197802198
5/19/2020,Genesee,2,184,95,2441,57280,4,0.021739130434782608
5/20/2020,Genesee,4,188,145,2586,57280,4,0.02127659574468085
5/21/2020,Genesee,1,189,42,2628,57280,4,0.021164021164021163
5/22/2020,Genesee,2,191,271,2899,57280,4,0.020942408376963352
5/23/2020,Genesee,0,191,181,3080,57280,4,0.020942408376963352
5/24/2020,Genesee,1,192,95,3175,57280,4,0.020833333333333332
5/25/2020,Genesee,1,193,58,3233,57280,5,0.025906735751295335
5/26/2020,Genesee,2,195,84,3317,57280,5,0.02564102564102564
5/27/2020,Genesee,2,197,177,3494,57280,5,0.025380710659898477
5/28/2020,Genesee,2,199,119,3613,57280,5,0.02512562814070352
5/29/2020,Genesee,1,200,135,3748,57280,5,0.025
5/30/2020,Genesee,2,202,115,3863,57280,5,0.024752475247524754
5/31/2020,Genesee,0,202,82,3945,57280,5,0.024752475247524754
6/1/2020,Genesee,0,202,145,4090,57280,5,0.024752475247524754
6/2/2020,Genesee,0,202,264,4354,57280,5,0.024752475247524754
6/3/2020,Genesee,3,205,326,4680,57280,5,0.024390243902439025
6/4/2020,Genesee,0,205,137,4817,57280,5,0.024390243902439025
6/5/2020,Genesee,1,206,322,5139,57280,5,0.024271844660194174
6/6/2020,Genesee,2,208,153,5292,57280,5,0.02403846153846154
6/7/2020,Genesee,0,208,104,5396,57280,5,0.02403846153846154
6/8/2020,Genesee,2,210,200,5596,57280,5,0.023809523809523808
6/9/2020,Genesee,1,211,213,5809,57280,5,0.023696682464454975
6/10/2020,Genesee,1,212,234,6043,57280,5,0.02358490566037736
6/11/2020,Genesee,0,212,187,6230,57280,5,0.02358490566037736
6/12/2020,Genesee,0,212,174,6404,57280,5,0.02358490566037736
6/13/2020,Genesee,0,212,158,6562,57280,5,0.02358490566037736
6/14/2020,Genesee,1,213,91,6653,57280,5,0.023474178403755867
6/15/2020,Genesee,0,213,112,6765,57280,5,0.023474178403755867
6/16/2020,Genesee,3,216,142,6907,57280,5,0.023148148148148147
6/17/2020,Genesee,1,217,169,7076,57280,5,0.02304147465437788
6/18/2020,Genesee,1,218,243,7319,57280,5,0.022935779816513763
6/19/2020,Genesee,4,222,189,7508,57280,5,0.02252252252252252
6/20/2020,Genesee,0,222,108,7616,57280,5,0.02252252252252252
6/21/2020,Genesee,3,225,182,7798,57280,5,0.022222222222222223
6/22/2020,Genesee,4,229,196,7994,57280,5,0.021834061135371178
6/23/2020,Genesee,1,230,196,8190,57280,5,0.021739130434782608
6/24/2020,Genesee,1,231,220,8410,57280,5,0.021645021645021644
6/25/2020,Genesee,1,232,120,8530,57280,5,0.021551724137931036
6/26/2020,Genesee,5,237,154,8684,57280,5,0.02109704641350211
6/27/2020,Genesee,1,238,118,8802,57280,5,0.02100840336134454
6/28/2020,Genesee,0,238,109,8911,57280,5,0.02100840336134454
6/29/2020,Genesee,0,238,416,9327,57280,5,0.02100840336134454
6/30/2020,Genesee,0,238,249,9576,57280,5,0.02100840336134454
7/1/2020,Genesee,0,238,112,9688,57280,5,0.02100840336134454
7/2/2020,Genesee,1,239,129,9817,57280,5,0.02092050209205021
7/3/2020,Genesee,0,239,170,9987,57280,5,0.02092050209205021
7/4/2020,Genesee,0,239,167,10154,57280,5,0.02092050209205021
7/5/2020,Genesee,3,242,213,10367,57280,5,0.02066115702479339
7/6/2020,Genesee,0,242,412,10779,57280,5,0.02066115702479339
7/7/2020,Genesee,2,244,178,10957,57280,5,0.020491803278688523
7/8/2020,Genesee,0,244,246,11203,57280,5,0.020491803278688523
7/9/2020,Genesee,2,246,185,11388,57280,5,0.02032520325203252
7/10/2020,Genesee,1,247,114,11502,57280,5,0.020242914979757085
7/11/2020,Genesee,3,250,269,11771,57280,6,0.024
7/12/2020,Genesee,0,250,99,11870,57280,6,0.024
7/13/2020,Genesee,2,252,196,12066,57280,6,0.023809523809523808
7/14/2020,Genesee,2,254,136,12202,57280,6,0.023622047244094488
7/15/2020,Genesee,0,254,270,12472,57280,6,0.023622047244094488
7/16/2020,Genesee,0,254,212,12684,57280,6,0.023622047244094488
7/17/2020,Genesee,2,256,173,12857,57280,6,0.0234375
7/18/2020,Genesee,1,257,177,13034,57280,6,0.023346303501945526
7/19/2020,Genesee,1,258,189,13223,57280,6,0.023255813953488372
7/20/2020,Genesee,0,258,234,13457,57280,6,0.023255813953488372
7/21/2020,Genesee,0,258,167,13624,57280,6,0.023255813953488372
7/22/2020,Genesee,2,260,139,13763,57280,6,0.023076923076923078
7/23/2020,Genesee,1,261,288,14051,57280,6,0.022988505747126436
7/24/2020,Genesee,0,261,224,14275,57280,6,0.022988505747126436
7/25/2020,Genesee,3,264,162,14437,57280,6,0.022727272727272728
7/26/2020,Genesee,2,266,128,14565,57280,6,0.022556390977443608
7/27/2020,Genesee,0,266,155,14720,57280,6,0.022556390977443608
7/28/2020,Genesee,1,267,186,14906,57280,6,0.02247191011235955
7/29/2020,Genesee,3,270,306,15212,57280,6,0.022222222222222223
7/30/2020,Genesee,0,270,241,15453,57280,6,0.022222222222222223
7/31/2020,Genesee,2,272,207,15660,57280,6,0.022058823529411766
8/1/2020,Genesee,0,272,125,15785,57280,6,0.022058823529411766
8/2/2020,Genesee,1,273,93,15878,57280,6,0.02197802197802198
8/3/2020,Genesee,0,273,213,16091,57280,6,0.02197802197802198
8/4/2020,Genesee,1,274,293,16384,57280,6,0.021897810218978103
8/5/2020,Genesee,0,274,180,16564,57280,6,0.021897810218978103
8/6/2020,Genesee,3,277,309,16873,57280,6,0.021660649819494584
8/7/2020,Genesee,0,277,168,17041,57280,6,0.021660649819494584
8/8/2020,Genesee,0,277,85,17126,57280,6,0.021660649819494584
8/9/2020,Genesee,0,277,136,17262,57280,6,0.021660649819494584
8/10/2020,Genesee,2,279,324,17586,57280,6,0.021505376344086023
8/11/2020,Genesee,1,280,188,17774,57280,6,0.02142857142857143
8/12/2020,Genesee,0,280,210,17984,57280,6,0.02142857142857143
8/13/2020,Genesee,4,284,423,18407,57280,6,0.02112676056338028
8/14/2020,Genesee,0,284,158,18565,57280,6,0.02112676056338028
8/15/2020,Genesee,1,285,244,18809,57280,6,0.021052631578947368
8/16/2020,Genesee,0,285,104,18913,57280,6,0.021052631578947368
8/17/2020,Genesee,3,288,557,19470,57280,6,0.020833333333333332
8/18/2020,Genesee,1,289,367,19837,57280,6,0.020761245674740483
8/19/2020,Genesee,1,290,335,20172,57280,6,0.020689655172413793
8/20/2020,Genesee,0,290,383,20555,57280,6,0.020689655172413793
8/21/2020,Genesee,0,290,228,20783,57280,6,0.020689655172413793
8/22/2020,Genesee,0,290,150,20933,57280,6,0.020689655172413793
8/23/2020,Genesee,0,290,110,21043,57280,6,0.020689655172413793
8/24/2020,Genesee,1,291,162,21205,57280,6,0.020618556701030927
8/25/2020,Genesee,1,292,244,21449,57280,6,0.02054794520547945
8/26/2020,Genesee,0,292,211,21660,57280,6,0.02054794520547945
8/27/2020,Genesee,1,293,316,21976,57280,6,0.020477815699658702
8/28/2020,Genesee,0,293,470,22446,57280,6,0.020477815699658702
8/29/2020,Genesee,1,294,178,22624,57280,6,0.02040816326530612
8/30/2020,Genesee,1,295,169,22793,57280,6,0.020338983050847456
8/31/2020,Genesee,2,297,217,23010,57280,6,0.020202020202020204
9/1/2020,Genesee,0,297,201,23211,57280,6,0.020202020202020204
9/2/2020,Genesee,1,298,188,23399,57280,6,0.020134228187919462
9/3/2020,Genesee,2,300,222,23621,57280,6,0.02
9/4/2020,Genesee,0,300,231,23852,57280,6,0.02
9/5/2020,Genesee,1,301,116,23968,57280,6,0.019933554817275746
9/6/2020,Genesee,1,302,134,24102,57280,6,0.019867549668874173
9/7/2020,Genesee,1,303,138,24240,57280,6,0.019801980198019802
9/8/2020,Genesee,1,304,316,24556,57280,6,0.019736842105263157
9/9/2020,Genesee,2,306,175,24731,57280,6,0.0196078431372549
9/10/2020,Genesee,0,306,355,25086,57280,6,0.0196078431372549
9/11/2020,Genesee,1,307,190,25276,57280,6,0.019543973941368076
9/12/2020,Genesee,0,307,189,25465,57280,6,0.019543973941368076
9/13/2020,Genesee,0,307,126,25591,57280,6,0.019543973941368076
9/14/2020,Genesee,0,307,332,25923,57280,6,0.019543973941368076
9/15/2020,Genesee,0,307,225,26148,57280,6,0.019543973941368076
9/16/2020,Genesee,2,309,201,26349,57280,6,0.019417475728155338
9/17/2020,Genesee,0,309,415,26764,57280,6,0.019417475728155338
9/18/2020,Genesee,5,314,286,27050,57280,6,0.01910828025477707
9/19/2020,Genesee,0,314,209,27259,57280,6,0.01910828025477707
9/20/2020,Genesee,2,316,86,27345,57280,6,0.0189873417721519
9/21/2020,Genesee,1,317,346,27691,57280,6,0.01892744479495268
9/22/2020,Genesee,0,317,239,27930,57280,6,0.01892744479495268
9/23/2020,Genesee,0,317,269,28199,57280,6,0.01892744479495268
9/24/2020,Genesee,0,317,396,28595,57280,6,0.01892744479495268
9/25/2020,Genesee,2,319,275,28870,57280,6,0.018808777429467086
9/26/2020,Genesee,2,321,222,29092,57280,6,0.018691588785046728
9/27/2020,Genesee,0,321,95,29187,57280,6,0.018691588785046728
9/28/2020,Genesee,6,327,151,29338,57280,6,0.01834862385321101
9/29/2020,Genesee,3,330,485,29823,57280,6,0.01818181818181818
9/30/2020,Genesee,5,335,307,30130,57280,6,0.01791044776119403
10/1/2020,Genesee,1,336,376,30506,57280,6,0.017857142857142856
10/2/2020,Genesee,6,342,448,30954,57280,6,0.017543859649122806
10/3/2020,Genesee,2,344,245,31199,57280,6,0.01744186046511628
10/4/2020,Genesee,2,346,109,31308,57280,6,0.017341040462427744
10/5/2020,Genesee,5,351,225,31533,57280,6,0.017094017094017096
10/6/2020,Genesee,1,352,281,31814,57280,6,0.017045454545454544
10/7/2020,Genesee,3,355,433,32247,57280,6,0.016901408450704224
10/8/2020,Genesee,3,358,678,32925,57280,6,0.01675977653631285
10/9/2020,Genesee,0,358,409,33334,57280,6,0.01675977653631285
10/10/2020,Genesee,0,358,224,33558,57280,6,0.01675977653631285
10/11/2020,Genesee,1,359,180,33738,57280,6,0.016713091922005572
10/12/2020,Genesee,1,360,280,34018,57280,6,0.016666666666666666
10/13/2020,Genesee,3,363,204,34222,57280,6,0.01652892561983471
10/14/2020,Genesee,7,370,277,34499,57280,6,0.016216216216216217
10/15/2020,Genesee,1,371,290,34789,57280,6,0.016172506738544475
10/16/2020,Genesee,0,371,507,35296,57280,6,0.016172506738544475
10/17/2020,Genesee,0,371,267,35563,57280,6,0.016172506738544475
10/18/2020,Genesee,0,371,165,35728,57280,6,0.016172506738544475
10/19/2020,Genesee,0,371,394,36122,57280,6,0.016172506738544475
10/20/2020,Genesee,1,372,231,36353,57280,6,0.016129032258064516
10/21/2020,Genesee,1,373,228,36581,57280,6,0.0160857908847185
10/22/2020,Genesee,4,377,336,36917,57280,6,0.015915119363395226
10/23/2020,Genesee,2,379,429,37346,57280,6,0.0158311345646438
10/24/2020,Genesee,1,380,136,37482,57280,6,0.015789473684210527
10/25/2020,Genesee,1,381,155,37637,57280,6,0.015748031496062992
10/26/2020,Genesee,3,384,596,38233,57280,6,0.015625
10/27/2020,Genesee,4,388,300,38533,57280,6,0.015463917525773196
10/28/2020,Genesee,8,396,316,38849,57280,6,0.015151515151515152
10/29/2020,Genesee,10,406,365,39214,57280,6,0.014778325123152709
10/30/2020,Genesee,1,407,397,39611,57280,6,0.014742014742014743
10/31/2020,Genesee,4,411,256,39867,57280,6,0.014598540145985401
11/1/2020,Genesee,2,413,149,40016,57280,6,0.014527845036319613
11/2/2020,Genesee,7,420,562,40578,57280,6,0.014285714285714285
11/3/2020,Genesee,8,428,266,40844,57280,6,0.014018691588785047
11/4/2020,Genesee,13,441,357,41201,57280,6,0.013605442176870748
11/5/2020,Genesee,9,450,398,41599,57280,6,0.013333333333333334
11/6/2020,Genesee,15,465,635,42234,57280,6,0.012903225806451613
11/7/2020,Genesee,13,478,243,42477,57280,6,0.012552301255230125
11/8/2020,Genesee,17,495,232,42709,57280,6,0.012121212121212121
11/9/2020,Genesee,15,510,422,43131,57280,6,0.011764705882352941
11/10/2020,Genesee,17,527,285,43416,57280,6,0.011385199240986717
11/11/2020,Genesee,14,541,317,43733,57280,6,0.011090573012939002
11/12/2020,Genesee,43,584,489,44222,57280,6,0.010273972602739725
11/13/2020,Genesee,13,597,638,44860,57280,6,0.010050251256281407
11/14/2020,Genesee,6,603,108,44968,57280,6,0.009950248756218905
3/1/2020,Greene,0,0,0,0,47188,0,NaN
3/2/2020,Greene,0,0,0,0,47188,0,NaN
3/3/2020,Greene,0,0,0,0,47188,0,NaN
3/4/2020,Greene,0,0,0,0,47188,0,NaN
3/5/2020,Greene,0,0,0,0,47188,0,NaN
3/6/2020,Greene,0,0,0,0,47188,0,NaN
3/7/2020,Greene,0,0,0,0,47188,0,NaN
3/8/2020,Greene,0,0,0,0,47188,0,NaN
3/9/2020,Greene,0,0,0,0,47188,0,NaN
3/10/2020,Greene,0,0,0,0,47188,0,NaN
3/11/2020,Greene,0,0,3,3,47188,0,NaN
3/12/2020,Greene,0,0,0,3,47188,0,NaN
3/13/2020,Greene,0,0,1,4,47188,0,NaN
3/14/2020,Greene,2,2,8,12,47188,0,0
3/15/2020,Greene,0,2,3,15,47188,0,0
3/16/2020,Greene,0,2,9,24,47188,0,0
3/17/2020,Greene,0,2,8,32,47188,0,0
3/18/2020,Greene,0,2,16,48,47188,0,0
3/19/2020,Greene,0,2,21,69,47188,0,0
3/20/2020,Greene,0,2,24,93,47188,0,0
3/21/2020,Greene,0,2,23,116,47188,0,0
3/22/2020,Greene,2,4,32,148,47188,0,0
3/23/2020,Greene,0,4,8,156,47188,0,0
3/24/2020,Greene,0,4,3,159,47188,0,0
3/25/2020,Greene,1,5,11,170,47188,0,0
3/26/2020,Greene,1,6,11,181,47188,0,0
3/27/2020,Greene,1,7,6,187,47188,0,0
3/28/2020,Greene,0,7,6,193,47188,0,0
3/29/2020,Greene,3,10,13,206,47188,0,0
3/30/2020,Greene,6,16,15,221,47188,0,0
3/31/2020,Greene,2,18,9,230,47188,0,0
4/1/2020,Greene,3,21,11,241,47188,0,0
4/2/2020,Greene,2,23,16,257,47188,0,0
4/3/2020,Greene,1,24,10,267,47188,0,0
4/4/2020,Greene,0,24,7,274,47188,0,0
4/5/2020,Greene,0,24,12,286,47188,0,0
4/6/2020,Greene,0,24,13,299,47188,0,0
4/7/2020,Greene,1,25,6,305,47188,0,0
4/8/2020,Greene,3,28,29,334,47188,0,0
4/9/2020,Greene,6,34,36,370,47188,0,0
4/10/2020,Greene,3,37,27,397,47188,0,0
4/11/2020,Greene,7,44,40,437,47188,0,0
4/12/2020,Greene,1,45,14,451,47188,0,0
4/13/2020,Greene,21,66,93,544,47188,0,0
4/14/2020,Greene,7,73,25,569,47188,0,0
4/15/2020,Greene,1,74,16,585,47188,0,0
4/16/2020,Greene,3,77,16,601,47188,0,0
4/17/2020,Greene,5,82,28,629,47188,0,0
4/18/2020,Greene,3,85,24,653,47188,0,0
4/19/2020,Greene,1,86,8,661,47188,2,0.023255813953488372
4/20/2020,Greene,1,87,16,677,47188,2,0.022988505747126436
4/21/2020,Greene,0,87,15,692,47188,2,0.022988505747126436
4/22/2020,Greene,2,89,25,717,47188,2,0.02247191011235955
4/23/2020,Greene,1,90,31,748,47188,2,0.022222222222222223
4/24/2020,Greene,17,107,212,960,47188,2,0.018691588785046728
4/25/2020,Greene,3,110,36,996,47188,2,0.01818181818181818
4/26/2020,Greene,1,111,25,1021,47188,2,0.018018018018018018
4/27/2020,Greene,1,112,20,1041,47188,2,0.017857142857142856
4/28/2020,Greene,2,114,24,1065,47188,2,0.017543859649122806
4/29/2020,Greene,17,131,59,1124,47188,2,0.015267175572519083
4/30/2020,Greene,8,139,47,1171,47188,2,0.014388489208633094
5/1/2020,Greene,3,142,36,1207,47188,3,0.02112676056338028
5/2/2020,Greene,9,151,32,1239,47188,3,0.019867549668874173
5/3/2020,Greene,3,154,34,1273,47188,3,0.01948051948051948
5/4/2020,Greene,12,166,36,1309,47188,4,0.024096385542168676
5/5/2020,Greene,22,188,84,1393,47188,5,0.026595744680851064
5/6/2020,Greene,10,198,55,1448,47188,7,0.03535353535353535
5/7/2020,Greene,1,199,34,1482,47188,9,0.04522613065326633
5/8/2020,Greene,5,204,45,1527,47188,9,0.04411764705882353
5/9/2020,Greene,2,206,44,1571,47188,9,0.043689320388349516
5/10/2020,Greene,0,206,14,1585,47188,9,0.043689320388349516
5/11/2020,Greene,0,206,28,1613,47188,9,0.043689320388349516
5/12/2020,Greene,0,206,41,1654,47188,9,0.043689320388349516
5/13/2020,Greene,1,207,46,1700,47188,9,0.043478260869565216
5/14/2020,Greene,2,209,64,1764,47188,9,0.0430622009569378
5/15/2020,Greene,2,211,49,1813,47188,9,0.04265402843601896
5/16/2020,Greene,1,212,43,1856,47188,10,0.04716981132075472
5/17/2020,Greene,1,213,33,1889,47188,10,0.046948356807511735
5/18/2020,Greene,1,214,26,1915,47188,11,0.0514018691588785
5/19/2020,Greene,1,215,189,2104,47188,12,0.05581395348837209
5/20/2020,Greene,0,215,44,2148,47188,12,0.05581395348837209
5/21/2020,Greene,0,215,48,2196,47188,12,0.05581395348837209
5/22/2020,Greene,2,217,69,2265,47188,12,0.055299539170506916
5/23/2020,Greene,3,220,55,2320,47188,13,0.05909090909090909
5/24/2020,Greene,5,225,35,2355,47188,13,0.057777777777777775
5/25/2020,Greene,0,225,24,2379,47188,13,0.057777777777777775
5/26/2020,Greene,6,231,108,2487,47188,13,0.05627705627705628
5/27/2020,Greene,5,236,107,2594,47188,13,0.05508474576271186
5/28/2020,Greene,1,237,92,2686,47188,13,0.05485232067510549
5/29/2020,Greene,1,238,110,2796,47188,13,0.0546218487394958
5/30/2020,Greene,0,238,100,2896,47188,13,0.0546218487394958
5/31/2020,Greene,1,239,79,2975,47188,13,0.05439330543933055
6/1/2020,Greene,2,241,119,3094,47188,13,0.05394190871369295
6/2/2020,Greene,0,241,153,3247,47188,13,0.05394190871369295
6/3/2020,Greene,0,241,130,3377,47188,13,0.05394190871369295
6/4/2020,Greene,1,242,134,3511,47188,13,0.05371900826446281
6/5/2020,Greene,4,246,181,3692,47188,13,0.052845528455284556
6/6/2020,Greene,0,246,117,3809,47188,13,0.052845528455284556
6/7/2020,Greene,1,247,42,3851,47188,13,0.05263157894736842
6/8/2020,Greene,1,248,104,3955,47188,13,0.05241935483870968
6/9/2020,Greene,1,249,172,4127,47188,13,0.05220883534136546
6/10/2020,Greene,0,249,88,4215,47188,13,0.05220883534136546
6/11/2020,Greene,0,249,82,4297,47188,13,0.05220883534136546
6/12/2020,Greene,1,250,97,4394,47188,13,0.052
6/13/2020,Greene,1,251,128,4522,47188,13,0.05179282868525897
6/14/2020,Greene,0,251,110,4632,47188,13,0.05179282868525897
6/15/2020,Greene,1,252,67,4699,47188,13,0.051587301587301584
6/16/2020,Greene,0,252,196,4895,47188,13,0.051587301587301584
6/17/2020,Greene,0,252,73,4968,47188,13,0.051587301587301584
6/18/2020,Greene,2,254,174,5142,47188,13,0.051181102362204724
6/19/2020,Greene,1,255,54,5196,47188,13,0.050980392156862744
6/20/2020,Greene,1,256,67,5263,47188,13,0.05078125
6/21/2020,Greene,0,256,119,5382,47188,13,0.05078125
6/22/2020,Greene,0,256,110,5492,47188,13,0.05078125
6/23/2020,Greene,0,256,114,5606,47188,13,0.05078125
6/24/2020,Greene,1,257,158,5764,47188,13,0.05058365758754864
6/25/2020,Greene,0,257,126,5890,47188,13,0.05058365758754864
6/26/2020,Greene,3,260,127,6017,47188,13,0.05
6/27/2020,Greene,0,260,166,6183,47188,13,0.05
6/28/2020,Greene,0,260,58,6241,47188,13,0.05
6/29/2020,Greene,0,260,154,6395,47188,13,0.05
6/30/2020,Greene,0,260,72,6467,47188,13,0.05
7/1/2020,Greene,0,260,195,6662,47188,13,0.05
7/2/2020,Greene,3,263,99,6761,47188,13,0.049429657794676805
7/3/2020,Greene,0,263,106,6867,47188,13,0.049429657794676805
7/4/2020,Greene,0,263,156,7023,47188,13,0.049429657794676805
7/5/2020,Greene,0,263,115,7138,47188,13,0.049429657794676805
7/6/2020,Greene,0,263,177,7315,47188,13,0.049429657794676805
7/7/2020,Greene,0,263,151,7466,47188,13,0.049429657794676805
7/8/2020,Greene,0,263,149,7615,47188,13,0.049429657794676805
7/9/2020,Greene,1,264,329,7944,47188,13,0.04924242424242424
7/10/2020,Greene,1,265,143,8087,47188,13,0.04905660377358491
7/11/2020,Greene,1,266,55,8142,47188,13,0.04887218045112782
7/12/2020,Greene,0,266,56,8198,47188,13,0.04887218045112782
7/13/2020,Greene,1,267,104,8302,47188,13,0.04868913857677903
7/14/2020,Greene,4,271,127,8429,47188,13,0.04797047970479705
7/15/2020,Greene,0,271,133,8562,47188,13,0.04797047970479705
7/16/2020,Greene,0,271,219,8781,47188,13,0.04797047970479705
7/17/2020,Greene,0,271,147,8928,47188,13,0.04797047970479705
7/18/2020,Greene,1,272,30,8958,47188,13,0.04779411764705882
7/19/2020,Greene,0,272,51,9009,47188,13,0.04779411764705882
7/20/2020,Greene,0,272,148,9157,47188,13,0.04779411764705882
7/21/2020,Greene,0,272,110,9267,47188,13,0.04779411764705882
7/22/2020,Greene,1,273,80,9347,47188,13,0.047619047619047616
7/23/2020,Greene,5,278,212,9559,47188,13,0.046762589928057555
7/24/2020,Greene,1,279,110,9669,47188,13,0.04659498207885305
7/25/2020,Greene,2,281,59,9728,47188,13,0.046263345195729534
7/26/2020,Greene,1,282,48,9776,47188,13,0.04609929078014184
7/27/2020,Greene,1,283,100,9876,47188,13,0.045936395759717315
7/28/2020,Greene,2,285,78,9954,47188,13,0.0456140350877193
7/29/2020,Greene,2,287,146,10100,47188,13,0.04529616724738676
7/30/2020,Greene,2,289,213,10313,47188,13,0.04498269896193772
7/31/2020,Greene,0,289,189,10502,47188,13,0.04498269896193772
8/1/2020,Greene,0,289,54,10556,47188,13,0.04498269896193772
8/2/2020,Greene,0,289,76,10632,47188,13,0.04498269896193772
8/3/2020,Greene,0,289,132,10764,47188,13,0.04498269896193772
8/4/2020,Greene,0,289,163,10927,47188,13,0.04498269896193772
8/5/2020,Greene,1,290,107,11034,47188,13,0.04482758620689655
8/6/2020,Greene,1,291,149,11183,47188,13,0.044673539518900345
8/7/2020,Greene,0,291,94,11277,47188,13,0.044673539518900345
8/8/2020,Greene,1,292,83,11360,47188,13,0.04452054794520548
8/9/2020,Greene,1,293,61,11421,47188,13,0.04436860068259386
8/10/2020,Greene,1,294,151,11572,47188,13,0.04421768707482993
8/11/2020,Greene,1,295,136,11708,47188,13,0.04406779661016949
8/12/2020,Greene,1,296,89,11797,47188,13,0.04391891891891892
8/13/2020,Greene,0,296,208,12005,47188,13,0.04391891891891892
8/14/2020,Greene,1,297,240,12245,47188,13,0.04377104377104377
8/15/2020,Greene,1,298,133,12378,47188,13,0.0436241610738255
8/16/2020,Greene,0,298,45,12423,47188,13,0.0436241610738255
8/17/2020,Greene,2,300,269,12692,47188,13,0.043333333333333335
8/18/2020,Greene,0,300,235,12927,47188,13,0.043333333333333335
8/19/2020,Greene,1,301,164,13091,47188,13,0.04318936877076412
8/20/2020,Greene,3,304,293,13384,47188,13,0.04276315789473684
8/21/2020,Greene,1,305,137,13521,47188,13,0.04262295081967213
8/22/2020,Greene,0,305,97,13618,47188,13,0.04262295081967213
8/23/2020,Greene,0,305,49,13667,47188,13,0.04262295081967213
8/24/2020,Greene,0,305,101,13768,47188,13,0.04262295081967213
8/25/2020,Greene,1,306,101,13869,47188,13,0.042483660130718956
8/26/2020,Greene,0,306,182,14051,47188,13,0.042483660130718956
8/27/2020,Greene,0,306,241,14292,47188,13,0.042483660130718956
8/28/2020,Greene,1,307,228,14520,47188,13,0.04234527687296417
8/29/2020,Greene,0,307,147,14667,47188,13,0.04234527687296417
8/30/2020,Greene,0,307,85,14752,47188,13,0.04234527687296417
8/31/2020,Greene,2,309,138,14890,47188,13,0.042071197411003236
9/1/2020,Greene,1,310,107,14997,47188,14,0.04516129032258064
9/2/2020,Greene,0,310,186,15183,47188,14,0.04516129032258064
9/3/2020,Greene,3,313,198,15381,47188,14,0.04472843450479233
9/4/2020,Greene,0,313,114,15495,47188,14,0.04472843450479233
9/5/2020,Greene,1,314,105,15600,47188,14,0.044585987261146494
9/6/2020,Greene,0,314,41,15641,47188,14,0.044585987261146494
9/7/2020,Greene,2,316,140,15781,47188,14,0.04430379746835443
9/8/2020,Greene,0,316,123,15904,47188,14,0.04430379746835443
9/9/2020,Greene,1,317,86,15990,47188,14,0.04416403785488959
9/10/2020,Greene,0,317,233,16223,47188,14,0.04416403785488959
9/11/2020,Greene,0,317,136,16359,47188,14,0.04416403785488959
9/12/2020,Greene,1,318,221,16580,47188,14,0.0440251572327044
9/13/2020,Greene,0,318,42,16622,47188,14,0.0440251572327044
9/14/2020,Greene,0,318,127,16749,47188,14,0.0440251572327044
9/15/2020,Greene,0,318,106,16855,47188,14,0.0440251572327044
9/16/2020,Greene,1,319,215,17070,47188,14,0.0438871473354232
9/17/2020,Greene,0,319,200,17270,47188,14,0.0438871473354232
9/18/2020,Greene,0,319,176,17446,47188,14,0.0438871473354232
9/19/2020,Greene,0,319,123,17569,47188,14,0.0438871473354232
9/20/2020,Greene,1,320,56,17625,47188,14,0.04375
9/21/2020,Greene,1,321,94,17719,47188,14,0.04361370716510903
9/22/2020,Greene,0,321,103,17822,47188,14,0.04361370716510903
9/23/2020,Greene,0,321,184,18006,47188,14,0.04361370716510903
9/24/2020,Greene,2,323,268,18274,47188,14,0.043343653250773995
9/25/2020,Greene,0,323,102,18376,47188,14,0.043343653250773995
9/26/2020,Greene,0,323,114,18490,47188,14,0.043343653250773995
9/27/2020,Greene,0,323,62,18552,47188,14,0.043343653250773995
9/28/2020,Greene,0,323,78,18630,47188,14,0.043343653250773995
9/29/2020,Greene,2,325,181,18811,47188,14,0.043076923076923075
9/30/2020,Greene,3,328,254,19065,47188,14,0.042682926829268296
10/1/2020,Greene,6,334,192,19257,47188,14,0.041916167664670656
10/2/2020,Greene,6,340,205,19462,47188,15,0.04411764705882353
10/3/2020,Greene,7,347,194,19656,47188,15,0.043227665706051875
10/4/2020,Greene,1,348,167,19823,47188,15,0.04310344827586207
10/5/2020,Greene,5,353,128,19951,47188,15,0.042492917847025496
10/6/2020,Greene,13,366,198,20149,47188,15,0.040983606557377046
10/7/2020,Greene,6,372,283,20432,47188,15,0.04032258064516129
10/8/2020,Greene,5,377,266,20698,47188,15,0.03978779840848806
10/9/2020,Greene,2,379,344,21042,47188,15,0.0395778364116095
10/10/2020,Greene,4,383,211,21253,47188,15,0.0391644908616188
10/11/2020,Greene,5,388,188,21441,47188,15,0.03865979381443299
10/12/2020,Greene,41,429,345,21786,47188,15,0.03496503496503497
10/13/2020,Greene,17,446,310,22096,47188,15,0.033632286995515695
10/14/2020,Greene,8,454,385,22481,47188,15,0.03303964757709251
10/15/2020,Greene,10,464,330,22811,47188,15,0.032327586206896554
10/16/2020,Greene,1,465,314,23125,47188,15,0.03225806451612903
10/17/2020,Greene,7,472,176,23301,47188,15,0.03177966101694915
10/18/2020,Greene,2,474,96,23397,47188,15,0.03164556962025317
10/19/2020,Greene,3,477,126,23523,47188,15,0.031446540880503145
10/20/2020,Greene,5,482,203,23726,47188,15,0.03112033195020747
10/21/2020,Greene,5,487,240,23966,47188,15,0.030800821355236138
10/22/2020,Greene,1,488,303,24269,47188,15,0.030737704918032786
10/23/2020,Greene,1,489,287,24556,47188,15,0.03067484662576687
10/24/2020,Greene,1,490,142,24698,47188,15,0.030612244897959183
10/25/2020,Greene,5,495,197,24895,47188,15,0.030303030303030304
10/26/2020,Greene,6,501,274,25169,47188,15,0.029940119760479042
10/27/2020,Greene,4,505,191,25360,47188,15,0.0297029702970297
10/28/2020,Greene,2,507,255,25615,47188,15,0.029585798816568046
10/29/2020,Greene,3,510,169,25784,47188,15,0.029411764705882353
10/30/2020,Greene,5,515,435,26219,47188,15,0.02912621359223301
10/31/2020,Greene,1,516,303,26522,47188,15,0.029069767441860465
11/1/2020,Greene,1,517,256,26778,47188,15,0.029013539651837523
11/2/2020,Greene,1,518,319,27097,47188,15,0.02895752895752896
11/3/2020,Greene,5,523,528,27625,47188,15,0.028680688336520075
11/4/2020,Greene,0,523,193,27818,47188,15,0.028680688336520075
11/5/2020,Greene,4,527,252,28070,47188,15,0.028462998102466792
11/6/2020,Greene,25,552,332,28402,47188,15,0.02717391304347826
11/7/2020,Greene,3,555,128,28530,47188,15,0.02702702702702703
11/8/2020,Greene,3,558,73,28603,47188,15,0.026881720430107527
11/9/2020,Greene,5,563,267,28870,47188,15,0.02664298401420959
11/10/2020,Greene,1,564,208,29078,47188,15,0.026595744680851064
11/11/2020,Greene,10,574,303,29381,47188,15,0.02613240418118467
11/12/2020,Greene,4,578,324,29705,47188,16,0.02768166089965398
11/13/2020,Greene,5,583,226,29931,47188,16,0.0274442538593482
11/14/2020,Greene,2,585,93,30024,47188,16,0.02735042735042735
3/1/2020,Hamilton,0,0,0,0,4416,0,NaN
3/2/2020,Hamilton,0,0,0,0,4416,0,NaN
3/3/2020,Hamilton,0,0,0,0,4416,0,NaN
3/4/2020,Hamilton,0,0,0,0,4416,0,NaN
3/5/2020,Hamilton,0,0,0,0,4416,0,NaN
3/6/2020,Hamilton,0,0,0,0,4416,0,NaN
3/7/2020,Hamilton,0,0,0,0,4416,0,NaN
3/8/2020,Hamilton,0,0,0,0,4416,0,NaN
3/9/2020,Hamilton,0,0,0,0,4416,0,NaN
3/10/2020,Hamilton,0,0,0,0,4416,0,NaN
3/11/2020,Hamilton,0,0,0,0,4416,0,NaN
3/12/2020,Hamilton,0,0,0,0,4416,0,NaN
3/13/2020,Hamilton,0,0,0,0,4416,0,NaN
3/14/2020,Hamilton,0,0,0,0,4416,0,NaN
3/15/2020,Hamilton,0,0,0,0,4416,0,NaN
3/16/2020,Hamilton,0,0,0,0,4416,0,NaN
3/17/2020,Hamilton,1,1,2,2,4416,0,0
3/18/2020,Hamilton,1,2,8,10,4416,0,0
3/19/2020,Hamilton,0,2,0,10,4416,0,0
3/20/2020,Hamilton,0,2,1,11,4416,0,0
3/21/2020,Hamilton,0,2,0,11,4416,0,0
3/22/2020,Hamilton,0,2,0,11,4416,0,0
3/23/2020,Hamilton,0,2,2,13,4416,0,0
3/24/2020,Hamilton,0,2,1,14,4416,0,0
3/25/2020,Hamilton,0,2,0,14,4416,0,0
3/26/2020,Hamilton,0,2,0,14,4416,0,0
3/27/2020,Hamilton,0,2,0,14,4416,0,0
3/28/2020,Hamilton,0,2,0,14,4416,0,0
3/29/2020,Hamilton,0,2,0,14,4416,0,0
3/30/2020,Hamilton,0,2,0,14,4416,0,0
3/31/2020,Hamilton,0,2,0,14,4416,0,0
4/1/2020,Hamilton,0,2,3,17,4416,0,0
4/2/2020,Hamilton,0,2,0,17,4416,0,0
4/3/2020,Hamilton,0,2,0,17,4416,0,0
4/4/2020,Hamilton,0,2,0,17,4416,0,0
4/5/2020,Hamilton,0,2,0,17,4416,0,0
4/6/2020,Hamilton,0,2,0,17,4416,0,0
4/7/2020,Hamilton,0,2,0,17,4416,0,0
4/8/2020,Hamilton,1,3,1,18,4416,0,0
4/9/2020,Hamilton,0,3,0,18,4416,0,0
4/10/2020,Hamilton,0,3,1,19,4416,0,0
4/11/2020,Hamilton,0,3,0,19,4416,0,0
4/12/2020,Hamilton,0,3,1,20,4416,0,0
4/13/2020,Hamilton,0,3,0,20,4416,0,0
4/14/2020,Hamilton,0,3,0,20,4416,0,0
4/15/2020,Hamilton,0,3,0,20,4416,0,0
4/16/2020,Hamilton,0,3,6,26,4416,0,0
4/17/2020,Hamilton,0,3,1,27,4416,0,0
4/18/2020,Hamilton,0,3,1,28,4416,0,0
4/19/2020,Hamilton,0,3,0,28,4416,0,0
4/20/2020,Hamilton,0,3,0,28,4416,0,0
4/21/2020,Hamilton,0,3,1,29,4416,0,0
4/22/2020,Hamilton,0,3,0,29,4416,0,0
4/23/2020,Hamilton,0,3,0,29,4416,0,0
4/24/2020,Hamilton,0,3,3,32,4416,0,0
4/25/2020,Hamilton,0,3,1,33,4416,0,0
4/26/2020,Hamilton,0,3,2,35,4416,0,0
4/27/2020,Hamilton,0,3,1,36,4416,0,0
4/28/2020,Hamilton,0,3,2,38,4416,0,0
4/29/2020,Hamilton,0,3,0,38,4416,0,0
4/30/2020,Hamilton,0,3,2,40,4416,0,0
5/1/2020,Hamilton,0,3,3,43,4416,0,0
5/2/2020,Hamilton,0,3,1,44,4416,0,0
5/3/2020,Hamilton,0,3,2,46,4416,0,0
5/4/2020,Hamilton,0,3,1,47,4416,0,0
5/5/2020,Hamilton,2,5,6,53,4416,0,0
5/6/2020,Hamilton,0,5,0,53,4416,0,0
5/7/2020,Hamilton,0,5,4,57,4416,1,0.2
5/8/2020,Hamilton,0,5,3,60,4416,1,0.2
5/9/2020,Hamilton,0,5,1,61,4416,1,0.2
5/10/2020,Hamilton,0,5,0,61,4416,1,0.2
5/11/2020,Hamilton,0,5,0,61,4416,1,0.2
5/12/2020,Hamilton,0,5,6,67,4416,1,0.2
5/13/2020,Hamilton,0,5,45,112,4416,1,0.2
5/14/2020,Hamilton,0,5,10,122,4416,1,0.2
5/15/2020,Hamilton,0,5,34,156,4416,1,0.2
5/16/2020,Hamilton,0,5,139,295,4416,1,0.2
5/17/2020,Hamilton,0,5,35,330,4416,1,0.2
5/18/2020,Hamilton,0,5,2,332,4416,1,0.2
5/19/2020,Hamilton,0,5,10,342,4416,1,0.2
5/20/2020,Hamilton,0,5,12,354,4416,1,0.2
5/21/2020,Hamilton,0,5,8,362,4416,1,0.2
5/22/2020,Hamilton,0,5,38,400,4416,1,0.2
5/23/2020,Hamilton,0,5,3,403,4416,1,0.2
5/24/2020,Hamilton,0,5,3,406,4416,1,0.2
5/25/2020,Hamilton,0,5,5,411,4416,1,0.2
5/26/2020,Hamilton,0,5,1,412,4416,1,0.2
5/27/2020,Hamilton,0,5,3,415,4416,1,0.2
5/28/2020,Hamilton,0,5,4,419,4416,1,0.2
5/29/2020,Hamilton,0,5,3,422,4416,1,0.2
5/30/2020,Hamilton,0,5,22,444,4416,1,0.2
5/31/2020,Hamilton,0,5,5,449,4416,1,0.2
6/1/2020,Hamilton,0,5,1,450,4416,1,0.2
6/2/2020,Hamilton,0,5,2,452,4416,1,0.2
6/3/2020,Hamilton,0,5,74,526,4416,1,0.2
6/4/2020,Hamilton,0,5,8,534,4416,1,0.2
6/5/2020,Hamilton,0,5,7,541,4416,1,0.2
6/6/2020,Hamilton,0,5,38,579,4416,1,0.2
6/7/2020,Hamilton,0,5,8,587,4416,1,0.2
6/8/2020,Hamilton,0,5,4,591,4416,1,0.2
6/9/2020,Hamilton,0,5,7,598,4416,1,0.2
6/10/2020,Hamilton,0,5,5,603,4416,1,0.2
6/11/2020,Hamilton,0,5,13,616,4416,1,0.2
6/12/2020,Hamilton,0,5,6,622,4416,1,0.2
6/13/2020,Hamilton,1,6,27,649,4416,1,0.16666666666666666
6/14/2020,Hamilton,0,6,12,661,4416,1,0.16666666666666666
6/15/2020,Hamilton,0,6,1,662,4416,1,0.16666666666666666
6/16/2020,Hamilton,0,6,6,668,4416,1,0.16666666666666666
6/17/2020,Hamilton,0,6,12,680,4416,1,0.16666666666666666
6/18/2020,Hamilton,0,6,6,686,4416,1,0.16666666666666666
6/19/2020,Hamilton,0,6,4,690,4416,1,0.16666666666666666
6/20/2020,Hamilton,0,6,57,747,4416,1,0.16666666666666666
6/21/2020,Hamilton,0,6,8,755,4416,1,0.16666666666666666
6/22/2020,Hamilton,0,6,1,756,4416,1,0.16666666666666666
6/23/2020,Hamilton,0,6,7,763,4416,1,0.16666666666666666
6/24/2020,Hamilton,0,6,10,773,4416,1,0.16666666666666666
6/25/2020,Hamilton,0,6,2,775,4416,1,0.16666666666666666
6/26/2020,Hamilton,0,6,3,778,4416,1,0.16666666666666666
6/27/2020,Hamilton,0,6,35,813,4416,1,0.16666666666666666
6/28/2020,Hamilton,0,6,5,818,4416,1,0.16666666666666666
6/29/2020,Hamilton,0,6,6,824,4416,1,0.16666666666666666
6/30/2020,Hamilton,0,6,2,826,4416,1,0.16666666666666666
7/1/2020,Hamilton,0,6,10,836,4416,1,0.16666666666666666
7/2/2020,Hamilton,0,6,13,849,4416,1,0.16666666666666666
7/3/2020,Hamilton,0,6,52,901,4416,1,0.16666666666666666
7/4/2020,Hamilton,0,6,9,910,4416,1,0.16666666666666666
7/5/2020,Hamilton,0,6,8,918,4416,1,0.16666666666666666
7/6/2020,Hamilton,0,6,1,919,4416,1,0.16666666666666666
7/7/2020,Hamilton,0,6,5,924,4416,1,0.16666666666666666
7/8/2020,Hamilton,0,6,3,927,4416,1,0.16666666666666666
7/9/2020,Hamilton,0,6,11,938,4416,1,0.16666666666666666
7/10/2020,Hamilton,0,6,9,947,4416,1,0.16666666666666666
7/11/2020,Hamilton,0,6,3,950,4416,1,0.16666666666666666
7/12/2020,Hamilton,0,6,10,960,4416,1,0.16666666666666666
7/13/2020,Hamilton,0,6,16,976,4416,1,0.16666666666666666
7/14/2020,Hamilton,0,6,85,1061,4416,1,0.16666666666666666
7/15/2020,Hamilton,0,6,8,1069,4416,1,0.16666666666666666
7/16/2020,Hamilton,0,6,10,1079,4416,1,0.16666666666666666
7/17/2020,Hamilton,0,6,9,1088,4416,1,0.16666666666666666
7/18/2020,Hamilton,0,6,42,1130,4416,1,0.16666666666666666
7/19/2020,Hamilton,0,6,3,1133,4416,1,0.16666666666666666
7/20/2020,Hamilton,0,6,6,1139,4416,1,0.16666666666666666
7/21/2020,Hamilton,0,6,6,1145,4416,1,0.16666666666666666
7/22/2020,Hamilton,0,6,9,1154,4416,1,0.16666666666666666
7/23/2020,Hamilton,1,7,23,1177,4416,1,0.14285714285714285
7/24/2020,Hamilton,0,7,11,1188,4416,1,0.14285714285714285
7/25/2020,Hamilton,0,7,32,1220,4416,1,0.14285714285714285
7/26/2020,Hamilton,0,7,37,1257,4416,1,0.14285714285714285
7/27/2020,Hamilton,0,7,10,1267,4416,1,0.14285714285714285
7/28/2020,Hamilton,0,7,2,1269,4416,1,0.14285714285714285
7/29/2020,Hamilton,0,7,4,1273,4416,1,0.14285714285714285
7/30/2020,Hamilton,0,7,8,1281,4416,1,0.14285714285714285
7/31/2020,Hamilton,0,7,9,1290,4416,1,0.14285714285714285
8/1/2020,Hamilton,0,7,8,1298,4416,1,0.14285714285714285
8/2/2020,Hamilton,0,7,13,1311,4416,1,0.14285714285714285
8/3/2020,Hamilton,0,7,56,1367,4416,1,0.14285714285714285
8/4/2020,Hamilton,0,7,17,1384,4416,1,0.14285714285714285
8/5/2020,Hamilton,1,8,16,1400,4416,1,0.125
8/6/2020,Hamilton,0,8,7,1407,4416,1,0.125
8/7/2020,Hamilton,0,8,7,1414,4416,1,0.125
8/8/2020,Hamilton,0,8,43,1457,4416,1,0.125
8/9/2020,Hamilton,0,8,2,1459,4416,1,0.125
8/10/2020,Hamilton,0,8,5,1464,4416,1,0.125
8/11/2020,Hamilton,0,8,3,1467,4416,1,0.125
8/12/2020,Hamilton,0,8,8,1475,4416,1,0.125
8/13/2020,Hamilton,0,8,17,1492,4416,1,0.125
8/14/2020,Hamilton,0,8,6,1498,4416,1,0.125
8/15/2020,Hamilton,3,11,42,1540,4416,1,0.09090909090909091
8/16/2020,Hamilton,0,11,1,1541,4416,1,0.09090909090909091
8/17/2020,Hamilton,0,11,6,1547,4416,1,0.09090909090909091
8/18/2020,Hamilton,0,11,8,1555,4416,1,0.09090909090909091
8/19/2020,Hamilton,1,12,46,1601,4416,1,0.08333333333333333
8/20/2020,Hamilton,0,12,6,1607,4416,1,0.08333333333333333
8/21/2020,Hamilton,0,12,12,1619,4416,1,0.08333333333333333
8/22/2020,Hamilton,0,12,10,1629,4416,1,0.08333333333333333
8/23/2020,Hamilton,0,12,7,1636,4416,1,0.08333333333333333
8/24/2020,Hamilton,1,13,14,1650,4416,1,0.07692307692307693
8/25/2020,Hamilton,0,13,6,1656,4416,1,0.07692307692307693
8/26/2020,Hamilton,0,13,21,1677,4416,1,0.07692307692307693
8/27/2020,Hamilton,1,14,45,1722,4416,1,0.07142857142857142
8/28/2020,Hamilton,0,14,19,1741,4416,1,0.07142857142857142
8/29/2020,Hamilton,0,14,5,1746,4416,1,0.07142857142857142
8/30/2020,Hamilton,0,14,7,1753,4416,1,0.07142857142857142
8/31/2020,Hamilton,0,14,9,1762,4416,1,0.07142857142857142
9/1/2020,Hamilton,0,14,7,1769,4416,1,0.07142857142857142
9/2/2020,Hamilton,0,14,12,1781,4416,1,0.07142857142857142
9/3/2020,Hamilton,0,14,33,1814,4416,1,0.07142857142857142
9/4/2020,Hamilton,0,14,32,1846,4416,1,0.07142857142857142
9/5/2020,Hamilton,0,14,15,1861,4416,1,0.07142857142857142
9/6/2020,Hamilton,0,14,6,1867,4416,1,0.07142857142857142
9/7/2020,Hamilton,0,14,9,1876,4416,1,0.07142857142857142
9/8/2020,Hamilton,0,14,7,1883,4416,1,0.07142857142857142
9/9/2020,Hamilton,0,14,8,1891,4416,1,0.07142857142857142
9/10/2020,Hamilton,0,14,52,1943,4416,1,0.07142857142857142
9/11/2020,Hamilton,0,14,14,1957,4416,1,0.07142857142857142
9/12/2020,Hamilton,0,14,7,1964,4416,1,0.07142857142857142
9/13/2020,Hamilton,0,14,3,1967,4416,1,0.07142857142857142
9/14/2020,Hamilton,0,14,8,1975,4416,1,0.07142857142857142
9/15/2020,Hamilton,0,14,5,1980,4416,1,0.07142857142857142
9/16/2020,Hamilton,0,14,1,1981,4416,1,0.07142857142857142
9/17/2020,Hamilton,0,14,10,1991,4416,1,0.07142857142857142
9/18/2020,Hamilton,1,15,40,2031,4416,1,0.06666666666666667
9/19/2020,Hamilton,0,15,11,2042,4416,1,0.06666666666666667
9/20/2020,Hamilton,0,15,5,2047,4416,1,0.06666666666666667
9/21/2020,Hamilton,0,15,13,2060,4416,1,0.06666666666666667
9/22/2020,Hamilton,0,15,17,2077,4416,1,0.06666666666666667
9/23/2020,Hamilton,0,15,9,2086,4416,1,0.06666666666666667
9/24/2020,Hamilton,0,15,41,2127,4416,1,0.06666666666666667
9/25/2020,Hamilton,0,15,12,2139,4416,1,0.06666666666666667
9/26/2020,Hamilton,0,15,13,2152,4416,1,0.06666666666666667
9/27/2020,Hamilton,0,15,5,2157,4416,1,0.06666666666666667
9/28/2020,Hamilton,0,15,7,2164,4416,1,0.06666666666666667
9/29/2020,Hamilton,0,15,9,2173,4416,1,0.06666666666666667
9/30/2020,Hamilton,0,15,9,2182,4416,1,0.06666666666666667
10/1/2020,Hamilton,0,15,10,2192,4416,1,0.06666666666666667
10/2/2020,Hamilton,0,15,43,2235,4416,1,0.06666666666666667
10/3/2020,Hamilton,0,15,12,2247,4416,1,0.06666666666666667
10/4/2020,Hamilton,0,15,5,2252,4416,1,0.06666666666666667
10/5/2020,Hamilton,0,15,9,2261,4416,1,0.06666666666666667
10/6/2020,Hamilton,0,15,12,2273,4416,1,0.06666666666666667
10/7/2020,Hamilton,0,15,8,2281,4416,1,0.06666666666666667
10/8/2020,Hamilton,0,15,25,2306,4416,1,0.06666666666666667
10/9/2020,Hamilton,0,15,25,2331,4416,1,0.06666666666666667
10/10/2020,Hamilton,0,15,8,2339,4416,1,0.06666666666666667
10/11/2020,Hamilton,0,15,10,2349,4416,1,0.06666666666666667
10/12/2020,Hamilton,1,16,14,2363,4416,1,0.0625
10/13/2020,Hamilton,0,16,68,2431,4416,1,0.0625
10/14/2020,Hamilton,0,16,23,2454,4416,1,0.0625
10/15/2020,Hamilton,0,16,24,2478,4416,1,0.0625
10/16/2020,Hamilton,0,16,23,2501,4416,1,0.0625
10/17/2020,Hamilton,0,16,14,2515,4416,1,0.0625
10/18/2020,Hamilton,0,16,19,2534,4416,1,0.0625
10/19/2020,Hamilton,0,16,7,2541,4416,1,0.0625
10/20/2020,Hamilton,0,16,12,2553,4416,1,0.0625
10/21/2020,Hamilton,0,16,23,2576,4416,1,0.0625
10/22/2020,Hamilton,0,16,16,2592,4416,1,0.0625
10/23/2020,Hamilton,0,16,14,2606,4416,1,0.0625
10/24/2020,Hamilton,0,16,5,2611,4416,1,0.0625
10/25/2020,Hamilton,0,16,6,2617,4416,1,0.0625
10/26/2020,Hamilton,0,16,10,2627,4416,1,0.0625
10/27/2020,Hamilton,1,17,18,2645,4416,1,0.058823529411764705
10/28/2020,Hamilton,0,17,6,2651,4416,1,0.058823529411764705
10/29/2020,Hamilton,1,18,37,2688,4416,1,0.05555555555555555
10/30/2020,Hamilton,0,18,33,2721,4416,1,0.05555555555555555
10/31/2020,Hamilton,1,19,19,2740,4416,1,0.05263157894736842
11/1/2020,Hamilton,0,19,10,2750,4416,1,0.05263157894736842
11/2/2020,Hamilton,0,19,18,2768,4416,1,0.05263157894736842
11/3/2020,Hamilton,0,19,15,2783,4416,1,0.05263157894736842
11/4/2020,Hamilton,0,19,23,2806,4416,1,0.05263157894736842
11/5/2020,Hamilton,0,19,34,2840,4416,1,0.05263157894736842
11/6/2020,Hamilton,0,19,33,2873,4416,1,0.05263157894736842
11/7/2020,Hamilton,0,19,16,2889,4416,1,0.05263157894736842
11/8/2020,Hamilton,1,20,18,2907,4416,1,0.05
11/9/2020,Hamilton,0,20,16,2923,4416,1,0.05
11/10/2020,Hamilton,0,20,18,2941,4416,1,0.05
11/11/2020,Hamilton,0,20,29,2970,4416,1,0.05
11/12/2020,Hamilton,2,22,42,3012,4416,1,0.045454545454545456
11/13/2020,Hamilton,3,25,67,3079,4416,1,0.04
11/14/2020,Hamilton,1,26,15,3094,4416,1,0.038461538461538464
3/1/2020,Herkimer,0,0,0,0,61319,0,NaN
3/2/2020,Herkimer,0,0,0,0,61319,0,NaN
3/3/2020,Herkimer,0,0,0,0,61319,0,NaN
3/4/2020,Herkimer,0,0,0,0,61319,0,NaN
3/5/2020,Herkimer,0,0,0,0,61319,0,NaN
3/6/2020,Herkimer,0,0,0,0,61319,0,NaN
3/7/2020,Herkimer,0,0,0,0,61319,0,NaN
3/8/2020,Herkimer,0,0,0,0,61319,0,NaN
3/9/2020,Herkimer,0,0,0,0,61319,0,NaN
3/10/2020,Herkimer,0,0,0,0,61319,0,NaN
3/11/2020,Herkimer,0,0,0,0,61319,0,NaN
3/12/2020,Herkimer,1,1,1,1,61319,0,0
3/13/2020,Herkimer,0,1,0,1,61319,0,0
3/14/2020,Herkimer,0,1,1,2,61319,0,0
3/15/2020,Herkimer,0,1,0,2,61319,0,0
3/16/2020,Herkimer,0,1,0,2,61319,0,0
3/17/2020,Herkimer,0,1,0,2,61319,0,0
3/18/2020,Herkimer,0,1,1,3,61319,0,0
3/19/2020,Herkimer,1,2,1,4,61319,0,0
3/20/2020,Herkimer,1,3,5,9,61319,0,0
3/21/2020,Herkimer,1,4,10,19,61319,0,0
3/22/2020,Herkimer,0,4,6,25,61319,0,0
3/23/2020,Herkimer,0,4,3,28,61319,0,0
3/24/2020,Herkimer,1,5,5,33,61319,0,0
3/25/2020,Herkimer,2,7,6,39,61319,0,0
3/26/2020,Herkimer,2,9,9,48,61319,0,0
3/27/2020,Herkimer,0,9,8,56,61319,1,0.1111111111111111
3/28/2020,Herkimer,1,10,14,70,61319,1,0.1
3/29/2020,Herkimer,2,12,8,78,61319,2,0.16666666666666666
3/30/2020,Herkimer,0,12,1,79,61319,2,0.16666666666666666
3/31/2020,Herkimer,0,12,4,83,61319,2,0.16666666666666666
4/1/2020,Herkimer,2,14,9,92,61319,3,0.21428571428571427
4/2/2020,Herkimer,0,14,19,111,61319,3,0.21428571428571427
4/3/2020,Herkimer,4,18,27,138,61319,3,0.16666666666666666
4/4/2020,Herkimer,4,22,46,184,61319,3,0.13636363636363635
4/5/2020,Herkimer,3,25,23,207,61319,3,0.12
4/6/2020,Herkimer,2,27,19,226,61319,3,0.1111111111111111
4/7/2020,Herkimer,2,29,19,245,61319,3,0.10344827586206896
4/8/2020,Herkimer,3,32,44,289,61319,3,0.09375
4/9/2020,Herkimer,4,36,23,312,61319,3,0.08333333333333333
4/10/2020,Herkimer,1,37,12,324,61319,3,0.08108108108108109
4/11/2020,Herkimer,0,37,11,335,61319,3,0.08108108108108109
4/12/2020,Herkimer,1,38,29,364,61319,3,0.07894736842105263
4/13/2020,Herkimer,1,39,26,390,61319,3,0.07692307692307693
4/14/2020,Herkimer,1,40,9,399,61319,3,0.075
4/15/2020,Herkimer,3,43,23,422,61319,3,0.06976744186046512
4/16/2020,Herkimer,3,46,30,452,61319,3,0.06521739130434782
4/17/2020,Herkimer,1,47,18,470,61319,3,0.06382978723404255
4/18/2020,Herkimer,2,49,20,490,61319,3,0.061224489795918366
4/19/2020,Herkimer,0,49,23,513,61319,3,0.061224489795918366
4/20/2020,Herkimer,1,50,7,520,61319,3,0.06
4/21/2020,Herkimer,3,53,34,554,61319,3,0.05660377358490566
4/22/2020,Herkimer,1,54,25,579,61319,3,0.05555555555555555
4/23/2020,Herkimer,2,56,27,606,61319,3,0.05357142857142857
4/24/2020,Herkimer,0,56,59,665,61319,3,0.05357142857142857
4/25/2020,Herkimer,1,57,31,696,61319,3,0.05263157894736842
4/26/2020,Herkimer,1,58,26,722,61319,3,0.05172413793103448
4/27/2020,Herkimer,0,58,14,736,61319,3,0.05172413793103448
4/28/2020,Herkimer,0,58,28,764,61319,3,0.05172413793103448
4/29/2020,Herkimer,0,58,28,792,61319,3,0.05172413793103448
4/30/2020,Herkimer,2,60,28,820,61319,3,0.05
5/1/2020,Herkimer,1,61,15,835,61319,3,0.04918032786885246
5/2/2020,Herkimer,1,62,29,864,61319,3,0.04838709677419355
5/3/2020,Herkimer,1,63,41,905,61319,3,0.047619047619047616
5/4/2020,Herkimer,4,67,29,934,61319,3,0.04477611940298507
5/5/2020,Herkimer,1,68,66,1000,61319,3,0.04411764705882353
5/6/2020,Herkimer,6,74,65,1065,61319,3,0.04054054054054054
5/7/2020,Herkimer,2,76,55,1120,61319,3,0.039473684210526314
5/8/2020,Herkimer,1,77,43,1163,61319,3,0.03896103896103896
5/9/2020,Herkimer,2,79,56,1219,61319,3,0.0379746835443038
5/10/2020,Herkimer,2,81,57,1276,61319,3,0.037037037037037035
5/11/2020,Herkimer,0,81,42,1318,61319,3,0.037037037037037035
5/12/2020,Herkimer,3,84,61,1379,61319,3,0.03571428571428571
5/13/2020,Herkimer,2,86,54,1433,61319,3,0.03488372093023256
5/14/2020,Herkimer,1,87,49,1482,61319,3,0.034482758620689655
5/15/2020,Herkimer,4,91,50,1532,61319,3,0.03296703296703297
5/16/2020,Herkimer,0,91,157,1689,61319,3,0.03296703296703297
5/17/2020,Herkimer,1,92,68,1757,61319,3,0.03260869565217391
5/18/2020,Herkimer,0,92,65,1822,61319,3,0.03260869565217391
5/19/2020,Herkimer,1,93,95,1917,61319,3,0.03225806451612903
5/20/2020,Herkimer,0,93,60,1977,61319,3,0.03225806451612903
5/21/2020,Herkimer,2,95,77,2054,61319,3,0.031578947368421054
5/22/2020,Herkimer,5,100,212,2266,61319,3,0.03
5/23/2020,Herkimer,1,101,143,2409,61319,3,0.0297029702970297
5/24/2020,Herkimer,2,103,237,2646,61319,3,0.02912621359223301
5/25/2020,Herkimer,0,103,45,2691,61319,3,0.02912621359223301
5/26/2020,Herkimer,2,105,328,3019,61319,3,0.02857142857142857
5/27/2020,Herkimer,1,106,442,3461,61319,3,0.02830188679245283
5/28/2020,Herkimer,1,107,154,3615,61319,3,0.028037383177570093
5/29/2020,Herkimer,0,107,332,3947,61319,3,0.028037383177570093
5/30/2020,Herkimer,1,108,309,4256,61319,3,0.027777777777777776
5/31/2020,Herkimer,1,109,131,4387,61319,3,0.027522935779816515
6/1/2020,Herkimer,2,111,186,4573,61319,3,0.02702702702702703
6/2/2020,Herkimer,2,113,522,5095,61319,3,0.02654867256637168
6/3/2020,Herkimer,0,113,398,5493,61319,3,0.02654867256637168
6/4/2020,Herkimer,2,115,334,5827,61319,3,0.02608695652173913
6/5/2020,Herkimer,7,122,523,6350,61319,3,0.02459016393442623
6/6/2020,Herkimer,1,123,357,6707,61319,3,0.024390243902439025
6/7/2020,Herkimer,1,124,377,7084,61319,3,0.024193548387096774
6/8/2020,Herkimer,1,125,308,7392,61319,3,0.024
6/9/2020,Herkimer,0,125,245,7637,61319,3,0.024
6/10/2020,Herkimer,0,125,295,7932,61319,3,0.024
6/11/2020,Herkimer,2,127,439,8371,61319,3,0.023622047244094488
6/12/2020,Herkimer,1,128,280,8651,61319,3,0.0234375
6/13/2020,Herkimer,0,128,275,8926,61319,3,0.0234375
6/14/2020,Herkimer,0,128,119,9045,61319,3,0.0234375
6/15/2020,Herkimer,0,128,297,9342,61319,3,0.0234375
6/16/2020,Herkimer,0,128,208,9550,61319,3,0.0234375
6/17/2020,Herkimer,0,128,236,9786,61319,3,0.0234375
6/18/2020,Herkimer,3,131,265,10051,61319,3,0.022900763358778626
6/19/2020,Herkimer,3,134,334,10385,61319,3,0.022388059701492536
6/20/2020,Herkimer,2,136,405,10790,61319,3,0.022058823529411766
6/21/2020,Herkimer,1,137,232,11022,61319,3,0.021897810218978103
6/22/2020,Herkimer,0,137,146,11168,61319,3,0.021897810218978103
6/23/2020,Herkimer,5,142,184,11352,61319,3,0.02112676056338028
6/24/2020,Herkimer,1,143,146,11498,61319,3,0.02097902097902098
6/25/2020,Herkimer,6,149,161,11659,61319,3,0.020134228187919462
6/26/2020,Herkimer,5,154,302,11961,61319,3,0.01948051948051948
6/27/2020,Herkimer,4,158,495,12456,61319,3,0.0189873417721519
6/28/2020,Herkimer,1,159,189,12645,61319,3,0.018867924528301886
6/29/2020,Herkimer,0,159,155,12800,61319,3,0.018867924528301886
6/30/2020,Herkimer,3,162,212,13012,61319,3,0.018518518518518517
7/1/2020,Herkimer,2,164,201,13213,61319,3,0.018292682926829267
7/2/2020,Herkimer,8,172,96,13309,61319,3,0.01744186046511628
7/3/2020,Herkimer,0,172,140,13449,61319,3,0.01744186046511628
7/4/2020,Herkimer,1,173,371,13820,61319,3,0.017341040462427744
7/5/2020,Herkimer,6,179,381,14201,61319,3,0.01675977653631285
7/6/2020,Herkimer,2,181,210,14411,61319,3,0.016574585635359115
7/7/2020,Herkimer,0,181,182,14593,61319,3,0.016574585635359115
7/8/2020,Herkimer,1,182,240,14833,61319,3,0.016483516483516484
7/9/2020,Herkimer,2,184,250,15083,61319,3,0.016304347826086956
7/10/2020,Herkimer,4,188,213,15296,61319,3,0.015957446808510637
7/11/2020,Herkimer,4,192,270,15566,61319,3,0.015625
7/12/2020,Herkimer,1,193,210,15776,61319,3,0.015544041450777202
7/13/2020,Herkimer,2,195,327,16103,61319,3,0.015384615384615385
7/14/2020,Herkimer,2,197,322,16425,61319,3,0.015228426395939087
7/15/2020,Herkimer,5,202,134,16559,61319,3,0.01485148514851485
7/16/2020,Herkimer,2,204,263,16822,61319,3,0.014705882352941176
7/17/2020,Herkimer,0,204,203,17025,61319,3,0.014705882352941176
7/18/2020,Herkimer,2,206,70,17095,61319,3,0.014563106796116505
7/19/2020,Herkimer,0,206,92,17187,61319,3,0.014563106796116505
7/20/2020,Herkimer,2,208,200,17387,61319,3,0.014423076923076924
7/21/2020,Herkimer,3,211,291,17678,61319,3,0.014218009478672985
7/22/2020,Herkimer,2,213,248,17926,61319,3,0.014084507042253521
7/23/2020,Herkimer,10,223,302,18228,61319,3,0.013452914798206279
7/24/2020,Herkimer,1,224,283,18511,61319,3,0.013392857142857142
7/25/2020,Herkimer,6,230,242,18753,61319,3,0.013043478260869565
7/26/2020,Herkimer,4,234,233,18986,61319,3,0.01282051282051282
7/27/2020,Herkimer,2,236,145,19131,61319,3,0.012711864406779662
7/28/2020,Herkimer,0,236,178,19309,61319,3,0.012711864406779662
7/29/2020,Herkimer,3,239,259,19568,61319,3,0.012552301255230125
7/30/2020,Herkimer,0,239,200,19768,61319,4,0.016736401673640166
7/31/2020,Herkimer,1,240,244,20012,61319,5,0.020833333333333332
8/1/2020,Herkimer,1,241,316,20328,61319,5,0.02074688796680498
8/2/2020,Herkimer,5,246,278,20606,61319,5,0.02032520325203252
8/3/2020,Herkimer,16,262,410,21016,61319,5,0.019083969465648856
8/4/2020,Herkimer,2,264,265,21281,61319,6,0.022727272727272728
8/5/2020,Herkimer,4,268,214,21495,61319,6,0.022388059701492536
8/6/2020,Herkimer,2,270,218,21713,61319,6,0.022222222222222223
8/7/2020,Herkimer,3,273,312,22025,61319,6,0.02197802197802198
8/8/2020,Herkimer,1,274,378,22403,61319,6,0.021897810218978103
8/9/2020,Herkimer,0,274,279,22682,61319,7,0.025547445255474453
8/10/2020,Herkimer,3,277,322,23004,61319,7,0.02527075812274368
8/11/2020,Herkimer,0,277,248,23252,61319,7,0.02527075812274368
8/12/2020,Herkimer,1,278,213,23465,61319,7,0.025179856115107913
8/13/2020,Herkimer,0,278,227,23692,61319,7,0.025179856115107913
8/14/2020,Herkimer,4,282,338,24030,61319,8,0.028368794326241134
8/15/2020,Herkimer,1,283,430,24460,61319,8,0.028268551236749116
8/16/2020,Herkimer,1,284,153,24613,61319,8,0.028169014084507043
8/17/2020,Herkimer,0,284,181,24794,61319,8,0.028169014084507043
8/18/2020,Herkimer,0,284,167,24961,61319,8,0.028169014084507043
8/19/2020,Herkimer,0,284,302,25263,61319,8,0.028169014084507043
8/20/2020,Herkimer,5,289,330,25593,61319,9,0.031141868512110725
8/21/2020,Herkimer,0,289,378,25971,61319,9,0.031141868512110725
8/22/2020,Herkimer,0,289,294,26265,61319,9,0.031141868512110725
8/23/2020,Herkimer,0,289,194,26459,61319,9,0.031141868512110725
8/24/2020,Herkimer,1,290,175,26634,61319,10,0.034482758620689655
8/25/2020,Herkimer,2,292,304,26938,61319,10,0.03424657534246575
8/26/2020,Herkimer,2,294,357,27295,61319,10,0.034013605442176874
8/27/2020,Herkimer,0,294,263,27558,61319,10,0.034013605442176874
8/28/2020,Herkimer,1,295,336,27894,61319,10,0.03389830508474576
8/29/2020,Herkimer,2,297,374,28268,61319,10,0.03367003367003367
8/30/2020,Herkimer,0,297,308,28576,61319,10,0.03367003367003367
8/31/2020,Herkimer,1,298,360,28936,61319,10,0.03355704697986577
9/1/2020,Herkimer,5,303,160,29096,61319,10,0.033003300330033
9/2/2020,Herkimer,2,305,257,29353,61319,10,0.03278688524590164
9/3/2020,Herkimer,1,306,323,29676,61319,10,0.032679738562091505
9/4/2020,Herkimer,0,306,278,29954,61319,10,0.032679738562091505
9/5/2020,Herkimer,2,308,345,30299,61319,10,0.032467532467532464
9/6/2020,Herkimer,0,308,145,30444,61319,10,0.032467532467532464
9/7/2020,Herkimer,0,308,251,30695,61319,10,0.032467532467532464
9/8/2020,Herkimer,0,308,117,30812,61319,10,0.032467532467532464
9/9/2020,Herkimer,0,308,154,30966,61319,10,0.032467532467532464
9/10/2020,Herkimer,4,312,343,31309,61319,10,0.03205128205128205
9/11/2020,Herkimer,0,312,454,31763,61319,10,0.03205128205128205
9/12/2020,Herkimer,1,313,316,32079,61319,10,0.03194888178913738
9/13/2020,Herkimer,0,313,262,32341,61319,10,0.03194888178913738
9/14/2020,Herkimer,0,313,236,32577,61319,10,0.03194888178913738
9/15/2020,Herkimer,1,314,169,32746,61319,10,0.03184713375796178
9/16/2020,Herkimer,2,316,206,32952,61319,10,0.03164556962025317
9/17/2020,Herkimer,2,318,280,33232,61319,10,0.031446540880503145
9/18/2020,Herkimer,1,319,309,33541,61319,10,0.03134796238244514
9/19/2020,Herkimer,2,321,397,33938,61319,10,0.03115264797507788
9/20/2020,Herkimer,0,321,316,34254,61319,10,0.03115264797507788
9/21/2020,Herkimer,1,322,216,34470,61319,10,0.031055900621118012
9/22/2020,Herkimer,5,327,283,34753,61319,10,0.03058103975535168
9/23/2020,Herkimer,2,329,218,34971,61319,10,0.030395136778115502
9/24/2020,Herkimer,2,331,317,35288,61319,10,0.030211480362537766
9/25/2020,Herkimer,3,334,566,35854,61319,10,0.029940119760479042
9/26/2020,Herkimer,0,334,304,36158,61319,10,0.029940119760479042
9/27/2020,Herkimer,1,335,166,36324,61319,10,0.029850746268656716
9/28/2020,Herkimer,2,337,357,36681,61319,10,0.02967359050445104
9/29/2020,Herkimer,1,338,235,36916,61319,10,0.029585798816568046
9/30/2020,Herkimer,2,340,295,37211,61319,10,0.029411764705882353
10/1/2020,Herkimer,2,342,317,37528,61319,10,0.029239766081871343
10/2/2020,Herkimer,2,344,616,38144,61319,10,0.029069767441860465
10/3/2020,Herkimer,2,346,254,38398,61319,10,0.028901734104046242
10/4/2020,Herkimer,2,348,193,38591,61319,10,0.028735632183908046
10/5/2020,Herkimer,1,349,253,38844,61319,10,0.02865329512893983
10/6/2020,Herkimer,4,353,250,39094,61319,10,0.028328611898016998
10/7/2020,Herkimer,2,355,266,39360,61319,10,0.028169014084507043
10/8/2020,Herkimer,0,355,259,39619,61319,10,0.028169014084507043
10/9/2020,Herkimer,3,358,667,40286,61319,10,0.027932960893854747
10/10/2020,Herkimer,1,359,527,40813,61319,10,0.027855153203342618
10/11/2020,Herkimer,2,361,298,41111,61319,10,0.027700831024930747
10/12/2020,Herkimer,2,363,362,41473,61319,10,0.027548209366391185
10/13/2020,Herkimer,0,363,288,41761,61319,10,0.027548209366391185
10/14/2020,Herkimer,4,367,307,42068,61319,10,0.027247956403269755
10/15/2020,Herkimer,0,367,397,42465,61319,10,0.027247956403269755
10/16/2020,Herkimer,1,368,439,42904,61319,10,0.02717391304347826
10/17/2020,Herkimer,2,370,301,43205,61319,10,0.02702702702702703
10/18/2020,Herkimer,0,370,237,43442,61319,10,0.02702702702702703
10/19/2020,Herkimer,1,371,289,43731,61319,10,0.026954177897574125
10/20/2020,Herkimer,3,374,404,44135,61319,10,0.026737967914438502
10/21/2020,Herkimer,2,376,287,44422,61319,10,0.026595744680851064
10/22/2020,Herkimer,4,380,310,44732,61319,10,0.02631578947368421
10/23/2020,Herkimer,4,384,509,45241,61319,10,0.026041666666666668
10/24/2020,Herkimer,3,387,518,45759,61319,10,0.025839793281653745
10/25/2020,Herkimer,2,389,256,46015,61319,10,0.02570694087403599
10/26/2020,Herkimer,1,390,262,46277,61319,10,0.02564102564102564
10/27/2020,Herkimer,4,394,388,46665,61319,10,0.025380710659898477
10/28/2020,Herkimer,0,394,345,47010,61319,10,0.025380710659898477
10/29/2020,Herkimer,0,394,338,47348,61319,10,0.025380710659898477
10/30/2020,Herkimer,2,396,398,47746,61319,10,0.025252525252525252
10/31/2020,Herkimer,3,399,320,48066,61319,10,0.02506265664160401
11/1/2020,Herkimer,8,407,238,48304,61319,10,0.02457002457002457
11/2/2020,Herkimer,7,414,331,48635,61319,10,0.024154589371980676
11/3/2020,Herkimer,4,418,327,48962,61319,10,0.023923444976076555
11/4/2020,Herkimer,6,424,493,49455,61319,10,0.02358490566037736
11/5/2020,Herkimer,10,434,573,50028,61319,10,0.02304147465437788
11/6/2020,Herkimer,9,443,384,50412,61319,10,0.022573363431151242
11/7/2020,Herkimer,4,447,471,50883,61319,10,0.02237136465324385
11/8/2020,Herkimer,2,449,245,51128,61319,10,0.022271714922048998
11/9/2020,Herkimer,12,461,469,51597,61319,10,0.021691973969631236
11/10/2020,Herkimer,11,472,439,52036,61319,10,0.0211864406779661
11/11/2020,Herkimer,4,476,392,52428,61319,10,0.02100840336134454
11/12/2020,Herkimer,4,480,427,52855,61319,10,0.020833333333333332
11/13/2020,Herkimer,5,485,401,53256,61319,10,0.020618556701030927
11/14/2020,Herkimer,6,491,295,53551,61319,10,0.020366598778004074
3/1/2020,Jefferson,0,0,0,0,109834,0,NaN
3/2/2020,Jefferson,0,0,0,0,109834,0,NaN
3/3/2020,Jefferson,0,0,0,0,109834,0,NaN
3/4/2020,Jefferson,0,0,0,0,109834,0,NaN
3/5/2020,Jefferson,0,0,0,0,109834,0,NaN
3/6/2020,Jefferson,0,0,0,0,109834,0,NaN
3/7/2020,Jefferson,0,0,1,1,109834,0,NaN
3/8/2020,Jefferson,0,0,0,1,109834,0,NaN
3/9/2020,Jefferson,0,0,0,1,109834,0,NaN
3/10/2020,Jefferson,0,0,0,1,109834,0,NaN
3/11/2020,Jefferson,0,0,1,2,109834,0,NaN
3/12/2020,Jefferson,0,0,0,2,109834,0,NaN
3/13/2020,Jefferson,0,0,0,2,109834,0,NaN
3/14/2020,Jefferson,0,0,0,2,109834,0,NaN
3/15/2020,Jefferson,0,0,1,3,109834,0,NaN
3/16/2020,Jefferson,0,0,0,3,109834,0,NaN
3/17/2020,Jefferson,0,0,2,5,109834,0,NaN
3/18/2020,Jefferson,1,1,7,12,109834,0,0
3/19/2020,Jefferson,0,1,13,25,109834,0,0
3/20/2020,Jefferson,0,1,18,43,109834,0,0
3/21/2020,Jefferson,0,1,4,47,109834,0,0
3/22/2020,Jefferson,1,2,20,67,109834,0,0
3/23/2020,Jefferson,0,2,1,68,109834,0,0
3/24/2020,Jefferson,0,2,13,81,109834,0,0
3/25/2020,Jefferson,1,3,31,112,109834,0,0
3/26/2020,Jefferson,0,3,23,135,109834,0,0
3/27/2020,Jefferson,3,6,45,180,109834,0,0
3/28/2020,Jefferson,1,7,52,232,109834,0,0
3/29/2020,Jefferson,4,11,100,332,109834,0,0
3/30/2020,Jefferson,1,12,19,351,109834,0,0
3/31/2020,Jefferson,0,12,14,365,109834,0,0
4/1/2020,Jefferson,3,15,53,418,109834,0,0
4/2/2020,Jefferson,3,18,56,474,109834,0,0
4/3/2020,Jefferson,2,20,38,512,109834,0,0
4/4/2020,Jefferson,6,26,75,587,109834,0,0
4/5/2020,Jefferson,7,33,98,685,109834,0,0
4/6/2020,Jefferson,6,39,63,748,109834,0,0
4/7/2020,Jefferson,1,40,25,773,109834,0,0
4/8/2020,Jefferson,2,42,84,857,109834,0,0
4/9/2020,Jefferson,1,43,52,909,109834,0,0
4/10/2020,Jefferson,1,44,43,952,109834,0,0
4/11/2020,Jefferson,2,46,47,999,109834,0,0
4/12/2020,Jefferson,0,46,24,1023,109834,0,0
4/13/2020,Jefferson,1,47,37,1060,109834,0,0
4/14/2020,Jefferson,0,47,1,1061,109834,0,0
4/15/2020,Jefferson,1,48,33,1094,109834,0,0
4/16/2020,Jefferson,2,50,31,1125,109834,0,0
4/17/2020,Jefferson,0,50,16,1141,109834,0,0
4/18/2020,Jefferson,4,54,53,1194,109834,0,0
4/19/2020,Jefferson,0,54,23,1217,109834,0,0
4/20/2020,Jefferson,0,54,7,1224,109834,0,0
4/21/2020,Jefferson,0,54,8,1232,109834,0,0
4/22/2020,Jefferson,2,56,28,1260,109834,0,0
4/23/2020,Jefferson,2,58,37,1297,109834,0,0
4/24/2020,Jefferson,1,59,63,1360,109834,0,0
4/25/2020,Jefferson,1,60,27,1387,109834,0,0
4/26/2020,Jefferson,0,60,52,1439,109834,0,0
4/27/2020,Jefferson,0,60,15,1454,109834,0,0
4/28/2020,Jefferson,0,60,28,1482,109834,0,0
4/29/2020,Jefferson,1,61,36,1518,109834,0,0
4/30/2020,Jefferson,0,61,37,1555,109834,0,0
5/1/2020,Jefferson,1,62,48,1603,109834,0,0
5/2/2020,Jefferson,0,62,48,1651,109834,0,0
5/3/2020,Jefferson,1,63,82,1733,109834,0,0
5/4/2020,Jefferson,0,63,13,1746,109834,0,0
5/5/2020,Jefferson,0,63,50,1796,109834,0,0
5/6/2020,Jefferson,1,64,90,1886,109834,0,0
5/7/2020,Jefferson,2,66,82,1968,109834,0,0
5/8/2020,Jefferson,1,67,47,2015,109834,0,0
5/9/2020,Jefferson,1,68,64,2079,109834,0,0
5/10/2020,Jefferson,0,68,63,2142,109834,0,0
5/11/2020,Jefferson,0,68,46,2188,109834,0,0
5/12/2020,Jefferson,0,68,80,2268,109834,0,0
5/13/2020,Jefferson,1,69,104,2372,109834,0,0
5/14/2020,Jefferson,2,71,453,2825,109834,0,0
5/15/2020,Jefferson,0,71,237,3062,109834,0,0
5/16/2020,Jefferson,0,71,152,3214,109834,0,0
5/17/2020,Jefferson,0,71,137,3351,109834,0,0
5/18/2020,Jefferson,0,71,90,3441,109834,0,0
5/19/2020,Jefferson,0,71,64,3505,109834,0,0
5/20/2020,Jefferson,0,71,324,3829,109834,0,0
5/21/2020,Jefferson,1,72,319,4148,109834,0,0
5/22/2020,Jefferson,0,72,331,4479,109834,0,0
5/23/2020,Jefferson,0,72,305,4784,109834,0,0
5/24/2020,Jefferson,0,72,107,4891,109834,0,0
5/25/2020,Jefferson,0,72,71,4962,109834,0,0
5/26/2020,Jefferson,0,72,97,5059,109834,0,0
5/27/2020,Jefferson,0,72,136,5195,109834,0,0
5/28/2020,Jefferson,2,74,400,5595,109834,0,0
5/29/2020,Jefferson,0,74,227,5822,109834,0,0
5/30/2020,Jefferson,0,74,280,6102,109834,0,0
5/31/2020,Jefferson,0,74,256,6358,109834,0,0
6/1/2020,Jefferson,0,74,228,6586,109834,0,0
6/2/2020,Jefferson,0,74,256,6842,109834,0,0
6/3/2020,Jefferson,0,74,253,7095,109834,0,0
6/4/2020,Jefferson,1,75,482,7577,109834,0,0
6/5/2020,Jefferson,0,75,315,7892,109834,0,0
6/6/2020,Jefferson,2,77,275,8167,109834,0,0
6/7/2020,Jefferson,1,78,374,8541,109834,0,0
6/8/2020,Jefferson,1,79,85,8626,109834,0,0
6/9/2020,Jefferson,0,79,257,8883,109834,0,0
6/10/2020,Jefferson,0,79,299,9182,109834,0,0
6/11/2020,Jefferson,1,80,564,9746,109834,0,0
6/12/2020,Jefferson,1,81,173,9919,109834,0,0
6/13/2020,Jefferson,0,81,135,10054,109834,0,0
6/14/2020,Jefferson,0,81,261,10315,109834,0,0
6/15/2020,Jefferson,0,81,76,10391,109834,0,0
6/16/2020,Jefferson,1,82,108,10499,109834,0,0
6/17/2020,Jefferson,0,82,367,10866,109834,0,0
6/18/2020,Jefferson,0,82,534,11400,109834,0,0
6/19/2020,Jefferson,1,83,237,11637,109834,0,0
6/20/2020,Jefferson,1,84,118,11755,109834,0,0
6/21/2020,Jefferson,0,84,220,11975,109834,0,0
6/22/2020,Jefferson,0,84,88,12063,109834,0,0
6/23/2020,Jefferson,0,84,120,12183,109834,0,0
6/24/2020,Jefferson,1,85,309,12492,109834,0,0
6/25/2020,Jefferson,0,85,479,12971,109834,0,0
6/26/2020,Jefferson,0,85,184,13155,109834,0,0
6/27/2020,Jefferson,0,85,101,13256,109834,0,0
6/28/2020,Jefferson,1,86,234,13490,109834,0,0
6/29/2020,Jefferson,0,86,68,13558,109834,0,0
6/30/2020,Jefferson,2,88,135,13693,109834,0,0
7/1/2020,Jefferson,2,90,240,13933,109834,0,0
7/2/2020,Jefferson,3,93,213,14146,109834,0,0
7/3/2020,Jefferson,0,93,324,14470,109834,0,0
7/4/2020,Jefferson,1,94,174,14644,109834,0,0
7/5/2020,Jefferson,0,94,119,14763,109834,0,0
7/6/2020,Jefferson,0,94,126,14889,109834,0,0
7/7/2020,Jefferson,0,94,293,15182,109834,0,0
7/8/2020,Jefferson,1,95,206,15388,109834,0,0
7/9/2020,Jefferson,0,95,171,15559,109834,0,0
7/10/2020,Jefferson,0,95,162,15721,109834,0,0
7/11/2020,Jefferson,2,97,95,15816,109834,0,0
7/12/2020,Jefferson,2,99,495,16311,109834,0,0
7/13/2020,Jefferson,1,100,154,16465,109834,0,0
7/14/2020,Jefferson,0,100,251,16716,109834,0,0
7/15/2020,Jefferson,2,102,143,16859,109834,0,0
7/16/2020,Jefferson,1,103,165,17024,109834,0,0
7/17/2020,Jefferson,1,104,385,17409,109834,0,0
7/18/2020,Jefferson,1,105,321,17730,109834,0,0
7/19/2020,Jefferson,1,106,192,17922,109834,0,0
7/20/2020,Jefferson,6,112,633,18555,109834,0,0
7/21/2020,Jefferson,1,113,325,18880,109834,0,0
7/22/2020,Jefferson,7,120,412,19292,109834,0,0
7/23/2020,Jefferson,3,123,311,19603,109834,0,0
7/24/2020,Jefferson,3,126,563,20166,109834,0,0
7/25/2020,Jefferson,1,127,329,20495,109834,0,0
7/26/2020,Jefferson,1,128,198,20693,109834,0,0
7/27/2020,Jefferson,0,128,115,20808,109834,0,0
7/28/2020,Jefferson,0,128,67,20875,109834,0,0
7/29/2020,Jefferson,0,128,195,21070,109834,0,0
7/30/2020,Jefferson,1,129,232,21302,109834,0,0
7/31/2020,Jefferson,1,130,129,21431,109834,0,0
8/1/2020,Jefferson,4,134,287,21718,109834,1,0.007462686567164179
8/2/2020,Jefferson,0,134,176,21894,109834,1,0.007462686567164179
8/3/2020,Jefferson,5,139,292,22186,109834,1,0.007194244604316547
8/4/2020,Jefferson,1,140,309,22495,109834,1,0.007142857142857143
8/5/2020,Jefferson,0,140,428,22923,109834,1,0.007142857142857143
8/6/2020,Jefferson,0,140,300,23223,109834,1,0.007142857142857143
8/7/2020,Jefferson,0,140,82,23305,109834,1,0.007142857142857143
8/8/2020,Jefferson,2,142,194,23499,109834,1,0.007042253521126761
8/9/2020,Jefferson,0,142,65,23564,109834,1,0.007042253521126761
8/10/2020,Jefferson,0,142,260,23824,109834,1,0.007042253521126761
8/11/2020,Jefferson,0,142,178,24002,109834,1,0.007042253521126761
8/12/2020,Jefferson,0,142,355,24357,109834,1,0.007042253521126761
8/13/2020,Jefferson,1,143,338,24695,109834,1,0.006993006993006993
8/14/2020,Jefferson,0,143,303,24998,109834,1,0.006993006993006993
8/15/2020,Jefferson,0,143,161,25159,109834,1,0.006993006993006993
8/16/2020,Jefferson,0,143,102,25261,109834,1,0.006993006993006993
8/17/2020,Jefferson,0,143,203,25464,109834,1,0.006993006993006993
8/18/2020,Jefferson,0,143,255,25719,109834,1,0.006993006993006993
8/19/2020,Jefferson,0,143,440,26159,109834,1,0.006993006993006993
8/20/2020,Jefferson,1,144,279,26438,109834,1,0.006944444444444444
8/21/2020,Jefferson,0,144,289,26727,109834,1,0.006944444444444444
8/22/2020,Jefferson,1,145,142,26869,109834,1,0.006896551724137931
8/23/2020,Jefferson,0,145,135,27004,109834,1,0.006896551724137931
8/24/2020,Jefferson,1,146,184,27188,109834,1,0.00684931506849315
8/25/2020,Jefferson,0,146,139,27327,109834,1,0.00684931506849315
8/26/2020,Jefferson,2,148,394,27721,109834,1,0.006756756756756757
8/27/2020,Jefferson,1,149,302,28023,109834,1,0.006711409395973154
8/28/2020,Jefferson,0,149,192,28215,109834,1,0.006711409395973154
8/29/2020,Jefferson,1,150,183,28398,109834,1,0.006666666666666667
8/30/2020,Jefferson,0,150,96,28494,109834,1,0.006666666666666667
8/31/2020,Jefferson,0,150,204,28698,109834,1,0.006666666666666667
9/1/2020,Jefferson,0,150,294,28992,109834,1,0.006666666666666667
9/2/2020,Jefferson,4,154,819,29811,109834,1,0.006493506493506494
9/3/2020,Jefferson,0,154,146,29957,109834,1,0.006493506493506494
9/4/2020,Jefferson,0,154,119,30076,109834,1,0.006493506493506494
9/5/2020,Jefferson,0,154,134,30210,109834,1,0.006493506493506494
9/6/2020,Jefferson,2,156,136,30346,109834,1,0.00641025641025641
9/7/2020,Jefferson,0,156,160,30506,109834,1,0.00641025641025641
9/8/2020,Jefferson,0,156,126,30632,109834,1,0.00641025641025641
9/9/2020,Jefferson,0,156,92,30724,109834,1,0.00641025641025641
9/10/2020,Jefferson,1,157,341,31065,109834,1,0.006369426751592357
9/11/2020,Jefferson,0,157,360,31425,109834,1,0.006369426751592357
9/12/2020,Jefferson,0,157,306,31731,109834,1,0.006369426751592357
9/13/2020,Jefferson,1,158,82,31813,109834,1,0.006329113924050633
9/14/2020,Jefferson,0,158,134,31947,109834,1,0.006329113924050633
9/15/2020,Jefferson,0,158,306,32253,109834,1,0.006329113924050633
9/16/2020,Jefferson,1,159,424,32677,109834,1,0.006289308176100629
9/17/2020,Jefferson,1,160,244,32921,109834,1,0.00625
9/18/2020,Jefferson,1,161,239,33160,109834,1,0.006211180124223602
9/19/2020,Jefferson,2,163,261,33421,109834,1,0.006134969325153374
9/20/2020,Jefferson,0,163,222,33643,109834,1,0.006134969325153374
9/21/2020,Jefferson,1,164,145,33788,109834,1,0.006097560975609756
9/22/2020,Jefferson,0,164,241,34029,109834,1,0.006097560975609756
9/23/2020,Jefferson,1,165,428,34457,109834,1,0.006060606060606061
9/24/2020,Jefferson,2,167,364,34821,109834,1,0.005988023952095809
9/25/2020,Jefferson,0,167,298,35119,109834,1,0.005988023952095809
9/26/2020,Jefferson,3,170,292,35411,109834,1,0.0058823529411764705
9/27/2020,Jefferson,0,170,162,35573,109834,1,0.0058823529411764705
9/28/2020,Jefferson,0,170,194,35767,109834,1,0.0058823529411764705
9/29/2020,Jefferson,2,172,343,36110,109834,1,0.005813953488372093
9/30/2020,Jefferson,0,172,180,36290,109834,1,0.005813953488372093
10/1/2020,Jefferson,2,174,646,36936,109834,1,0.005747126436781609
10/2/2020,Jefferson,2,176,413,37349,109834,1,0.005681818181818182
10/3/2020,Jefferson,0,176,261,37610,109834,1,0.005681818181818182
10/4/2020,Jefferson,0,176,174,37784,109834,1,0.005681818181818182
10/5/2020,Jefferson,0,176,392,38176,109834,1,0.005681818181818182
10/6/2020,Jefferson,0,176,473,38649,109834,1,0.005681818181818182
10/7/2020,Jefferson,1,177,461,39110,109834,1,0.005649717514124294
10/8/2020,Jefferson,3,180,321,39431,109834,1,0.005555555555555556
10/9/2020,Jefferson,1,181,275,39706,109834,1,0.0055248618784530384
10/10/2020,Jefferson,3,184,301,40007,109834,1,0.005434782608695652
10/11/2020,Jefferson,1,185,179,40186,109834,1,0.005405405405405406
10/12/2020,Jefferson,1,186,268,40454,109834,1,0.005376344086021506
10/13/2020,Jefferson,0,186,217,40671,109834,1,0.005376344086021506
10/14/2020,Jefferson,0,186,503,41174,109834,1,0.005376344086021506
10/15/2020,Jefferson,0,186,288,41462,109834,1,0.005376344086021506
10/16/2020,Jefferson,0,186,295,41757,109834,1,0.005376344086021506
10/17/2020,Jefferson,2,188,206,41963,109834,1,0.005319148936170213
10/18/2020,Jefferson,3,191,183,42146,109834,1,0.005235602094240838
10/19/2020,Jefferson,1,192,186,42332,109834,1,0.005208333333333333
10/20/2020,Jefferson,1,193,243,42575,109834,1,0.0051813471502590676
10/21/2020,Jefferson,1,194,365,42940,109834,1,0.005154639175257732
10/22/2020,Jefferson,3,197,375,43315,109834,1,0.005076142131979695
10/23/2020,Jefferson,2,199,359,43674,109834,1,0.005025125628140704
10/24/2020,Jefferson,3,202,242,43916,109834,1,0.0049504950495049506
10/25/2020,Jefferson,1,203,81,43997,109834,1,0.0049261083743842365
10/26/2020,Jefferson,3,206,312,44309,109834,1,0.0048543689320388345
10/27/2020,Jefferson,1,207,289,44598,109834,1,0.004830917874396135
10/28/2020,Jefferson,4,211,495,45093,109834,1,0.004739336492890996
10/29/2020,Jefferson,3,214,420,45513,109834,1,0.004672897196261682
10/30/2020,Jefferson,6,220,394,45907,109834,1,0.004545454545454545
10/31/2020,Jefferson,2,222,227,46134,109834,1,0.0045045045045045045
11/1/2020,Jefferson,9,231,149,46283,109834,1,0.004329004329004329
11/2/2020,Jefferson,6,237,400,46683,109834,1,0.004219409282700422
11/3/2020,Jefferson,4,241,282,46965,109834,1,0.004149377593360996
11/4/2020,Jefferson,8,249,475,47440,109834,1,0.004016064257028112
11/5/2020,Jefferson,11,260,500,47940,109834,1,0.0038461538461538464
11/6/2020,Jefferson,2,262,316,48256,109834,1,0.003816793893129771
11/7/2020,Jefferson,6,268,319,48575,109834,1,0.0037313432835820895
11/8/2020,Jefferson,9,277,190,48765,109834,1,0.0036101083032490976
11/9/2020,Jefferson,5,282,246,49011,109834,1,0.0035460992907801418
11/10/2020,Jefferson,6,288,310,49321,109834,1,0.003472222222222222
11/11/2020,Jefferson,4,292,519,49840,109834,1,0.003424657534246575
11/12/2020,Jefferson,15,307,521,50361,109834,1,0.003257328990228013
11/13/2020,Jefferson,9,316,313,50674,109834,1,0.0031645569620253164
11/14/2020,Jefferson,8,324,267,50941,109834,1,0.0030864197530864196
3/1/2020,Kings,0,0,0,0,2559903,0,NaN
3/2/2020,Kings,0,0,0,0,2559903,0,NaN
3/3/2020,Kings,0,0,2,2,2559903,0,NaN
3/4/2020,Kings,1,1,4,6,2559903,0,0
3/5/2020,Kings,0,1,7,13,2559903,0,0
3/6/2020,Kings,3,4,12,25,2559903,0,0
3/7/2020,Kings,0,4,9,34,2559903,0,0
3/8/2020,Kings,2,6,10,44,2559903,0,0
3/9/2020,Kings,1,7,31,75,2559903,0,0
3/10/2020,Kings,7,14,29,104,2559903,0,0
3/11/2020,Kings,2,16,24,128,2559903,0,0
3/12/2020,Kings,8,24,59,187,2559903,0,0
3/13/2020,Kings,17,41,136,323,2559903,0,0
3/14/2020,Kings,17,58,99,422,2559903,1,0.017241379310344827
3/15/2020,Kings,26,84,166,588,2559903,1,0.011904761904761904
3/16/2020,Kings,39,123,171,759,2559903,1,0.008130081300813009
3/17/2020,Kings,264,387,741,1500,2559903,1,0.002583979328165375
3/18/2020,Kings,273,660,795,2295,2559903,1,0.0015151515151515152
3/19/2020,Kings,674,1334,1553,3848,2559903,1,7.496251874062968e-4
3/20/2020,Kings,538,1872,1378,5226,2559903,1,5.341880341880342e-4
3/21/2020,Kings,893,2765,1941,7167,2559903,1,3.616636528028933e-4
3/22/2020,Kings,702,3467,1506,8673,2559903,14,0.004038073262186328
3/23/2020,Kings,700,4167,1422,10095,2559903,27,0.0064794816414686825
3/24/2020,Kings,779,4946,1474,11569,2559903,45,0.00909826122118884
3/25/2020,Kings,755,5701,1550,13119,2559903,64,0.011226100684090511
3/26/2020,Kings,1106,6807,1905,15024,2559903,81,0.011899515204936095
3/27/2020,Kings,1238,8045,2254,17278,2559903,102,0.012678682411435674
3/28/2020,Kings,973,9018,1790,19068,2559903,167,0.018518518518518517
3/29/2020,Kings,1011,10029,1627,20695,2559903,185,0.018446505135108187
3/30/2020,Kings,1888,11917,3113,23808,2559903,215,0.018041453385919275
3/31/2020,Kings,1198,13115,2011,25819,2559903,261,0.019900876858558902
4/1/2020,Kings,1189,14304,2041,27860,2559903,328,0.022930648769574943
4/2/2020,Kings,1396,15700,2512,30372,2559903,385,0.024522292993630575
4/3/2020,Kings,1804,17504,3234,33606,2559903,485,0.02770795246800731
4/4/2020,Kings,1054,18558,1990,35596,2559903,610,0.032869921327729285
4/5/2020,Kings,1144,19702,2013,37609,2559903,896,0.045477616485635974
4/6/2020,Kings,1177,20879,2245,39854,2559903,1022,0.04894870443986781
4/7/2020,Kings,1203,22082,2607,42461,2559903,1153,0.05221447332669142
4/8/2020,Kings,1312,23394,2565,45026,2559903,1313,0.056125502265538176
4/9/2020,Kings,1321,24715,2578,47604,2559903,1473,0.059599433542383166
4/10/2020,Kings,1528,26243,2887,50491,2559903,1640,0.062492855237587165
4/11/2020,Kings,1228,27471,2670,53161,2559903,1843,0.06708893014451603
4/12/2020,Kings,933,28404,2029,55190,2559903,2028,0.07139839459231094
4/13/2020,Kings,902,29306,2055,57245,2559903,2132,0.07274960758888965
4/14/2020,Kings,2663,31969,5103,62348,2559903,2839,0.08880477963026683
4/15/2020,Kings,1552,33521,3724,66072,2559903,3007,0.08970496106918051
4/16/2020,Kings,1184,34705,3347,69419,2559903,3164,0.0911684195360899
4/17/2020,Kings,1058,35763,3016,72435,2559903,3317,0.09274948969605458
4/18/2020,Kings,719,36482,2390,74825,2559903,3451,0.0945945945945946
4/19/2020,Kings,548,37030,1835,76660,2559903,3749,0.10124223602484472
4/20/2020,Kings,664,37694,2300,78960,2559903,3900,0.10346474239932085
4/21/2020,Kings,787,38481,2827,81787,2559903,4071,0.1057924690106806
4/22/2020,Kings,873,39354,3526,85313,2559903,4247,0.10791787365960258
4/23/2020,Kings,1294,40648,5030,90343,2559903,4413,0.10856622712064554
4/24/2020,Kings,1012,41660,4021,94364,2559903,4568,0.10964954392702833
4/25/2020,Kings,827,42487,3685,98049,2559903,4738,0.11151646385953351
4/26/2020,Kings,527,43014,2684,100733,2559903,4878,0.11340493792718649
4/27/2020,Kings,573,43587,2940,103673,2559903,4970,0.11402482391538761
4/28/2020,Kings,649,44236,3873,107546,2559903,5064,0.1144768966452663
4/29/2020,Kings,636,44872,3944,111490,2559903,5155,0.11488233196648244
4/30/2020,Kings,647,45519,3927,115417,2559903,5228,0.11485313824996156
5/1/2020,Kings,756,46275,4717,120134,2559903,5320,0.11496488384656942
5/2/2020,Kings,564,46839,3804,123938,2559903,5410,0.11550203889920793
5/3/2020,Kings,344,47183,2545,126483,2559903,5508,0.11673696034588729
5/4/2020,Kings,396,47579,3364,129847,2559903,5569,0.11704743689442822
5/5/2020,Kings,395,47974,3597,133444,2559903,5638,0.11752199107850085
5/6/2020,Kings,576,48550,5284,138728,2559903,5677,0.11693099897013388
5/7/2020,Kings,448,48998,4582,143310,2559903,5783,0.11802522551940896
5/8/2020,Kings,463,49461,4747,148057,2559903,5853,0.11833565839752533
5/9/2020,Kings,356,49817,3682,151739,2559903,5924,0.11891522974085152
5/10/2020,Kings,255,50072,2825,154564,2559903,5976,0.11934813868030036
5/11/2020,Kings,259,50331,2984,157548,2559903,6017,0.11954858834515507
5/12/2020,Kings,336,50667,4615,162163,2559903,6077,0.11994000039473425
5/13/2020,Kings,428,51095,6107,168270,2559903,6147,0.12030531363147079
5/14/2020,Kings,486,51581,5741,174011,2559903,6219,0.12056765087919971
5/15/2020,Kings,410,51991,5793,179804,2559903,6276,0.12071320036160105
5/16/2020,Kings,307,52298,4377,184181,2559903,6340,0.12122834525220849
5/17/2020,Kings,187,52485,3052,187233,2559903,6383,0.12161569972373058
5/18/2020,Kings,196,52681,4133,191366,2559903,6412,0.12171371082553482
5/19/2020,Kings,208,52889,3890,195256,2559903,6437,0.12170772750477415
5/20/2020,Kings,496,53385,7252,202508,2559903,6480,0.12138241078954763
5/21/2020,Kings,254,53639,5372,207880,2559903,6516,0.12147877477208747
5/22/2020,Kings,263,53902,6189,214069,2559903,6547,0.12146117027197506
5/23/2020,Kings,273,54175,6813,220882,2559903,6568,0.12123673281033687
5/24/2020,Kings,185,54360,4990,225872,2559903,6597,0.12135761589403973
5/25/2020,Kings,200,54560,5214,231086,2559903,6602,0.12100439882697947
5/26/2020,Kings,219,54779,5940,237026,2559903,6628,0.12099527191076873
5/27/2020,Kings,368,55147,10938,247964,2559903,6642,0.12044172847117704
5/28/2020,Kings,299,55446,10686,258650,2559903,6664,0.1201890127331097
5/29/2020,Kings,281,55727,9619,268269,2559903,6689,0.120031582536293
5/30/2020,Kings,173,55900,7167,275436,2559903,6700,0.11985688729874776
5/31/2020,Kings,153,56053,5765,281201,2559903,6732,0.12010061905696394
6/1/2020,Kings,189,56242,7500,288701,2559903,6742,0.11987482664201131
6/2/2020,Kings,163,56405,7485,296186,2559903,6754,0.11974115769878557
6/3/2020,Kings,182,56587,7880,304066,2559903,6774,0.11970947390743457
6/4/2020,Kings,183,56770,7659,311725,2559903,6794,0.11967588515060772
6/5/2020,Kings,196,56966,9370,321095,2559903,6811,0.11956254608011796
6/6/2020,Kings,165,57131,8378,329473,2559903,6833,0.11960231748087728
6/7/2020,Kings,129,57260,7254,336727,2559903,6841,0.11947258120852253
6/8/2020,Kings,107,57367,5499,342226,2559903,6849,0.11938919587916398
6/9/2020,Kings,117,57484,8815,351041,2559903,6859,0.11932015865284253
6/10/2020,Kings,121,57605,6515,357556,2559903,6872,0.11929520006943842
6/11/2020,Kings,128,57733,8670,366226,2559903,6886,0.11927320596539241
6/12/2020,Kings,186,57919,10217,376443,2559903,6902,0.11916642207220429
6/13/2020,Kings,140,58059,9012,385455,2559903,6918,0.11915465302537075
6/14/2020,Kings,118,58177,8880,394335,2559903,6932,0.11915361740894168
6/15/2020,Kings,97,58274,8034,402369,2559903,6936,0.11902392147441397
6/16/2020,Kings,112,58386,8472,410841,2559903,6942,0.11889836604665502
6/17/2020,Kings,116,58502,10052,420893,2559903,6957,0.11891901131585245
6/18/2020,Kings,132,58634,10964,431857,2559903,6965,0.11878773407920319
6/19/2020,Kings,127,58761,10520,442377,2559903,6977,0.11873521553411276
6/20/2020,Kings,113,58874,9864,452241,2559903,6985,0.11864320413085573
6/21/2020,Kings,75,58949,7192,459433,2559903,6993,0.1186279665473545
6/22/2020,Kings,98,59047,5819,465252,2559903,6995,0.11846495164868664
6/23/2020,Kings,64,59111,6732,471984,2559903,6995,0.11833668860279813
6/24/2020,Kings,95,59206,7602,479586,2559903,6995,0.11814680944498869
6/25/2020,Kings,105,59311,7450,487036,2559903,7001,0.11803881236195647
6/26/2020,Kings,109,59420,10239,497275,2559903,7011,0.11799057556378324
6/27/2020,Kings,87,59507,8508,505783,2559903,7020,0.11796931453442452
6/28/2020,Kings,69,59576,5378,511161,2559903,7031,0.11801732241170941
6/29/2020,Kings,74,59650,6646,517807,2559903,7031,0.11787091366303437
6/30/2020,Kings,92,59742,7756,525563,2559903,7103,0.11889458002745137
7/1/2020,Kings,113,59855,9252,534815,2559903,7104,0.11868682649736864
7/2/2020,Kings,102,59957,8649,543464,2559903,7111,0.11860166452624381
7/3/2020,Kings,121,60078,7506,550970,2559903,7120,0.11851260028629448
7/4/2020,Kings,71,60149,7534,558504,2559903,7130,0.11853896157874612
7/5/2020,Kings,62,60211,7273,565777,2559903,7132,0.11845011708823969
7/6/2020,Kings,70,60281,7673,573450,2559903,7133,0.11832915844129992
7/7/2020,Kings,105,60386,6914,580364,2559903,7137,0.1181896466068294
7/8/2020,Kings,75,60461,7228,587592,2559903,7147,0.11820843188170888
7/9/2020,Kings,99,60560,8795,596387,2559903,7158,0.11819682959048877
7/10/2020,Kings,87,60647,7543,603930,2559903,7163,0.11810971688624335
7/11/2020,Kings,101,60748,7261,611191,2559903,7171,0.11804503851978666
7/12/2020,Kings,67,60815,5925,617116,2559903,7171,0.11791498807859903
7/13/2020,Kings,89,60904,5637,622753,2559903,7182,0.11792328911073165
7/14/2020,Kings,108,61012,7601,630354,2559903,7184,0.11774732839441421
7/15/2020,Kings,112,61124,8189,638543,2559903,7189,0.11761337608795236
7/16/2020,Kings,109,61233,10677,649220,2559903,7195,0.11750200055525616
7/17/2020,Kings,118,61351,9343,658563,2559903,7195,0.11727600202115696
7/18/2020,Kings,81,61432,6260,664823,2559903,7199,0.11718648261492381
7/19/2020,Kings,56,61488,5904,670727,2559903,7205,0.11717733541504033
7/20/2020,Kings,80,61568,8084,678811,2559903,7206,0.11704132016632017
7/21/2020,Kings,94,61662,8182,686993,2559903,7211,0.11694398495021245
7/22/2020,Kings,90,61752,8779,695772,2559903,7212,0.1167897396035756
7/23/2020,Kings,72,61824,9523,705295,2559903,7222,0.11681547619047619
7/24/2020,Kings,102,61926,7669,712964,2559903,7232,0.11678454930077835
7/25/2020,Kings,62,61988,6610,719574,2559903,7232,0.1166677421436407
7/26/2020,Kings,65,62053,7052,726626,2559903,7234,0.11657776416933911
7/27/2020,Kings,57,62110,6374,733000,2559903,7237,0.11651907905329255
7/28/2020,Kings,84,62194,8815,741815,2559903,7237,0.11636170691706596
7/29/2020,Kings,101,62295,9160,750975,2559903,7242,0.11625331085961955
7/30/2020,Kings,90,62385,9095,760070,2559903,7245,0.11613368598220726
7/31/2020,Kings,109,62494,10667,770737,2559903,7247,0.11596313246071623
8/1/2020,Kings,83,62577,7441,778178,2559903,7248,0.11582530322642505
8/2/2020,Kings,64,62641,6911,785089,2559903,7249,0.11572292907201354
8/3/2020,Kings,74,62715,7510,792599,2559903,7249,0.11558638284302002
8/4/2020,Kings,75,62790,8138,800737,2559903,7249,0.11544831979614588
8/5/2020,Kings,100,62890,8929,809666,2559903,7249,0.11526474797265066
8/6/2020,Kings,109,62999,8735,818401,2559903,7253,0.1151288115684376
8/7/2020,Kings,87,63086,9201,827602,2559903,7253,0.11497004089655391
8/8/2020,Kings,69,63155,7685,835287,2559903,7257,0.11490776660596944
8/9/2020,Kings,68,63223,6590,841877,2559903,7259,0.11481581070180157
8/10/2020,Kings,85,63308,7833,849710,2559903,7261,0.11469324571934036
8/11/2020,Kings,102,63410,13378,863088,2559903,7261,0.11450875256268728
8/12/2020,Kings,132,63542,11994,875082,2559903,7261,0.11427087595606056
8/13/2020,Kings,94,63636,11535,886617,2559903,7265,0.11416493808536049
8/14/2020,Kings,143,63779,11157,897774,2559903,7266,0.11392464604336851
8/15/2020,Kings,82,63861,9558,907332,2559903,7266,0.11377836238079579
8/16/2020,Kings,52,63913,7179,914511,2559903,7266,0.1136857916229875
8/17/2020,Kings,89,64002,6633,921144,2559903,7269,0.11357457579450642
8/18/2020,Kings,80,64082,9135,930279,2559903,7269,0.1134327892387878
8/19/2020,Kings,80,64162,8865,939144,2559903,7271,0.11332252735263863
8/20/2020,Kings,74,64236,10187,949331,2559903,7273,0.11322311476430662
8/21/2020,Kings,65,64301,10756,960087,2559903,7273,0.11310866082953609
8/22/2020,Kings,74,64375,9136,969223,2559903,7277,0.11304077669902912
8/23/2020,Kings,47,64422,7826,977049,2559903,7278,0.1129738288162429
8/24/2020,Kings,73,64495,7208,984257,2559903,7279,0.11286146212884719
8/25/2020,Kings,77,64572,7983,992240,2559903,7281,0.11275785170042743
8/26/2020,Kings,92,64664,9336,1001576,2559903,7281,0.11259742669800817
8/27/2020,Kings,90,64754,12225,1013801,2559903,7285,0.11250270253575069
8/28/2020,Kings,103,64857,10972,1024773,2559903,7285,0.11232403595602633
8/29/2020,Kings,73,64930,11050,1035823,2559903,7285,0.11219775142461112
8/30/2020,Kings,68,64998,6957,1042780,2559903,7287,0.11211114188128865
8/31/2020,Kings,120,65118,9322,1052102,2559903,7290,0.11195061273380633
9/1/2020,Kings,83,65201,9607,1061709,2559903,7290,0.11180810110274382
9/2/2020,Kings,127,65328,10442,1072151,2559903,7290,0.11159074210139604
9/3/2020,Kings,112,65440,13256,1085407,2559903,7290,0.1113997555012225
9/4/2020,Kings,100,65540,10629,1096036,2559903,7290,0.11122978333841929
9/5/2020,Kings,86,65626,11109,1107145,2559903,7293,0.11112973516594032
9/6/2020,Kings,74,65700,7350,1114495,2559903,7293,0.11100456621004566
9/7/2020,Kings,57,65757,6683,1121178,2559903,7297,0.11096917438447618
9/8/2020,Kings,62,65819,8221,1129399,2559903,7298,0.11087983712909646
9/9/2020,Kings,110,65929,9082,1138481,2559903,7298,0.11069483838674939
9/10/2020,Kings,80,66009,9839,1148320,2559903,7299,0.11057583056855884
9/11/2020,Kings,115,66124,11402,1159722,2559903,7299,0.11038352186800557
9/12/2020,Kings,73,66197,7592,1167314,2559903,7306,0.11036753931447045
9/13/2020,Kings,77,66274,7304,1174618,2559903,7306,0.11023930953315025
9/14/2020,Kings,107,66381,7997,1182615,2559903,7306,0.11006161401605881
9/15/2020,Kings,87,66468,9006,1191621,2559903,7306,0.10991755431184931
9/16/2020,Kings,118,66586,8620,1200241,2559903,7311,0.1097978554050401
9/17/2020,Kings,151,66737,10338,1210579,2559903,7312,0.10956440954792694
9/18/2020,Kings,234,66971,13785,1224364,2559903,7314,0.10921144973197354
9/19/2020,Kings,165,67136,12173,1236537,2559903,7315,0.10895793612964728
9/20/2020,Kings,91,67227,7210,1243747,2559903,7318,0.1088550731105062
9/21/2020,Kings,164,67391,11982,1255729,2559903,7318,0.10859016782656437
9/22/2020,Kings,119,67510,7472,1263201,2559903,7319,0.10841356836024292
9/23/2020,Kings,207,67717,11102,1274303,2559903,7319,0.1080821654828182
9/24/2020,Kings,175,67892,10044,1284347,2559903,7321,0.10783302892829788
9/25/2020,Kings,203,68095,12389,1296736,2559903,7323,0.10754093545781629
9/26/2020,Kings,184,68279,9241,1305977,2559903,7323,0.10725113138739584
9/27/2020,Kings,183,68462,6981,1312958,2559903,7326,0.10700826735999533
9/28/2020,Kings,196,68658,11496,1324454,2559903,7327,0.10671735267558041
9/29/2020,Kings,186,68844,10547,1335001,2559903,7329,0.10645807913543665
9/30/2020,Kings,218,69062,11390,1346391,2559903,7329,0.10612203527265356
10/1/2020,Kings,257,69319,13484,1359875,2559903,7329,0.10572858812158283
10/2/2020,Kings,358,69677,15896,1375771,2559903,7337,0.10530017078806493
10/3/2020,Kings,256,69933,10882,1386653,2559903,7338,0.10492900347475441
10/4/2020,Kings,198,70131,7790,1394443,2559903,7339,0.10464701772397371
10/5/2020,Kings,223,70354,10652,1405095,2559903,7340,0.10432953350200415
10/6/2020,Kings,262,70616,11670,1416765,2559903,7342,0.1039707714965447
10/7/2020,Kings,283,70899,17061,1433826,2559903,7345,0.10359807613647583
10/8/2020,Kings,300,71199,15913,1449739,2559903,7346,0.10317560639896628
10/9/2020,Kings,236,71435,16528,1466267,2559903,7347,0.10284874361307482
10/10/2020,Kings,200,71635,13012,1479279,2559903,7350,0.10260347595449151
10/11/2020,Kings,121,71756,10104,1489383,2559903,7352,0.10245833101064719
10/12/2020,Kings,185,71941,12300,1501683,2559903,7353,0.10220875439596336
10/13/2020,Kings,218,72159,11198,1512881,2559903,7355,0.10192768746795272
10/14/2020,Kings,210,72369,17754,1530635,2559903,7356,0.10164573228868715
10/15/2020,Kings,229,72598,16348,1546983,2559903,7361,0.10139397779553155
10/16/2020,Kings,296,72894,20191,1567174,2559903,7365,0.1010371223969051
10/17/2020,Kings,229,73123,15572,1582746,2559903,7366,0.10073437905994011
10/18/2020,Kings,140,73263,9451,1592197,2559903,7370,0.10059648117057723
10/19/2020,Kings,170,73433,9545,1601742,2559903,7372,0.10039083245952092
10/20/2020,Kings,333,73766,15168,1616910,2559903,7373,0.09995119702844128
10/21/2020,Kings,169,73935,14185,1631095,2559903,7374,0.09973625481842159
10/22/2020,Kings,179,74114,17870,1648965,2559903,7376,0.09952235744933481
10/23/2020,Kings,225,74339,16840,1665805,2559903,7381,0.0992883950550855
10/24/2020,Kings,214,74553,14425,1680230,2559903,7382,0.09901680683540569
10/25/2020,Kings,150,74703,9490,1689720,2559903,7383,0.09883137223404682
10/26/2020,Kings,200,74903,11831,1701551,2559903,7385,0.09859418180847229
10/27/2020,Kings,266,75169,16524,1718075,2559903,7387,0.09827189399885591
10/28/2020,Kings,348,75517,20517,1738592,2559903,7390,0.09785876027914245
10/29/2020,Kings,262,75779,16919,1755511,2559903,7393,0.09756001002916376
10/30/2020,Kings,206,75985,14343,1769854,2559903,7400,0.09738764229782194
10/31/2020,Kings,253,76238,17552,1787406,2559903,7400,0.09706445604554159
11/1/2020,Kings,208,76446,11520,1798926,2559903,7404,0.09685268032336551
11/2/2020,Kings,217,76663,15312,1814238,2559903,7406,0.0966046202209671
11/3/2020,Kings,325,76988,20383,1834621,2559903,7409,0.09623577700420845
11/4/2020,Kings,353,77341,20703,1855324,2559903,7414,0.09586118617550846
11/5/2020,Kings,368,77709,18826,1874150,2559903,7417,0.09544582995534623
11/6/2020,Kings,349,78058,19342,1893492,2559903,7425,0.09512157626380384
11/7/2020,Kings,356,78414,18824,1912316,2559903,7429,0.09474073507281863
11/8/2020,Kings,331,78745,13287,1925603,2559903,7434,0.09440599403136707
11/9/2020,Kings,328,79073,17228,1942831,2559903,7436,0.09403968484817826
11/10/2020,Kings,485,79558,17933,1960764,2559903,7440,0.0935166796550944
11/11/2020,Kings,450,80008,19871,1980635,2559903,7441,0.093003199680032
11/12/2020,Kings,483,80491,21782,2002417,2559903,7443,0.0924699655862146
11/13/2020,Kings,455,80946,21871,2024288,2559903,7445,0.09197489684481013
11/14/2020,Kings,425,81371,19932,2044220,2559903,7450,0.09155595973995649
3/1/2020,Lewis,0,0,0,0,26296,0,NaN
3/2/2020,Lewis,0,0,0,0,26296,0,NaN
3/3/2020,Lewis,0,0,0,0,26296,0,NaN
3/4/2020,Lewis,0,0,0,0,26296,0,NaN
3/5/2020,Lewis,0,0,0,0,26296,0,NaN
3/6/2020,Lewis,0,0,0,0,26296,0,NaN
3/7/2020,Lewis,0,0,0,0,26296,0,NaN
3/8/2020,Lewis,0,0,0,0,26296,0,NaN
3/9/2020,Lewis,0,0,0,0,26296,0,NaN
3/10/2020,Lewis,0,0,0,0,26296,0,NaN
3/11/2020,Lewis,0,0,0,0,26296,0,NaN
3/12/2020,Lewis,0,0,0,0,26296,0,NaN
3/13/2020,Lewis,0,0,1,1,26296,0,NaN
3/14/2020,Lewis,0,0,0,1,26296,0,NaN
3/15/2020,Lewis,0,0,2,3,26296,0,NaN
3/16/2020,Lewis,0,0,0,3,26296,0,NaN
3/17/2020,Lewis,0,0,1,4,26296,0,NaN
3/18/2020,Lewis,0,0,0,4,26296,0,NaN
3/19/2020,Lewis,0,0,2,6,26296,0,NaN
3/20/2020,Lewis,0,0,1,7,26296,0,NaN
3/21/2020,Lewis,0,0,4,11,26296,0,NaN
3/22/2020,Lewis,0,0,4,15,26296,0,NaN
3/23/2020,Lewis,0,0,5,20,26296,0,NaN
3/24/2020,Lewis,0,0,0,20,26296,0,NaN
3/25/2020,Lewis,0,0,5,25,26296,0,NaN
3/26/2020,Lewis,0,0,5,30,26296,0,NaN
3/27/2020,Lewis,0,0,6,36,26296,0,NaN
3/28/2020,Lewis,2,2,7,43,26296,0,0
3/29/2020,Lewis,0,2,16,59,26296,0,0
3/30/2020,Lewis,0,2,5,64,26296,0,0
3/31/2020,Lewis,0,2,3,67,26296,0,0
4/1/2020,Lewis,0,2,5,72,26296,0,0
4/2/2020,Lewis,0,2,5,77,26296,0,0
4/3/2020,Lewis,0,2,5,82,26296,0,0
4/4/2020,Lewis,1,3,19,101,26296,0,0
4/5/2020,Lewis,3,6,11,112,26296,0,0
4/6/2020,Lewis,0,6,11,123,26296,0,0
4/7/2020,Lewis,0,6,6,129,26296,0,0
4/8/2020,Lewis,0,6,8,137,26296,0,0
4/9/2020,Lewis,0,6,23,160,26296,0,0
4/10/2020,Lewis,0,6,0,160,26296,0,0
4/11/2020,Lewis,0,6,6,166,26296,3,0.5
4/12/2020,Lewis,0,6,3,169,26296,3,0.5
4/13/2020,Lewis,1,7,11,180,26296,3,0.42857142857142855
4/14/2020,Lewis,0,7,0,180,26296,3,0.42857142857142855
4/15/2020,Lewis,1,8,7,187,26296,3,0.375
4/16/2020,Lewis,0,8,2,189,26296,3,0.375
4/17/2020,Lewis,0,8,0,189,26296,3,0.375
4/18/2020,Lewis,0,8,14,203,26296,3,0.375
4/19/2020,Lewis,1,9,7,210,26296,3,0.3333333333333333
4/20/2020,Lewis,0,9,1,211,26296,3,0.3333333333333333
4/21/2020,Lewis,0,9,1,212,26296,3,0.3333333333333333
4/22/2020,Lewis,0,9,8,220,26296,3,0.3333333333333333
4/23/2020,Lewis,0,9,3,223,26296,3,0.3333333333333333
4/24/2020,Lewis,0,9,41,264,26296,3,0.3333333333333333
4/25/2020,Lewis,0,9,12,276,26296,3,0.3333333333333333
4/26/2020,Lewis,0,9,14,290,26296,3,0.3333333333333333
4/27/2020,Lewis,0,9,6,296,26296,4,0.4444444444444444
4/28/2020,Lewis,0,9,4,300,26296,4,0.4444444444444444
4/29/2020,Lewis,0,9,14,314,26296,4,0.4444444444444444
4/30/2020,Lewis,0,9,4,318,26296,4,0.4444444444444444
5/1/2020,Lewis,0,9,12,330,26296,4,0.4444444444444444
5/2/2020,Lewis,0,9,1,331,26296,4,0.4444444444444444
5/3/2020,Lewis,0,9,9,340,26296,5,0.5555555555555556
5/4/2020,Lewis,0,9,6,346,26296,5,0.5555555555555556
5/5/2020,Lewis,0,9,4,350,26296,5,0.5555555555555556
5/6/2020,Lewis,1,10,25,375,26296,5,0.5
5/7/2020,Lewis,0,10,20,395,26296,5,0.5
5/8/2020,Lewis,1,11,85,480,26296,5,0.45454545454545453
5/9/2020,Lewis,0,11,95,575,26296,5,0.45454545454545453
5/10/2020,Lewis,0,11,65,640,26296,5,0.45454545454545453
5/11/2020,Lewis,0,11,16,656,26296,5,0.45454545454545453
5/12/2020,Lewis,0,11,10,666,26296,5,0.45454545454545453
5/13/2020,Lewis,1,12,31,697,26296,5,0.4166666666666667
5/14/2020,Lewis,0,12,236,933,26296,5,0.4166666666666667
5/15/2020,Lewis,1,13,108,1041,26296,5,0.38461538461538464
5/16/2020,Lewis,3,16,62,1103,26296,5,0.3125
5/17/2020,Lewis,1,17,123,1226,26296,5,0.29411764705882354
5/18/2020,Lewis,1,18,27,1253,26296,5,0.2777777777777778
5/19/2020,Lewis,0,18,34,1287,26296,5,0.2777777777777778
5/20/2020,Lewis,0,18,176,1463,26296,5,0.2777777777777778
5/21/2020,Lewis,1,19,101,1564,26296,5,0.2631578947368421
5/22/2020,Lewis,0,19,62,1626,26296,5,0.2631578947368421
5/23/2020,Lewis,0,19,77,1703,26296,5,0.2631578947368421
5/24/2020,Lewis,0,19,43,1746,26296,5,0.2631578947368421
5/25/2020,Lewis,1,20,25,1771,26296,5,0.25
5/26/2020,Lewis,0,20,22,1793,26296,5,0.25
5/27/2020,Lewis,0,20,34,1827,26296,5,0.25
5/28/2020,Lewis,0,20,148,1975,26296,5,0.25
5/29/2020,Lewis,0,20,77,2052,26296,5,0.25
5/30/2020,Lewis,0,20,51,2103,26296,5,0.25
5/31/2020,Lewis,0,20,64,2167,26296,5,0.25
6/1/2020,Lewis,0,20,70,2237,26296,5,0.25
6/2/2020,Lewis,0,20,93,2330,26296,5,0.25
6/3/2020,Lewis,0,20,72,2402,26296,5,0.25
6/4/2020,Lewis,0,20,178,2580,26296,5,0.25
6/5/2020,Lewis,0,20,109,2689,26296,5,0.25
6/6/2020,Lewis,0,20,59,2748,26296,5,0.25
6/7/2020,Lewis,0,20,115,2863,26296,5,0.25
6/8/2020,Lewis,0,20,29,2892,26296,5,0.25
6/9/2020,Lewis,0,20,64,2956,26296,5,0.25
6/10/2020,Lewis,0,20,138,3094,26296,5,0.25
6/11/2020,Lewis,0,20,126,3220,26296,5,0.25
6/12/2020,Lewis,0,20,71,3291,26296,5,0.25
6/13/2020,Lewis,0,20,64,3355,26296,5,0.25
6/14/2020,Lewis,0,20,70,3425,26296,5,0.25
6/15/2020,Lewis,0,20,21,3446,26296,5,0.25
6/16/2020,Lewis,1,21,32,3478,26296,5,0.23809523809523808
6/17/2020,Lewis,0,21,109,3587,26296,5,0.23809523809523808
6/18/2020,Lewis,0,21,94,3681,26296,5,0.23809523809523808
6/19/2020,Lewis,1,22,74,3755,26296,5,0.22727272727272727
6/20/2020,Lewis,1,23,61,3816,26296,5,0.21739130434782608
6/21/2020,Lewis,0,23,76,3892,26296,5,0.21739130434782608
6/22/2020,Lewis,1,24,18,3910,26296,5,0.20833333333333334
6/23/2020,Lewis,0,24,32,3942,26296,5,0.20833333333333334
6/24/2020,Lewis,1,25,89,4031,26296,5,0.2
6/25/2020,Lewis,1,26,91,4122,26296,5,0.19230769230769232
6/26/2020,Lewis,0,26,56,4178,26296,5,0.19230769230769232
6/27/2020,Lewis,3,29,89,4267,26296,5,0.1724137931034483
6/28/2020,Lewis,1,30,61,4328,26296,5,0.16666666666666666
6/29/2020,Lewis,0,30,13,4341,26296,5,0.16666666666666666
6/30/2020,Lewis,0,30,25,4366,26296,5,0.16666666666666666
7/1/2020,Lewis,0,30,38,4404,26296,5,0.16666666666666666
7/2/2020,Lewis,0,30,85,4489,26296,5,0.16666666666666666
7/3/2020,Lewis,1,31,64,4553,26296,5,0.16129032258064516
7/4/2020,Lewis,0,31,42,4595,26296,5,0.16129032258064516
7/5/2020,Lewis,0,31,17,4612,26296,5,0.16129032258064516
7/6/2020,Lewis,0,31,41,4653,26296,5,0.16129032258064516
7/7/2020,Lewis,0,31,77,4730,26296,5,0.16129032258064516
7/8/2020,Lewis,0,31,56,4786,26296,5,0.16129032258064516
7/9/2020,Lewis,0,31,33,4819,26296,5,0.16129032258064516
7/10/2020,Lewis,0,31,51,4870,26296,5,0.16129032258064516
7/11/2020,Lewis,0,31,42,4912,26296,5,0.16129032258064516
7/12/2020,Lewis,0,31,103,5015,26296,5,0.16129032258064516
7/13/2020,Lewis,1,32,23,5038,26296,5,0.15625
7/14/2020,Lewis,0,32,72,5110,26296,5,0.15625
7/15/2020,Lewis,0,32,46,5156,26296,5,0.15625
7/16/2020,Lewis,0,32,78,5234,26296,5,0.15625
7/17/2020,Lewis,0,32,68,5302,26296,5,0.15625
7/18/2020,Lewis,1,33,46,5348,26296,5,0.15151515151515152
7/19/2020,Lewis,0,33,32,5380,26296,5,0.15151515151515152
7/20/2020,Lewis,0,33,76,5456,26296,5,0.15151515151515152
7/21/2020,Lewis,0,33,80,5536,26296,5,0.15151515151515152
7/22/2020,Lewis,1,34,173,5709,26296,5,0.14705882352941177
7/23/2020,Lewis,0,34,65,5774,26296,5,0.14705882352941177
7/24/2020,Lewis,0,34,99,5873,26296,5,0.14705882352941177
7/25/2020,Lewis,0,34,119,5992,26296,5,0.14705882352941177
7/26/2020,Lewis,0,34,94,6086,26296,5,0.14705882352941177
7/27/2020,Lewis,0,34,35,6121,26296,5,0.14705882352941177
7/28/2020,Lewis,0,34,55,6176,26296,5,0.14705882352941177
7/29/2020,Lewis,0,34,128,6304,26296,5,0.14705882352941177
7/30/2020,Lewis,0,34,49,6353,26296,5,0.14705882352941177
7/31/2020,Lewis,0,34,65,6418,26296,5,0.14705882352941177
8/1/2020,Lewis,1,35,55,6473,26296,5,0.14285714285714285
8/2/2020,Lewis,0,35,16,6489,26296,5,0.14285714285714285
8/3/2020,Lewis,2,37,70,6559,26296,5,0.13513513513513514
8/4/2020,Lewis,0,37,34,6593,26296,5,0.13513513513513514
8/5/2020,Lewis,2,39,100,6693,26296,5,0.1282051282051282
8/6/2020,Lewis,0,39,18,6711,26296,5,0.1282051282051282
8/7/2020,Lewis,2,41,38,6749,26296,5,0.12195121951219512
8/8/2020,Lewis,0,41,56,6805,26296,5,0.12195121951219512
8/9/2020,Lewis,0,41,16,6821,26296,5,0.12195121951219512
8/10/2020,Lewis,4,45,111,6932,26296,5,0.1111111111111111
8/11/2020,Lewis,1,46,61,6993,26296,5,0.10869565217391304
8/12/2020,Lewis,1,47,48,7041,26296,5,0.10638297872340426
8/13/2020,Lewis,0,47,36,7077,26296,5,0.10638297872340426
8/14/2020,Lewis,0,47,106,7183,26296,5,0.10638297872340426
8/15/2020,Lewis,0,47,82,7265,26296,5,0.10638297872340426
8/16/2020,Lewis,0,47,14,7279,26296,5,0.10638297872340426
8/17/2020,Lewis,0,47,45,7324,26296,5,0.10638297872340426
8/18/2020,Lewis,0,47,79,7403,26296,5,0.10638297872340426
8/19/2020,Lewis,0,47,71,7474,26296,5,0.10638297872340426
8/20/2020,Lewis,0,47,76,7550,26296,5,0.10638297872340426
8/21/2020,Lewis,0,47,103,7653,26296,5,0.10638297872340426
8/22/2020,Lewis,0,47,81,7734,26296,5,0.10638297872340426
8/23/2020,Lewis,0,47,23,7757,26296,5,0.10638297872340426
8/24/2020,Lewis,0,47,40,7797,26296,5,0.10638297872340426
8/25/2020,Lewis,1,48,85,7882,26296,5,0.10416666666666667
8/26/2020,Lewis,0,48,77,7959,26296,5,0.10416666666666667
8/27/2020,Lewis,0,48,75,8034,26296,5,0.10416666666666667
8/28/2020,Lewis,0,48,85,8119,26296,5,0.10416666666666667
8/29/2020,Lewis,1,49,109,8228,26296,5,0.10204081632653061
8/30/2020,Lewis,0,49,37,8265,26296,5,0.10204081632653061
8/31/2020,Lewis,0,49,66,8331,26296,5,0.10204081632653061
9/1/2020,Lewis,0,49,68,8399,26296,5,0.10204081632653061
9/2/2020,Lewis,0,49,74,8473,26296,5,0.10204081632653061
9/3/2020,Lewis,0,49,29,8502,26296,5,0.10204081632653061
9/4/2020,Lewis,0,49,42,8544,26296,5,0.10204081632653061
9/5/2020,Lewis,0,49,31,8575,26296,5,0.10204081632653061
9/6/2020,Lewis,0,49,110,8685,26296,5,0.10204081632653061
9/7/2020,Lewis,0,49,107,8792,26296,5,0.10204081632653061
9/8/2020,Lewis,1,50,35,8827,26296,5,0.1
9/9/2020,Lewis,0,50,26,8853,26296,5,0.1
9/10/2020,Lewis,0,50,57,8910,26296,5,0.1
9/11/2020,Lewis,0,50,95,9005,26296,5,0.1
9/12/2020,Lewis,0,50,54,9059,26296,5,0.1
9/13/2020,Lewis,0,50,59,9118,26296,5,0.1
9/14/2020,Lewis,0,50,102,9220,26296,5,0.1
9/15/2020,Lewis,0,50,49,9269,26296,5,0.1
9/16/2020,Lewis,0,50,57,9326,26296,5,0.1
9/17/2020,Lewis,0,50,67,9393,26296,5,0.1
9/18/2020,Lewis,0,50,43,9436,26296,5,0.1
9/19/2020,Lewis,0,50,127,9563,26296,5,0.1
9/20/2020,Lewis,0,50,70,9633,26296,5,0.1
9/21/2020,Lewis,0,50,24,9657,26296,5,0.1
9/22/2020,Lewis,0,50,105,9762,26296,5,0.1
9/23/2020,Lewis,0,50,50,9812,26296,5,0.1
9/24/2020,Lewis,0,50,70,9882,26296,5,0.1
9/25/2020,Lewis,0,50,107,9989,26296,5,0.1
9/26/2020,Lewis,0,50,110,10099,26296,5,0.1
9/27/2020,Lewis,0,50,66,10165,26296,5,0.1
9/28/2020,Lewis,0,50,49,10214,26296,5,0.1
9/29/2020,Lewis,0,50,68,10282,26296,5,0.1
9/30/2020,Lewis,0,50,39,10321,26296,5,0.1
10/1/2020,Lewis,1,51,178,10499,26296,5,0.09803921568627451
10/2/2020,Lewis,0,51,121,10620,26296,5,0.09803921568627451
10/3/2020,Lewis,0,51,69,10689,26296,5,0.09803921568627451
10/4/2020,Lewis,2,53,111,10800,26296,5,0.09433962264150944
10/5/2020,Lewis,0,53,43,10843,26296,5,0.09433962264150944
10/6/2020,Lewis,0,53,203,11046,26296,5,0.09433962264150944
10/7/2020,Lewis,1,54,68,11114,26296,5,0.09259259259259259
10/8/2020,Lewis,0,54,66,11180,26296,5,0.09259259259259259
10/9/2020,Lewis,1,55,89,11269,26296,5,0.09090909090909091
10/10/2020,Lewis,0,55,117,11386,26296,5,0.09090909090909091
10/11/2020,Lewis,0,55,96,11482,26296,5,0.09090909090909091
10/12/2020,Lewis,0,55,37,11519,26296,5,0.09090909090909091
10/13/2020,Lewis,0,55,213,11732,26296,5,0.09090909090909091
10/14/2020,Lewis,0,55,48,11780,26296,5,0.09090909090909091
10/15/2020,Lewis,0,55,52,11832,26296,5,0.09090909090909091
10/16/2020,Lewis,0,55,129,11961,26296,5,0.09090909090909091
10/17/2020,Lewis,1,56,131,12092,26296,5,0.08928571428571429
10/18/2020,Lewis,0,56,36,12128,26296,5,0.08928571428571429
10/19/2020,Lewis,1,57,70,12198,26296,5,0.08771929824561403
10/20/2020,Lewis,5,62,49,12247,26296,5,0.08064516129032258
10/21/2020,Lewis,2,64,69,12316,26296,5,0.078125
10/22/2020,Lewis,4,68,102,12418,26296,5,0.07352941176470588
10/23/2020,Lewis,24,92,147,12565,26296,5,0.05434782608695652
10/24/2020,Lewis,16,108,114,12679,26296,5,0.046296296296296294
10/25/2020,Lewis,7,115,168,12847,26296,5,0.043478260869565216
10/26/2020,Lewis,5,120,123,12970,26296,5,0.041666666666666664
10/27/2020,Lewis,7,127,339,13309,26296,5,0.03937007874015748
10/28/2020,Lewis,7,134,238,13547,26296,5,0.03731343283582089
10/29/2020,Lewis,5,139,250,13797,26296,5,0.03597122302158273
10/30/2020,Lewis,7,146,357,14154,26296,5,0.03424657534246575
10/31/2020,Lewis,2,148,159,14313,26296,5,0.033783783783783786
11/1/2020,Lewis,5,153,92,14405,26296,5,0.032679738562091505
11/2/2020,Lewis,2,155,165,14570,26296,5,0.03225806451612903
11/3/2020,Lewis,10,165,109,14679,26296,5,0.030303030303030304
11/4/2020,Lewis,2,167,109,14788,26296,5,0.029940119760479042
11/5/2020,Lewis,4,171,62,14850,26296,5,0.029239766081871343
11/6/2020,Lewis,2,173,179,15029,26296,5,0.028901734104046242
11/7/2020,Lewis,7,180,145,15174,26296,5,0.027777777777777776
11/8/2020,Lewis,5,185,192,15366,26296,5,0.02702702702702703
11/9/2020,Lewis,1,186,139,15505,26296,5,0.026881720430107527
11/10/2020,Lewis,9,195,88,15593,26296,5,0.02564102564102564
11/11/2020,Lewis,15,210,165,15758,26296,5,0.023809523809523808
11/12/2020,Lewis,9,219,69,15827,26296,5,0.0228310502283105
11/13/2020,Lewis,15,234,119,15946,26296,5,0.021367521367521368
11/14/2020,Lewis,3,237,91,16037,26296,5,0.02109704641350211
3/1/2020,Livingston,0,0,0,0,62914,0,NaN
3/2/2020,Livingston,0,0,0,0,62914,0,NaN
3/3/2020,Livingston,0,0,0,0,62914,0,NaN
3/4/2020,Livingston,0,0,0,0,62914,0,NaN
3/5/2020,Livingston,0,0,0,0,62914,0,NaN
3/6/2020,Livingston,0,0,0,0,62914,0,NaN
3/7/2020,Livingston,0,0,0,0,62914,0,NaN
3/8/2020,Livingston,0,0,0,0,62914,0,NaN
3/9/2020,Livingston,0,0,0,0,62914,0,NaN
3/10/2020,Livingston,0,0,1,1,62914,0,NaN
3/11/2020,Livingston,0,0,0,1,62914,0,NaN
3/12/2020,Livingston,0,0,0,1,62914,0,NaN
3/13/2020,Livingston,0,0,0,1,62914,0,NaN
3/14/2020,Livingston,0,0,0,1,62914,0,NaN
3/15/2020,Livingston,0,0,0,1,62914,0,NaN
3/16/2020,Livingston,0,0,0,1,62914,0,NaN
3/17/2020,Livingston,0,0,4,5,62914,0,NaN
3/18/2020,Livingston,0,0,5,10,62914,0,NaN
3/19/2020,Livingston,1,1,11,21,62914,0,0
3/20/2020,Livingston,1,2,13,34,62914,0,0
3/21/2020,Livingston,0,2,5,39,62914,0,0
3/22/2020,Livingston,1,3,3,42,62914,0,0
3/23/2020,Livingston,0,3,1,43,62914,0,0
3/24/2020,Livingston,0,3,9,52,62914,0,0
3/25/2020,Livingston,0,3,15,67,62914,0,0
3/26/2020,Livingston,0,3,8,75,62914,0,0
3/27/2020,Livingston,2,5,11,86,62914,0,0
3/28/2020,Livingston,5,10,17,103,62914,0,0
3/29/2020,Livingston,2,12,10,113,62914,0,0
3/30/2020,Livingston,1,13,10,123,62914,0,0
3/31/2020,Livingston,1,14,24,147,62914,1,0.07142857142857142
4/1/2020,Livingston,0,14,17,164,62914,1,0.07142857142857142
4/2/2020,Livingston,2,16,12,176,62914,1,0.0625
4/3/2020,Livingston,2,18,18,194,62914,1,0.05555555555555555
4/4/2020,Livingston,1,19,27,221,62914,1,0.05263157894736842
4/5/2020,Livingston,3,22,14,235,62914,1,0.045454545454545456
4/6/2020,Livingston,1,23,18,253,62914,1,0.043478260869565216
4/7/2020,Livingston,2,25,23,276,62914,1,0.04
4/8/2020,Livingston,1,26,17,293,62914,1,0.038461538461538464
4/9/2020,Livingston,3,29,26,319,62914,1,0.034482758620689655
4/10/2020,Livingston,1,30,7,326,62914,1,0.03333333333333333
4/11/2020,Livingston,0,30,6,332,62914,1,0.03333333333333333
4/12/2020,Livingston,0,30,5,337,62914,1,0.03333333333333333
4/13/2020,Livingston,1,31,20,357,62914,1,0.03225806451612903
4/14/2020,Livingston,0,31,8,365,62914,1,0.03225806451612903
4/15/2020,Livingston,1,32,8,373,62914,1,0.03125
4/16/2020,Livingston,2,34,18,391,62914,1,0.029411764705882353
4/17/2020,Livingston,3,37,20,411,62914,1,0.02702702702702703
4/18/2020,Livingston,2,39,30,441,62914,1,0.02564102564102564
4/19/2020,Livingston,0,39,7,448,62914,1,0.02564102564102564
4/20/2020,Livingston,0,39,21,469,62914,1,0.02564102564102564
4/21/2020,Livingston,0,39,15,484,62914,1,0.02564102564102564
4/22/2020,Livingston,2,41,22,506,62914,1,0.024390243902439025
4/23/2020,Livingston,3,44,54,560,62914,1,0.022727272727272728
4/24/2020,Livingston,14,58,295,855,62914,1,0.017241379310344827
4/25/2020,Livingston,2,60,61,916,62914,1,0.016666666666666666
4/26/2020,Livingston,2,62,15,931,62914,1,0.016129032258064516
4/27/2020,Livingston,3,65,24,955,62914,1,0.015384615384615385
4/28/2020,Livingston,2,67,36,991,62914,1,0.014925373134328358
4/29/2020,Livingston,2,69,34,1025,62914,1,0.014492753623188406
4/30/2020,Livingston,4,73,43,1068,62914,1,0.0136986301369863
5/1/2020,Livingston,3,76,44,1112,62914,1,0.013157894736842105
5/2/2020,Livingston,7,83,52,1164,62914,1,0.012048192771084338
5/3/2020,Livingston,2,85,26,1190,62914,1,0.011764705882352941
5/4/2020,Livingston,1,86,52,1242,62914,1,0.011627906976744186
5/5/2020,Livingston,3,89,52,1294,62914,1,0.011235955056179775
5/6/2020,Livingston,6,95,100,1394,62914,1,0.010526315789473684
5/7/2020,Livingston,5,100,56,1450,62914,1,0.01
5/8/2020,Livingston,1,101,49,1499,62914,2,0.019801980198019802
5/9/2020,Livingston,1,102,58,1557,62914,2,0.0196078431372549
5/10/2020,Livingston,0,102,46,1603,62914,2,0.0196078431372549
5/11/2020,Livingston,0,102,180,1783,62914,2,0.0196078431372549
5/12/2020,Livingston,1,103,197,1980,62914,2,0.019417475728155338
5/13/2020,Livingston,3,106,113,2093,62914,3,0.02830188679245283
5/14/2020,Livingston,0,106,76,2169,62914,3,0.02830188679245283
5/15/2020,Livingston,1,107,75,2244,62914,3,0.028037383177570093
5/16/2020,Livingston,3,110,77,2321,62914,3,0.02727272727272727
5/17/2020,Livingston,0,110,50,2371,62914,3,0.02727272727272727
5/18/2020,Livingston,1,111,67,2438,62914,3,0.02702702702702703
5/19/2020,Livingston,0,111,95,2533,62914,3,0.02702702702702703
5/20/2020,Livingston,3,114,105,2638,62914,3,0.02631578947368421
5/21/2020,Livingston,0,114,75,2713,62914,3,0.02631578947368421
5/22/2020,Livingston,0,114,84,2797,62914,3,0.02631578947368421
5/23/2020,Livingston,0,114,65,2862,62914,3,0.02631578947368421
5/24/2020,Livingston,1,115,196,3058,62914,3,0.02608695652173913
5/25/2020,Livingston,3,118,74,3132,62914,3,0.025423728813559324
5/26/2020,Livingston,0,118,69,3201,62914,3,0.025423728813559324
5/27/2020,Livingston,0,118,129,3330,62914,3,0.025423728813559324
5/28/2020,Livingston,0,118,122,3452,62914,3,0.025423728813559324
5/29/2020,Livingston,0,118,107,3559,62914,3,0.025423728813559324
5/30/2020,Livingston,1,119,128,3687,62914,3,0.025210084033613446
5/31/2020,Livingston,0,119,136,3823,62914,3,0.025210084033613446
6/1/2020,Livingston,0,119,218,4041,62914,3,0.025210084033613446
6/2/2020,Livingston,1,120,233,4274,62914,3,0.025
6/3/2020,Livingston,0,120,172,4446,62914,3,0.025
6/4/2020,Livingston,1,121,263,4709,62914,3,0.024793388429752067
6/5/2020,Livingston,0,121,167,4876,62914,3,0.024793388429752067
6/6/2020,Livingston,0,121,133,5009,62914,3,0.024793388429752067
6/7/2020,Livingston,0,121,177,5186,62914,3,0.024793388429752067
6/8/2020,Livingston,0,121,122,5308,62914,4,0.03305785123966942
6/9/2020,Livingston,0,121,216,5524,62914,4,0.03305785123966942
6/10/2020,Livingston,0,121,162,5686,62914,4,0.03305785123966942
6/11/2020,Livingston,0,121,237,5923,62914,4,0.03305785123966942
6/12/2020,Livingston,1,122,239,6162,62914,4,0.03278688524590164
6/13/2020,Livingston,1,123,135,6297,62914,4,0.032520325203252036
6/14/2020,Livingston,0,123,171,6468,62914,4,0.032520325203252036
6/15/2020,Livingston,0,123,111,6579,62914,4,0.032520325203252036
6/16/2020,Livingston,0,123,292,6871,62914,4,0.032520325203252036
6/17/2020,Livingston,0,123,171,7042,62914,4,0.032520325203252036
6/18/2020,Livingston,0,123,268,7310,62914,4,0.032520325203252036
6/19/2020,Livingston,0,123,109,7419,62914,4,0.032520325203252036
6/20/2020,Livingston,0,123,95,7514,62914,4,0.032520325203252036
6/21/2020,Livingston,1,124,108,7622,62914,4,0.03225806451612903
6/22/2020,Livingston,1,125,134,7756,62914,4,0.032
6/23/2020,Livingston,0,125,130,7886,62914,4,0.032
6/24/2020,Livingston,1,126,105,7991,62914,4,0.031746031746031744
6/25/2020,Livingston,0,126,254,8245,62914,4,0.031746031746031744
6/26/2020,Livingston,0,126,122,8367,62914,4,0.031746031746031744
6/27/2020,Livingston,2,128,86,8453,62914,4,0.03125
6/28/2020,Livingston,0,128,91,8544,62914,4,0.03125
6/29/2020,Livingston,1,129,165,8709,62914,4,0.031007751937984496
6/30/2020,Livingston,1,130,148,8857,62914,4,0.03076923076923077
7/1/2020,Livingston,0,130,273,9130,62914,4,0.03076923076923077
7/2/2020,Livingston,0,130,109,9239,62914,4,0.03076923076923077
7/3/2020,Livingston,1,131,175,9414,62914,4,0.030534351145038167
7/4/2020,Livingston,1,132,127,9541,62914,4,0.030303030303030304
7/5/2020,Livingston,1,133,133,9674,62914,4,0.03007518796992481
7/6/2020,Livingston,1,134,113,9787,62914,4,0.029850746268656716
7/7/2020,Livingston,3,137,161,9948,62914,4,0.029197080291970802
7/8/2020,Livingston,3,140,140,10088,62914,4,0.02857142857142857
7/9/2020,Livingston,4,144,126,10214,62914,4,0.027777777777777776
7/10/2020,Livingston,1,145,163,10377,62914,4,0.027586206896551724
7/11/2020,Livingston,2,147,203,10580,62914,4,0.027210884353741496
7/12/2020,Livingston,0,147,119,10699,62914,4,0.027210884353741496
7/13/2020,Livingston,4,151,170,10869,62914,4,0.026490066225165563
7/14/2020,Livingston,0,151,144,11013,62914,4,0.026490066225165563
7/15/2020,Livingston,2,153,171,11184,62914,4,0.026143790849673203
7/16/2020,Livingston,2,155,189,11373,62914,4,0.025806451612903226
7/17/2020,Livingston,2,157,246,11619,62914,4,0.025477707006369428
7/18/2020,Livingston,1,158,203,11822,62914,4,0.02531645569620253
7/19/2020,Livingston,1,159,111,11933,62914,4,0.025157232704402517
7/20/2020,Livingston,1,160,144,12077,62914,4,0.025
7/21/2020,Livingston,1,161,175,12252,62914,4,0.024844720496894408
7/22/2020,Livingston,0,161,263,12515,62914,4,0.024844720496894408
7/23/2020,Livingston,0,161,167,12682,62914,4,0.024844720496894408
7/24/2020,Livingston,1,162,201,12883,62914,4,0.024691358024691357
7/25/2020,Livingston,0,162,240,13123,62914,4,0.024691358024691357
7/26/2020,Livingston,0,162,232,13355,62914,4,0.024691358024691357
7/27/2020,Livingston,0,162,162,13517,62914,4,0.024691358024691357
7/28/2020,Livingston,1,163,178,13695,62914,4,0.024539877300613498
7/29/2020,Livingston,1,164,201,13896,62914,4,0.024390243902439025
7/30/2020,Livingston,1,165,375,14271,62914,4,0.024242424242424242
7/31/2020,Livingston,1,166,246,14517,62914,4,0.024096385542168676
8/1/2020,Livingston,1,167,130,14647,62914,4,0.023952095808383235
8/2/2020,Livingston,0,167,141,14788,62914,6,0.03592814371257485
8/3/2020,Livingston,3,170,109,14897,62914,6,0.03529411764705882
8/4/2020,Livingston,1,171,169,15066,62914,6,0.03508771929824561
8/5/2020,Livingston,2,173,222,15288,62914,6,0.03468208092485549
8/6/2020,Livingston,1,174,321,15609,62914,6,0.034482758620689655
8/7/2020,Livingston,2,176,172,15781,62914,6,0.03409090909090909
8/8/2020,Livingston,0,176,174,15955,62914,6,0.03409090909090909
8/9/2020,Livingston,0,176,185,16140,62914,6,0.03409090909090909
8/10/2020,Livingston,0,176,146,16286,62914,6,0.03409090909090909
8/11/2020,Livingston,0,176,188,16474,62914,6,0.03409090909090909
8/12/2020,Livingston,0,176,249,16723,62914,6,0.03409090909090909
8/13/2020,Livingston,2,178,290,17013,62914,6,0.033707865168539325
8/14/2020,Livingston,0,178,223,17236,62914,6,0.033707865168539325
8/15/2020,Livingston,0,178,199,17435,62914,6,0.033707865168539325
8/16/2020,Livingston,0,178,105,17540,62914,6,0.033707865168539325
8/17/2020,Livingston,0,178,183,17723,62914,6,0.033707865168539325
8/18/2020,Livingston,0,178,160,17883,62914,6,0.033707865168539325
8/19/2020,Livingston,0,178,144,18027,62914,6,0.033707865168539325
8/20/2020,Livingston,0,178,424,18451,62914,6,0.033707865168539325
8/21/2020,Livingston,1,179,188,18639,62914,6,0.0335195530726257
8/22/2020,Livingston,1,180,255,18894,62914,6,0.03333333333333333
8/23/2020,Livingston,0,180,185,19079,62914,6,0.03333333333333333
8/24/2020,Livingston,1,181,133,19212,62914,6,0.03314917127071823
8/25/2020,Livingston,0,181,195,19407,62914,6,0.03314917127071823
8/26/2020,Livingston,0,181,167,19574,62914,6,0.03314917127071823
8/27/2020,Livingston,0,181,253,19827,62914,6,0.03314917127071823
8/28/2020,Livingston,1,182,238,20065,62914,6,0.03296703296703297
8/29/2020,Livingston,0,182,223,20288,62914,6,0.03296703296703297
8/30/2020,Livingston,1,183,94,20382,62914,6,0.03278688524590164
8/31/2020,Livingston,0,183,143,20525,62914,6,0.03278688524590164
9/1/2020,Livingston,1,184,141,20666,62914,6,0.03260869565217391
9/2/2020,Livingston,3,187,152,20818,62914,6,0.03208556149732621
9/3/2020,Livingston,1,188,146,20964,62914,6,0.031914893617021274
9/4/2020,Livingston,0,188,289,21253,62914,6,0.031914893617021274
9/5/2020,Livingston,1,189,200,21453,62914,6,0.031746031746031744
9/6/2020,Livingston,0,189,141,21594,62914,6,0.031746031746031744
9/7/2020,Livingston,0,189,78,21672,62914,6,0.031746031746031744
9/8/2020,Livingston,1,190,169,21841,62914,6,0.031578947368421054
9/9/2020,Livingston,0,190,102,21943,62914,6,0.031578947368421054
9/10/2020,Livingston,0,190,54,21997,62914,6,0.031578947368421054
9/11/2020,Livingston,4,194,177,22174,62914,6,0.030927835051546393
9/12/2020,Livingston,2,196,91,22265,62914,6,0.030612244897959183
9/13/2020,Livingston,0,196,178,22443,62914,6,0.030612244897959183
9/14/2020,Livingston,0,196,229,22672,62914,6,0.030612244897959183
9/15/2020,Livingston,1,197,270,22942,62914,6,0.030456852791878174
9/16/2020,Livingston,2,199,239,23181,62914,6,0.03015075376884422
9/17/2020,Livingston,2,201,450,23631,62914,6,0.029850746268656716
9/18/2020,Livingston,0,201,209,23840,62914,6,0.029850746268656716
9/19/2020,Livingston,0,201,418,24258,62914,6,0.029850746268656716
9/20/2020,Livingston,0,201,157,24415,62914,6,0.029850746268656716
9/21/2020,Livingston,1,202,376,24791,62914,6,0.0297029702970297
9/22/2020,Livingston,0,202,151,24942,62914,6,0.0297029702970297
9/23/2020,Livingston,3,205,227,25169,62914,6,0.02926829268292683
9/24/2020,Livingston,1,206,288,25457,62914,6,0.02912621359223301
9/25/2020,Livingston,1,207,203,25660,62914,6,0.028985507246376812
9/26/2020,Livingston,0,207,205,25865,62914,6,0.028985507246376812
9/27/2020,Livingston,0,207,158,26023,62914,6,0.028985507246376812
9/28/2020,Livingston,0,207,160,26183,62914,6,0.028985507246376812
9/29/2020,Livingston,1,208,598,26781,62914,6,0.028846153846153848
9/30/2020,Livingston,0,208,464,27245,62914,6,0.028846153846153848
10/1/2020,Livingston,1,209,357,27602,62914,6,0.028708133971291867
10/2/2020,Livingston,1,210,230,27832,62914,6,0.02857142857142857
10/3/2020,Livingston,1,211,181,28013,62914,6,0.02843601895734597
10/4/2020,Livingston,0,211,97,28110,62914,6,0.02843601895734597
10/5/2020,Livingston,1,212,305,28415,62914,6,0.02830188679245283
10/6/2020,Livingston,1,213,556,28971,62914,6,0.028169014084507043
10/7/2020,Livingston,3,216,196,29167,62914,6,0.027777777777777776
10/8/2020,Livingston,3,219,643,29810,62914,6,0.0273972602739726
10/9/2020,Livingston,0,219,218,30028,62914,6,0.0273972602739726
10/10/2020,Livingston,3,222,297,30325,62914,6,0.02702702702702703
10/11/2020,Livingston,3,225,223,30548,62914,6,0.02666666666666667
10/12/2020,Livingston,2,227,235,30783,62914,6,0.02643171806167401
10/13/2020,Livingston,0,227,453,31236,62914,6,0.02643171806167401
10/14/2020,Livingston,5,232,205,31441,62914,6,0.02586206896551724
10/15/2020,Livingston,2,234,218,31659,62914,6,0.02564102564102564
10/16/2020,Livingston,5,239,373,32032,62914,6,0.02510460251046025
10/17/2020,Livingston,0,239,170,32202,62914,6,0.02510460251046025
10/18/2020,Livingston,4,243,249,32451,62914,6,0.024691358024691357
10/19/2020,Livingston,7,250,315,32766,62914,6,0.024
10/20/2020,Livingston,6,256,174,32940,62914,6,0.0234375
10/21/2020,Livingston,5,261,569,33509,62914,6,0.022988505747126436
10/22/2020,Livingston,5,266,285,33794,62914,6,0.022556390977443608
10/23/2020,Livingston,6,272,343,34137,62914,6,0.022058823529411766
10/24/2020,Livingston,8,280,269,34406,62914,6,0.02142857142857143
10/25/2020,Livingston,18,298,237,34643,62914,6,0.020134228187919462
10/26/2020,Livingston,5,303,223,34866,62914,6,0.019801980198019802
10/27/2020,Livingston,2,305,175,35041,62914,6,0.019672131147540985
10/28/2020,Livingston,8,313,1042,36083,62914,6,0.019169329073482427
10/29/2020,Livingston,14,327,386,36469,62914,6,0.01834862385321101
10/30/2020,Livingston,5,332,330,36799,62914,6,0.018072289156626505
10/31/2020,Livingston,18,350,211,37010,62914,6,0.017142857142857144
11/1/2020,Livingston,6,356,267,37277,62914,6,0.016853932584269662
11/2/2020,Livingston,3,359,271,37548,62914,6,0.016713091922005572
11/3/2020,Livingston,9,368,647,38195,62914,6,0.016304347826086956
11/4/2020,Livingston,7,375,447,38642,62914,6,0.016
11/5/2020,Livingston,18,393,922,39564,62914,6,0.015267175572519083
11/6/2020,Livingston,9,402,999,40563,62914,6,0.014925373134328358
11/7/2020,Livingston,4,406,582,41145,62914,7,0.017241379310344827
11/8/2020,Livingston,2,408,109,41254,62914,7,0.01715686274509804
11/9/2020,Livingston,24,432,724,41978,62914,7,0.016203703703703703
11/10/2020,Livingston,11,443,693,42671,62914,7,0.01580135440180587
11/11/2020,Livingston,8,451,242,42913,62914,7,0.015521064301552107
11/12/2020,Livingston,15,466,613,43526,62914,7,0.015021459227467811
11/13/2020,Livingston,15,481,458,43984,62914,7,0.014553014553014554
11/14/2020,Livingston,7,488,187,44171,62914,7,0.014344262295081968
3/1/2020,Madison,0,0,0,0,70941,0,NaN
3/2/2020,Madison,0,0,0,0,70941,0,NaN
3/3/2020,Madison,0,0,0,0,70941,0,NaN
3/4/2020,Madison,0,0,0,0,70941,0,NaN
3/5/2020,Madison,0,0,0,0,70941,0,NaN
3/6/2020,Madison,0,0,0,0,70941,0,NaN
3/7/2020,Madison,0,0,0,0,70941,0,NaN
3/8/2020,Madison,0,0,0,0,70941,0,NaN
3/9/2020,Madison,0,0,0,0,70941,0,NaN
3/10/2020,Madison,0,0,0,0,70941,0,NaN
3/11/2020,Madison,0,0,0,0,70941,0,NaN
3/12/2020,Madison,0,0,0,0,70941,0,NaN
3/13/2020,Madison,0,0,1,1,70941,0,NaN
3/14/2020,Madison,0,0,1,2,70941,0,NaN
3/15/2020,Madison,0,0,1,3,70941,0,NaN
3/16/2020,Madison,0,0,1,4,70941,0,NaN
3/17/2020,Madison,0,0,0,4,70941,0,NaN
3/18/2020,Madison,0,0,7,11,70941,0,NaN
3/19/2020,Madison,0,0,4,15,70941,0,NaN
3/20/2020,Madison,0,0,9,24,70941,0,NaN
3/21/2020,Madison,1,1,9,33,70941,0,0
3/22/2020,Madison,3,4,14,47,70941,0,0
3/23/2020,Madison,1,5,10,57,70941,0,0
3/24/2020,Madison,2,7,15,72,70941,1,0.14285714285714285
3/25/2020,Madison,2,9,28,100,70941,1,0.1111111111111111
3/26/2020,Madison,8,17,23,123,70941,1,0.058823529411764705
3/27/2020,Madison,2,19,28,151,70941,1,0.05263157894736842
3/28/2020,Madison,5,24,34,185,70941,1,0.041666666666666664
3/29/2020,Madison,10,34,30,215,70941,1,0.029411764705882353
3/30/2020,Madison,7,41,39,254,70941,1,0.024390243902439025
3/31/2020,Madison,10,51,55,309,70941,2,0.0392156862745098
4/1/2020,Madison,9,60,67,376,70941,2,0.03333333333333333
4/2/2020,Madison,10,70,70,446,70941,2,0.02857142857142857
4/3/2020,Madison,4,74,20,466,70941,2,0.02702702702702703
4/4/2020,Madison,5,79,28,494,70941,2,0.02531645569620253
4/5/2020,Madison,3,82,13,507,70941,2,0.024390243902439025
4/6/2020,Madison,6,88,64,571,70941,2,0.022727272727272728
4/7/2020,Madison,2,90,43,614,70941,2,0.022222222222222223
4/8/2020,Madison,1,91,12,626,70941,2,0.02197802197802198
4/9/2020,Madison,8,99,54,680,70941,2,0.020202020202020204
4/10/2020,Madison,0,99,7,687,70941,2,0.020202020202020204
4/11/2020,Madison,2,101,9,696,70941,2,0.019801980198019802
4/12/2020,Madison,0,101,7,703,70941,2,0.019801980198019802
4/13/2020,Madison,3,104,50,753,70941,2,0.019230769230769232
4/14/2020,Madison,1,105,4,757,70941,2,0.01904761904761905
4/15/2020,Madison,0,105,7,764,70941,2,0.01904761904761905
4/16/2020,Madison,0,105,2,766,70941,2,0.01904761904761905
4/17/2020,Madison,0,105,6,772,70941,2,0.01904761904761905
4/18/2020,Madison,1,106,7,779,70941,2,0.018867924528301886
4/19/2020,Madison,0,106,4,783,70941,4,0.03773584905660377
4/20/2020,Madison,0,106,1,784,70941,4,0.03773584905660377
4/21/2020,Madison,0,106,3,787,70941,4,0.03773584905660377
4/22/2020,Madison,0,106,7,794,70941,5,0.04716981132075472
4/23/2020,Madison,0,106,4,798,70941,5,0.04716981132075472
4/24/2020,Madison,15,121,294,1092,70941,5,0.04132231404958678
4/25/2020,Madison,2,123,22,1114,70941,5,0.04065040650406504
4/26/2020,Madison,1,124,16,1130,70941,5,0.04032258064516129
4/27/2020,Madison,2,126,26,1156,70941,5,0.03968253968253968
4/28/2020,Madison,0,126,47,1203,70941,5,0.03968253968253968
4/29/2020,Madison,5,131,12,1215,70941,5,0.03816793893129771
4/30/2020,Madison,8,139,51,1266,70941,5,0.03597122302158273
5/1/2020,Madison,10,149,54,1320,70941,5,0.03355704697986577
5/2/2020,Madison,2,151,26,1346,70941,5,0.033112582781456956
5/3/2020,Madison,66,217,141,1487,70941,6,0.027649769585253458
5/4/2020,Madison,6,223,43,1530,70941,6,0.026905829596412557
5/5/2020,Madison,8,231,192,1722,70941,6,0.025974025974025976
5/6/2020,Madison,15,246,204,1926,70941,6,0.024390243902439025
5/7/2020,Madison,3,249,95,2021,70941,6,0.024096385542168676
5/8/2020,Madison,1,250,50,2071,70941,7,0.028
5/9/2020,Madison,1,251,37,2108,70941,7,0.027888446215139442
5/10/2020,Madison,0,251,23,2131,70941,7,0.027888446215139442
5/11/2020,Madison,0,251,17,2148,70941,7,0.027888446215139442
5/12/2020,Madison,2,253,79,2227,70941,7,0.02766798418972332
5/13/2020,Madison,2,255,61,2288,70941,7,0.027450980392156862
5/14/2020,Madison,1,256,30,2318,70941,7,0.02734375
5/15/2020,Madison,2,258,53,2371,70941,7,0.027131782945736434
5/16/2020,Madison,0,258,56,2427,70941,7,0.027131782945736434
5/17/2020,Madison,0,258,44,2471,70941,7,0.027131782945736434
5/18/2020,Madison,2,260,103,2574,70941,7,0.026923076923076925
5/19/2020,Madison,32,292,201,2775,70941,7,0.023972602739726026
5/20/2020,Madison,2,294,101,2876,70941,7,0.023809523809523808
5/21/2020,Madison,3,297,135,3011,70941,7,0.02356902356902357
5/22/2020,Madison,4,301,200,3211,70941,8,0.026578073089700997
5/23/2020,Madison,0,301,105,3316,70941,8,0.026578073089700997
5/24/2020,Madison,2,303,67,3383,70941,8,0.026402640264026403
5/25/2020,Madison,0,303,179,3562,70941,8,0.026402640264026403
5/26/2020,Madison,7,310,330,3892,70941,8,0.025806451612903226
5/27/2020,Madison,0,310,67,3959,70941,8,0.025806451612903226
5/28/2020,Madison,0,310,141,4100,70941,8,0.025806451612903226
5/29/2020,Madison,1,311,187,4287,70941,8,0.02572347266881029
5/30/2020,Madison,5,316,316,4603,70941,8,0.02531645569620253
5/31/2020,Madison,0,316,138,4741,70941,8,0.02531645569620253
6/1/2020,Madison,1,317,98,4839,70941,8,0.025236593059936908
6/2/2020,Madison,2,319,222,5061,70941,8,0.025078369905956112
6/3/2020,Madison,0,319,242,5303,70941,8,0.025078369905956112
6/4/2020,Madison,4,323,279,5582,70941,8,0.02476780185758514
6/5/2020,Madison,2,325,336,5918,70941,8,0.024615384615384615
6/6/2020,Madison,2,327,123,6041,70941,9,0.027522935779816515
6/7/2020,Madison,0,327,148,6189,70941,9,0.027522935779816515
6/8/2020,Madison,4,331,157,6346,70941,9,0.027190332326283987
6/9/2020,Madison,0,331,418,6764,70941,9,0.027190332326283987
6/10/2020,Madison,2,333,234,6998,70941,9,0.02702702702702703
6/11/2020,Madison,0,333,184,7182,70941,9,0.02702702702702703
6/12/2020,Madison,0,333,121,7303,70941,9,0.02702702702702703
6/13/2020,Madison,1,334,297,7600,70941,9,0.02694610778443114
6/14/2020,Madison,1,335,78,7678,70941,9,0.026865671641791045
6/15/2020,Madison,1,336,191,7869,70941,9,0.026785714285714284
6/16/2020,Madison,2,338,104,7973,70941,9,0.026627218934911243
6/17/2020,Madison,3,341,186,8159,70941,9,0.026392961876832845
6/18/2020,Madison,1,342,253,8412,70941,9,0.02631578947368421
6/19/2020,Madison,1,343,242,8654,70941,9,0.026239067055393587
6/20/2020,Madison,2,345,137,8791,70941,9,0.02608695652173913
6/21/2020,Madison,2,347,126,8917,70941,9,0.025936599423631124
6/22/2020,Madison,0,347,204,9121,70941,9,0.025936599423631124
6/23/2020,Madison,0,347,194,9315,70941,9,0.025936599423631124
6/24/2020,Madison,2,349,174,9489,70941,9,0.025787965616045846
6/25/2020,Madison,2,351,278,9767,70941,9,0.02564102564102564
6/26/2020,Madison,0,351,229,9996,70941,9,0.02564102564102564
6/27/2020,Madison,1,352,90,10086,70941,9,0.02556818181818182
6/28/2020,Madison,1,353,130,10216,70941,9,0.025495750708215296
6/29/2020,Madison,4,357,123,10339,70941,9,0.025210084033613446
6/30/2020,Madison,0,357,233,10572,70941,9,0.025210084033613446
7/1/2020,Madison,2,359,188,10760,70941,9,0.025069637883008356
7/2/2020,Madison,1,360,148,10908,70941,9,0.025
7/3/2020,Madison,3,363,182,11090,70941,9,0.024793388429752067
7/4/2020,Madison,0,363,111,11201,70941,9,0.024793388429752067
7/5/2020,Madison,1,364,96,11297,70941,9,0.024725274725274724
7/6/2020,Madison,3,367,255,11552,70941,9,0.02452316076294278
7/7/2020,Madison,1,368,307,11859,70941,9,0.024456521739130436
7/8/2020,Madison,0,368,189,12048,70941,9,0.024456521739130436
7/9/2020,Madison,3,371,144,12192,70941,9,0.02425876010781671
7/10/2020,Madison,3,374,159,12351,70941,9,0.02406417112299465
7/11/2020,Madison,0,374,121,12472,70941,9,0.02406417112299465
7/12/2020,Madison,1,375,331,12803,70941,9,0.024
7/13/2020,Madison,1,376,214,13017,70941,9,0.023936170212765957
7/14/2020,Madison,0,376,255,13272,70941,9,0.023936170212765957
7/15/2020,Madison,1,377,221,13493,70941,9,0.023872679045092837
7/16/2020,Madison,2,379,206,13699,70941,9,0.023746701846965697
7/17/2020,Madison,3,382,256,13955,70941,9,0.02356020942408377
7/18/2020,Madison,1,383,70,14025,70941,9,0.02349869451697128
7/19/2020,Madison,1,384,186,14211,70941,9,0.0234375
7/20/2020,Madison,3,387,197,14408,70941,9,0.023255813953488372
7/21/2020,Madison,1,388,286,14694,70941,9,0.023195876288659795
7/22/2020,Madison,0,388,163,14857,70941,9,0.023195876288659795
7/23/2020,Madison,2,390,406,15263,70941,9,0.023076923076923078
7/24/2020,Madison,0,390,152,15415,70941,9,0.023076923076923078
7/25/2020,Madison,0,390,185,15600,70941,9,0.023076923076923078
7/26/2020,Madison,0,390,120,15720,70941,9,0.023076923076923078
7/27/2020,Madison,1,391,156,15876,70941,9,0.023017902813299233
7/28/2020,Madison,2,393,304,16180,70941,9,0.022900763358778626
7/29/2020,Madison,3,396,162,16342,70941,9,0.022727272727272728
7/30/2020,Madison,2,398,250,16592,70941,9,0.022613065326633167
7/31/2020,Madison,1,399,187,16779,70941,9,0.022556390977443608
8/1/2020,Madison,1,400,142,16921,70941,9,0.0225
8/2/2020,Madison,1,401,80,17001,70941,9,0.022443890274314215
8/3/2020,Madison,4,405,282,17283,70941,9,0.022222222222222223
8/4/2020,Madison,1,406,202,17485,70941,9,0.022167487684729065
8/5/2020,Madison,3,409,238,17723,70941,9,0.022004889975550123
8/6/2020,Madison,3,412,374,18097,70941,9,0.021844660194174758
8/7/2020,Madison,0,412,122,18219,70941,9,0.021844660194174758
8/8/2020,Madison,0,412,107,18326,70941,9,0.021844660194174758
8/9/2020,Madison,0,412,78,18404,70941,9,0.021844660194174758
8/10/2020,Madison,1,413,462,18866,70941,9,0.021791767554479417
8/11/2020,Madison,1,414,323,19189,70941,9,0.021739130434782608
8/12/2020,Madison,3,417,125,19314,70941,9,0.02158273381294964
8/13/2020,Madison,2,419,340,19654,70941,9,0.021479713603818614
8/14/2020,Madison,2,421,268,19922,70941,9,0.021377672209026127
8/15/2020,Madison,0,421,149,20071,70941,9,0.021377672209026127
8/16/2020,Madison,0,421,147,20218,70941,9,0.021377672209026127
8/17/2020,Madison,2,423,302,20520,70941,9,0.02127659574468085
8/18/2020,Madison,1,424,256,20776,70941,9,0.02122641509433962
8/19/2020,Madison,0,424,228,21004,70941,9,0.02122641509433962
8/20/2020,Madison,7,431,1008,22012,70941,9,0.02088167053364269
8/21/2020,Madison,1,432,473,22485,70941,9,0.020833333333333332
8/22/2020,Madison,0,432,111,22596,70941,9,0.020833333333333332
8/23/2020,Madison,0,432,140,22736,70941,9,0.020833333333333332
8/24/2020,Madison,2,434,468,23204,70941,9,0.020737327188940093
8/25/2020,Madison,1,435,236,23440,70941,9,0.020689655172413793
8/26/2020,Madison,4,439,546,23986,70941,9,0.02050113895216401
8/27/2020,Madison,17,456,1671,25657,70941,9,0.019736842105263157
8/28/2020,Madison,3,459,993,26650,70941,9,0.0196078431372549
8/29/2020,Madison,2,461,197,26847,70941,9,0.019522776572668113
8/30/2020,Madison,0,461,247,27094,70941,9,0.019522776572668113
8/31/2020,Madison,0,461,272,27366,70941,9,0.019522776572668113
9/1/2020,Madison,0,461,206,27572,70941,9,0.019522776572668113
9/2/2020,Madison,6,467,1767,29339,70941,9,0.019271948608137045
9/3/2020,Madison,7,474,1108,30447,70941,9,0.0189873417721519
9/4/2020,Madison,0,474,295,30742,70941,9,0.0189873417721519
9/5/2020,Madison,0,474,255,30997,70941,9,0.0189873417721519
9/6/2020,Madison,1,475,77,31074,70941,9,0.018947368421052633
9/7/2020,Madison,0,475,149,31223,70941,9,0.018947368421052633
9/8/2020,Madison,0,475,304,31527,70941,9,0.018947368421052633
9/9/2020,Madison,0,475,97,31624,70941,9,0.018947368421052633
9/10/2020,Madison,1,476,362,31986,70941,9,0.018907563025210083
9/11/2020,Madison,2,478,341,32327,70941,9,0.01882845188284519
9/12/2020,Madison,0,478,260,32587,70941,9,0.01882845188284519
9/13/2020,Madison,0,478,94,32681,70941,9,0.01882845188284519
9/14/2020,Madison,2,480,126,32807,70941,9,0.01875
9/15/2020,Madison,0,480,362,33169,70941,9,0.01875
9/16/2020,Madison,0,480,164,33333,70941,9,0.01875
9/17/2020,Madison,4,484,318,33651,70941,9,0.01859504132231405
9/18/2020,Madison,2,486,284,33935,70941,9,0.018518518518518517
9/19/2020,Madison,1,487,301,34236,70941,9,0.018480492813141684
9/20/2020,Madison,1,488,110,34346,70941,9,0.018442622950819672
9/21/2020,Madison,1,489,124,34470,70941,9,0.018404907975460124
9/22/2020,Madison,0,489,389,34859,70941,9,0.018404907975460124
9/23/2020,Madison,3,492,375,35234,70941,9,0.018292682926829267
9/24/2020,Madison,0,492,251,35485,70941,9,0.018292682926829267
9/25/2020,Madison,1,493,386,35871,70941,9,0.018255578093306288
9/26/2020,Madison,0,493,198,36069,70941,9,0.018255578093306288
9/27/2020,Madison,0,493,155,36224,70941,9,0.018255578093306288
9/28/2020,Madison,4,497,288,36512,70941,9,0.018108651911468814
9/29/2020,Madison,0,497,484,36996,70941,9,0.018108651911468814
9/30/2020,Madison,1,498,370,37366,70941,9,0.018072289156626505
10/1/2020,Madison,3,501,367,37733,70941,9,0.017964071856287425
10/2/2020,Madison,2,503,476,38209,70941,9,0.017892644135188866
10/3/2020,Madison,0,503,140,38349,70941,9,0.017892644135188866
10/4/2020,Madison,0,503,94,38443,70941,9,0.017892644135188866
10/5/2020,Madison,2,505,241,38684,70941,9,0.01782178217821782
10/6/2020,Madison,0,505,469,39153,70941,9,0.01782178217821782
10/7/2020,Madison,0,505,448,39601,70941,9,0.01782178217821782
10/8/2020,Madison,4,509,523,40124,70941,9,0.01768172888015717
10/9/2020,Madison,0,509,377,40501,70941,9,0.01768172888015717
10/10/2020,Madison,2,511,211,40712,70941,9,0.01761252446183953
10/11/2020,Madison,0,511,134,40846,70941,9,0.01761252446183953
10/12/2020,Madison,4,515,376,41222,70941,9,0.017475728155339806
10/13/2020,Madison,2,517,297,41519,70941,9,0.017408123791102514
10/14/2020,Madison,4,521,638,42157,70941,9,0.01727447216890595
10/15/2020,Madison,7,528,396,42553,70941,9,0.017045454545454544
10/16/2020,Madison,3,531,520,43073,70941,9,0.01694915254237288
10/17/2020,Madison,2,533,211,43284,70941,9,0.016885553470919325
10/18/2020,Madison,3,536,123,43407,70941,9,0.016791044776119403
10/19/2020,Madison,1,537,421,43828,70941,9,0.01675977653631285
10/20/2020,Madison,4,541,691,44519,70941,9,0.0166358595194085
10/21/2020,Madison,4,545,512,45031,70941,9,0.01651376146788991
10/22/2020,Madison,7,552,552,45583,70941,9,0.016304347826086956
10/23/2020,Madison,5,557,472,46055,70941,9,0.01615798922800718
10/24/2020,Madison,2,559,212,46267,70941,9,0.016100178890876567
10/25/2020,Madison,0,559,99,46366,70941,9,0.016100178890876567
10/26/2020,Madison,4,563,279,46645,70941,9,0.015985790408525755
10/27/2020,Madison,2,565,444,47089,70941,9,0.01592920353982301
10/28/2020,Madison,5,570,351,47440,70941,9,0.015789473684210527
10/29/2020,Madison,7,577,531,47971,70941,9,0.01559792027729636
10/30/2020,Madison,7,584,521,48492,70941,9,0.015410958904109588
10/31/2020,Madison,9,593,241,48733,70941,9,0.01517706576728499
11/1/2020,Madison,4,597,176,48909,70941,9,0.01507537688442211
11/2/2020,Madison,4,601,314,49223,70941,9,0.014975041597337771
11/3/2020,Madison,8,609,302,49525,70941,9,0.014778325123152709
11/4/2020,Madison,7,616,722,50247,70941,9,0.01461038961038961
11/5/2020,Madison,11,627,573,50820,70941,9,0.014354066985645933
11/6/2020,Madison,16,643,515,51335,70941,9,0.013996889580093312
11/7/2020,Madison,9,652,287,51622,70941,9,0.013803680981595092
11/8/2020,Madison,6,658,209,51831,70941,9,0.013677811550151976
11/9/2020,Madison,8,666,334,52165,70941,9,0.013513513513513514
11/10/2020,Madison,6,672,798,52963,70941,9,0.013392857142857142
11/11/2020,Madison,12,684,1399,54362,70941,9,0.013157894736842105
11/12/2020,Madison,12,696,569,54931,70941,9,0.01293103448275862
11/13/2020,Madison,13,709,517,55448,70941,9,0.012693935119887164
11/14/2020,Madison,9,718,194,55642,70941,9,0.012534818941504178
3/1/2020,Monroe,0,0,0,0,741770,0,NaN
3/2/2020,Monroe,0,0,0,0,741770,0,NaN
3/3/2020,Monroe,0,0,0,0,741770,0,NaN
3/4/2020,Monroe,0,0,0,0,741770,0,NaN
3/5/2020,Monroe,0,0,0,0,741770,0,NaN
3/6/2020,Monroe,0,0,0,0,741770,0,NaN
3/7/2020,Monroe,0,0,2,2,741770,0,NaN
3/8/2020,Monroe,0,0,1,3,741770,0,NaN
3/9/2020,Monroe,0,0,0,3,741770,0,NaN
3/10/2020,Monroe,0,0,0,3,741770,0,NaN
3/11/2020,Monroe,0,0,0,3,741770,0,NaN
3/12/2020,Monroe,1,1,10,13,741770,0,0
3/13/2020,Monroe,1,2,4,17,741770,0,0
3/14/2020,Monroe,0,2,2,19,741770,0,0
3/15/2020,Monroe,7,9,39,58,741770,0,0
3/16/2020,Monroe,1,10,29,87,741770,0,0
3/17/2020,Monroe,4,14,75,162,741770,1,0.07142857142857142
3/18/2020,Monroe,13,27,153,315,741770,1,0.037037037037037035
3/19/2020,Monroe,5,32,193,508,741770,1,0.03125
3/20/2020,Monroe,10,42,148,656,741770,1,0.023809523809523808
3/21/2020,Monroe,15,57,246,902,741770,1,0.017543859649122806
3/22/2020,Monroe,19,76,416,1318,741770,1,0.013157894736842105
3/23/2020,Monroe,20,96,219,1537,741770,2,0.020833333333333332
3/24/2020,Monroe,22,118,172,1709,741770,3,0.025423728813559324
3/25/2020,Monroe,21,139,255,1964,741770,3,0.02158273381294964
3/26/2020,Monroe,21,160,232,2196,741770,3,0.01875
3/27/2020,Monroe,32,192,253,2449,741770,3,0.015625
3/28/2020,Monroe,27,219,282,2731,741770,5,0.0228310502283105
3/29/2020,Monroe,23,242,129,2860,741770,5,0.02066115702479339
3/30/2020,Monroe,50,292,383,3243,741770,8,0.0273972602739726
3/31/2020,Monroe,57,349,356,3599,741770,9,0.025787965616045846
4/1/2020,Monroe,71,420,381,3980,741770,9,0.02142857142857143
4/2/2020,Monroe,44,464,336,4316,741770,10,0.021551724137931036
4/3/2020,Monroe,48,512,328,4644,741770,14,0.02734375
4/4/2020,Monroe,36,548,277,4921,741770,17,0.03102189781021898
4/5/2020,Monroe,26,574,225,5146,741770,17,0.029616724738675958
4/6/2020,Monroe,22,596,305,5451,741770,23,0.03859060402684564
4/7/2020,Monroe,55,651,420,5871,741770,25,0.03840245775729647
4/8/2020,Monroe,47,698,382,6253,741770,25,0.03581661891117478
4/9/2020,Monroe,44,742,380,6633,741770,31,0.04177897574123989
4/10/2020,Monroe,25,767,284,6917,741770,31,0.04041720990873533
4/11/2020,Monroe,31,798,220,7137,741770,39,0.04887218045112782
4/12/2020,Monroe,25,823,157,7294,741770,39,0.04738760631834751
4/13/2020,Monroe,27,850,304,7598,741770,40,0.047058823529411764
4/14/2020,Monroe,34,884,353,7951,741770,43,0.048642533936651584
4/15/2020,Monroe,48,932,259,8210,741770,43,0.046137339055793994
4/16/2020,Monroe,43,975,296,8506,741770,44,0.04512820512820513
4/17/2020,Monroe,33,1008,260,8766,741770,44,0.04365079365079365
4/18/2020,Monroe,24,1032,202,8968,741770,44,0.04263565891472868
4/19/2020,Monroe,22,1054,188,9156,741770,56,0.05313092979127135
4/20/2020,Monroe,16,1070,229,9385,741770,60,0.056074766355140186
4/21/2020,Monroe,42,1112,409,9794,741770,63,0.05665467625899281
4/22/2020,Monroe,40,1152,500,10294,741770,65,0.05642361111111111
4/23/2020,Monroe,47,1199,470,10764,741770,68,0.0567139282735613
4/24/2020,Monroe,86,1285,1134,11898,741770,73,0.05680933852140078
4/25/2020,Monroe,31,1316,341,12239,741770,73,0.05547112462006079
4/26/2020,Monroe,15,1331,234,12473,741770,76,0.05709992486851991
4/27/2020,Monroe,40,1371,543,13016,741770,79,0.05762217359591539
4/28/2020,Monroe,33,1404,530,13546,741770,81,0.057692307692307696
4/29/2020,Monroe,37,1441,469,14015,741770,83,0.05759888965995836
4/30/2020,Monroe,37,1478,579,14594,741770,84,0.056833558863328824
5/1/2020,Monroe,56,1534,520,15114,741770,84,0.054758800521512385
5/2/2020,Monroe,32,1566,571,15685,741770,87,0.05555555555555555
5/3/2020,Monroe,29,1595,914,16599,741770,87,0.05454545454545454
5/4/2020,Monroe,28,1623,721,17320,741770,88,0.054220579174368455
5/5/2020,Monroe,32,1655,842,18162,741770,92,0.05558912386706949
5/6/2020,Monroe,33,1688,1088,19250,741770,121,0.07168246445497631
5/7/2020,Monroe,47,1735,1042,20292,741770,126,0.07262247838616714
5/8/2020,Monroe,40,1775,1114,21406,741770,127,0.07154929577464789
5/9/2020,Monroe,46,1821,1148,22554,741770,130,0.071389346512905
5/10/2020,Monroe,29,1850,864,23418,741770,134,0.07243243243243243
5/11/2020,Monroe,40,1890,797,24215,741770,140,0.07407407407407407
5/12/2020,Monroe,69,1959,1423,25638,741770,142,0.07248596222562532
5/13/2020,Monroe,60,2019,1401,27039,741770,142,0.0703318474492323
5/14/2020,Monroe,72,2091,1332,28371,741770,144,0.06886657101865136
5/15/2020,Monroe,101,2192,1427,29798,741770,145,0.06614963503649635
5/16/2020,Monroe,66,2258,1508,31306,741770,154,0.06820194862710363
5/17/2020,Monroe,45,2303,1324,32630,741770,154,0.0668693009118541
5/18/2020,Monroe,73,2376,1304,33934,741770,158,0.0664983164983165
5/19/2020,Monroe,89,2465,2033,35967,741770,160,0.06490872210953347
5/20/2020,Monroe,65,2530,1852,37819,741770,162,0.06403162055335969
5/21/2020,Monroe,71,2601,2061,39880,741770,166,0.06382160707420223
5/22/2020,Monroe,60,2661,1198,41078,741770,169,0.06350995866215708
5/23/2020,Monroe,36,2697,846,41924,741770,172,0.06377456433073786
5/24/2020,Monroe,36,2733,1729,43653,741770,178,0.06512989388949872
5/25/2020,Monroe,29,2762,1595,45248,741770,185,0.0669804489500362
5/26/2020,Monroe,29,2791,1297,46545,741770,186,0.06664278036546041
5/27/2020,Monroe,33,2824,1632,48177,741770,193,0.068342776203966
5/28/2020,Monroe,36,2860,1127,49304,741770,195,0.06818181818181818
5/29/2020,Monroe,49,2909,1322,50626,741770,198,0.06806462701959436
5/30/2020,Monroe,33,2942,2828,53454,741770,198,0.06730115567641061
5/31/2020,Monroe,22,2964,1994,55448,741770,198,0.06680161943319839
6/1/2020,Monroe,25,2989,2340,57788,741770,204,0.06825025092004015
6/2/2020,Monroe,59,3048,3979,61767,741770,209,0.06856955380577427
6/3/2020,Monroe,33,3081,2854,64621,741770,211,0.06848425835767608
6/4/2020,Monroe,36,3117,2438,67059,741770,214,0.06865575874238049
6/5/2020,Monroe,50,3167,4685,71744,741770,216,0.06820334701610357
6/6/2020,Monroe,23,3190,3231,74975,741770,217,0.06802507836990596
6/7/2020,Monroe,13,3203,2881,77856,741770,218,0.06806119263190759
6/8/2020,Monroe,40,3243,3245,81101,741770,218,0.06722170829478878
6/9/2020,Monroe,12,3255,2985,84086,741770,218,0.06697388632872504
6/10/2020,Monroe,38,3293,2680,86766,741770,222,0.06741573033707865
6/11/2020,Monroe,27,3320,3200,89966,741770,225,0.0677710843373494
6/12/2020,Monroe,20,3340,2748,92714,741770,227,0.06796407185628743
6/13/2020,Monroe,30,3370,3306,96020,741770,228,0.06765578635014836
6/14/2020,Monroe,10,3380,2541,98561,741770,229,0.06775147928994082
6/15/2020,Monroe,22,3402,2556,101117,741770,230,0.06760728982951206
6/16/2020,Monroe,16,3418,2668,103785,741770,231,0.06758338209479228
6/17/2020,Monroe,21,3439,1704,105489,741770,231,0.06717068915382379
6/18/2020,Monroe,22,3461,1725,107214,741770,232,0.06703264952325917
6/19/2020,Monroe,26,3487,2028,109242,741770,233,0.06681961571551477
6/20/2020,Monroe,11,3498,2118,111360,741770,236,0.06746712407089765
6/21/2020,Monroe,14,3512,1708,113068,741770,238,0.06776765375854214
6/22/2020,Monroe,28,3540,2314,115382,741770,239,0.06751412429378531
6/23/2020,Monroe,27,3567,1882,117264,741770,239,0.06700308382394168
6/24/2020,Monroe,35,3602,2174,119438,741770,240,0.06662965019433648
6/25/2020,Monroe,39,3641,2194,121632,741770,241,0.06619060697610546
6/26/2020,Monroe,35,3676,2250,123882,741770,241,0.06556039173014146
6/27/2020,Monroe,14,3690,2107,125989,741770,243,0.06585365853658537
6/28/2020,Monroe,19,3709,2132,128121,741770,244,0.06578592612564034
6/29/2020,Monroe,33,3742,2744,130865,741770,244,0.06520577231427044
6/30/2020,Monroe,38,3780,2184,133049,741770,244,0.06455026455026455
7/1/2020,Monroe,53,3833,2715,135764,741770,245,0.06391860161753196
7/2/2020,Monroe,52,3885,2605,138369,741770,245,0.06306306306306306
7/3/2020,Monroe,37,3922,4769,143138,741770,245,0.062468128505864355
7/4/2020,Monroe,31,3953,2830,145968,741770,245,0.06197824437136352
7/5/2020,Monroe,21,3974,1765,147733,741770,245,0.061650729743331655
7/6/2020,Monroe,30,4004,2481,150214,741770,245,0.06118881118881119
7/7/2020,Monroe,42,4046,2511,152725,741770,245,0.06055363321799308
7/8/2020,Monroe,28,4074,2744,155469,741770,245,0.06013745704467354
7/9/2020,Monroe,46,4120,2501,157970,741770,246,0.05970873786407767
7/10/2020,Monroe,33,4153,2660,160630,741770,246,0.05923428846616904
7/11/2020,Monroe,24,4177,2666,163296,741770,246,0.05889394302130716
7/12/2020,Monroe,23,4200,2037,165333,741770,247,0.05880952380952381
7/13/2020,Monroe,47,4247,3260,168593,741770,248,0.058394160583941604
7/14/2020,Monroe,34,4281,2854,171447,741770,248,0.057930390095772014
7/15/2020,Monroe,36,4317,3270,174717,741770,248,0.05744730136668983
7/16/2020,Monroe,36,4353,3172,177889,741770,248,0.05697220307833678
7/17/2020,Monroe,30,4383,3061,180950,741770,248,0.05658224960073009
7/18/2020,Monroe,18,4401,1762,182712,741770,248,0.056350829356964324
7/19/2020,Monroe,21,4422,2383,185095,741770,249,0.056309362279511534
7/20/2020,Monroe,30,4452,3247,188342,741770,249,0.05592991913746631
7/21/2020,Monroe,40,4492,2772,191114,741770,249,0.05543187889581478
7/22/2020,Monroe,19,4511,2471,193585,741770,250,0.055420084238528046
7/23/2020,Monroe,26,4537,3625,197210,741770,250,0.05510249063257659
7/24/2020,Monroe,32,4569,2654,199864,741770,250,0.05471656817684395
7/25/2020,Monroe,22,4591,2611,202475,741770,250,0.05445436724025267
7/26/2020,Monroe,29,4620,2887,205362,741770,250,0.05411255411255411
7/27/2020,Monroe,12,4632,3058,208420,741770,250,0.05397236614853195
7/28/2020,Monroe,24,4656,3644,212064,741770,250,0.05369415807560137
7/29/2020,Monroe,21,4677,2914,214978,741770,250,0.053453068206115034
7/30/2020,Monroe,33,4710,3785,218763,741770,250,0.05307855626326964
7/31/2020,Monroe,32,4742,2971,221734,741770,250,0.052720371151412905
8/1/2020,Monroe,26,4768,2679,224413,741770,250,0.05243288590604027
8/2/2020,Monroe,22,4790,2384,226797,741770,252,0.05260960334029228
8/3/2020,Monroe,31,4821,2308,229105,741770,252,0.0522713130056005
8/4/2020,Monroe,20,4841,3199,232304,741770,253,0.052261929353439374
8/5/2020,Monroe,27,4868,3627,235931,741770,253,0.051972062448644205
8/6/2020,Monroe,33,4901,3410,239341,741770,254,0.051826157926953685
8/7/2020,Monroe,21,4922,2608,241949,741770,254,0.05160503860219423
8/8/2020,Monroe,34,4956,3016,244965,741770,254,0.05125100887812752
8/9/2020,Monroe,20,4976,2581,247546,741770,254,0.05104501607717042
8/10/2020,Monroe,26,5002,3833,251379,741770,254,0.0507796881247501
8/11/2020,Monroe,33,5035,4321,255700,741770,255,0.0506454816285998
8/12/2020,Monroe,44,5079,5806,261506,741770,255,0.05020673360897814
8/13/2020,Monroe,43,5122,4457,265963,741770,255,0.04978524014057009
8/14/2020,Monroe,21,5143,4144,270107,741770,255,0.0495819560567762
8/15/2020,Monroe,22,5165,3599,273706,741770,255,0.049370764762826716
8/16/2020,Monroe,18,5183,2882,276588,741770,255,0.04919930542157052
8/17/2020,Monroe,30,5213,3645,280233,741770,255,0.048916171110684824
8/18/2020,Monroe,28,5241,3503,283736,741770,255,0.048654836863194044
8/19/2020,Monroe,15,5256,2807,286543,741770,255,0.048515981735159815
8/20/2020,Monroe,17,5273,4549,291092,741770,255,0.04835956760857197
8/21/2020,Monroe,24,5297,3649,294741,741770,255,0.04814045686237493
8/22/2020,Monroe,20,5317,3748,298489,741770,255,0.04795937558773745
8/23/2020,Monroe,13,5330,3752,302241,741770,255,0.04784240150093809
8/24/2020,Monroe,18,5348,2776,305017,741770,255,0.04768137621540763
8/25/2020,Monroe,16,5364,3000,308017,741770,255,0.04753914988814318
8/26/2020,Monroe,21,5385,2660,310677,741770,255,0.04735376044568245
8/27/2020,Monroe,13,5398,3205,313882,741770,256,0.047424972211930344
8/28/2020,Monroe,24,5422,3274,317156,741770,256,0.047215049797122835
8/29/2020,Monroe,21,5443,3244,320400,741770,256,0.047032886275950765
8/30/2020,Monroe,9,5452,2301,322701,741770,257,0.04713866471019809
8/31/2020,Monroe,10,5462,2325,325026,741770,257,0.0470523617722446
9/1/2020,Monroe,6,5468,2483,327509,741770,257,0.04700073152889539
9/2/2020,Monroe,34,5502,3345,330854,741770,257,0.04671028716830244
9/3/2020,Monroe,27,5529,3118,333972,741770,258,0.04666304937601736
9/4/2020,Monroe,22,5551,3310,337282,741770,258,0.04647811205188254
9/5/2020,Monroe,21,5572,3245,340527,741770,258,0.04630294328786791
9/6/2020,Monroe,13,5585,2535,343062,741770,258,0.04619516562220233
9/7/2020,Monroe,17,5602,2068,345130,741770,258,0.04605498036415566
9/8/2020,Monroe,13,5615,2543,347673,741770,258,0.04594835262689225
9/9/2020,Monroe,33,5648,2860,350533,741770,258,0.04567988668555241
9/10/2020,Monroe,28,5676,1976,352509,741770,258,0.045454545454545456
9/11/2020,Monroe,36,5712,3722,356231,741770,258,0.045168067226890755
9/12/2020,Monroe,15,5727,2553,358784,741770,258,0.045049764274489264
9/13/2020,Monroe,37,5764,3760,362544,741770,258,0.04476058292852186
9/14/2020,Monroe,29,5793,2933,365477,741770,258,0.044536509580528225
9/15/2020,Monroe,16,5809,2678,368155,741770,258,0.04441384059218454
9/16/2020,Monroe,30,5839,3927,372082,741770,259,0.04435691042986813
9/17/2020,Monroe,18,5857,3330,375412,741770,259,0.04422059074611576
9/18/2020,Monroe,19,5876,4380,379792,741770,259,0.04407760381211709
9/19/2020,Monroe,18,5894,3621,383413,741770,259,0.043942992874109264
9/20/2020,Monroe,17,5911,1855,385268,741770,259,0.04381661309423109
9/21/2020,Monroe,14,5925,3498,388766,741770,259,0.04371308016877637
9/22/2020,Monroe,15,5940,2959,391725,741770,259,0.0436026936026936
9/23/2020,Monroe,30,5970,3426,395151,741770,259,0.04338358458961474
9/24/2020,Monroe,15,5985,3473,398624,741770,259,0.04327485380116959
9/25/2020,Monroe,17,6002,4000,402624,741770,259,0.043152282572475845
9/26/2020,Monroe,24,6026,3194,405818,741770,259,0.042980418187852636
9/27/2020,Monroe,19,6045,2246,408064,741770,259,0.04284532671629446
9/28/2020,Monroe,29,6074,2901,410965,741770,260,0.04280540006585446
9/29/2020,Monroe,11,6085,4323,415288,741770,260,0.04272801972062449
9/30/2020,Monroe,36,6121,4670,419958,741770,260,0.04247671949027937
10/1/2020,Monroe,39,6160,3116,423074,741770,260,0.04220779220779221
10/2/2020,Monroe,26,6186,3983,427057,741770,260,0.04203039120594892
10/3/2020,Monroe,20,6206,2865,429922,741770,260,0.04189494038027715
10/4/2020,Monroe,14,6220,1451,431373,741770,260,0.04180064308681672
10/5/2020,Monroe,28,6248,4277,435650,741770,260,0.041613316261203584
10/6/2020,Monroe,18,6266,4216,439866,741770,260,0.04149377593360996
10/7/2020,Monroe,50,6316,3366,443232,741770,260,0.04116529449018366
10/8/2020,Monroe,33,6349,4287,447519,741770,260,0.04095133091825484
10/9/2020,Monroe,38,6387,4004,451523,741770,260,0.0407076874902145
10/10/2020,Monroe,34,6421,4015,455538,741770,260,0.04049213518143591
10/11/2020,Monroe,32,6453,3867,459405,741770,260,0.04029133736246707
10/12/2020,Monroe,37,6490,3713,463118,741770,260,0.040061633281972264
10/13/2020,Monroe,26,6516,4189,467307,741770,260,0.03990178023327195
10/14/2020,Monroe,56,6572,3748,471055,741770,260,0.03956177723676202
10/15/2020,Monroe,56,6628,3526,474581,741770,260,0.03922751961375981
10/16/2020,Monroe,43,6671,4877,479458,741770,260,0.038974666466796586
10/17/2020,Monroe,36,6707,3486,482944,741770,260,0.03876546891307589
10/18/2020,Monroe,37,6744,2606,485550,741770,260,0.03855278766310795
10/19/2020,Monroe,54,6798,4109,489659,741770,260,0.03824654310091203
10/20/2020,Monroe,52,6850,3269,492928,741770,260,0.03795620437956204
10/21/2020,Monroe,67,6917,4833,497761,741770,260,0.03758854994940003
10/22/2020,Monroe,75,6992,4453,502214,741770,261,0.03732837528604119
10/23/2020,Monroe,78,7070,4901,507115,741770,261,0.03691654879773692
10/24/2020,Monroe,41,7111,3243,510358,741770,261,0.03670369849528899
10/25/2020,Monroe,63,7174,3703,514061,741770,261,0.03638137719542794
10/26/2020,Monroe,82,7256,4344,518405,741770,261,0.03597023153252481
10/27/2020,Monroe,56,7312,3602,522007,741770,261,0.03569474835886215
10/28/2020,Monroe,74,7386,5031,527038,741770,261,0.035337124289195776
10/29/2020,Monroe,107,7493,4413,531451,741770,261,0.03483251034298679
10/30/2020,Monroe,103,7596,4792,536243,741770,261,0.034360189573459717
10/31/2020,Monroe,109,7705,4919,541162,741770,261,0.033874107722258275
11/1/2020,Monroe,112,7817,4323,545485,741770,261,0.033388768069591915
11/2/2020,Monroe,106,7923,4952,550437,741770,261,0.03294206739871261
11/3/2020,Monroe,102,8025,3012,553449,741770,261,0.03252336448598131
11/4/2020,Monroe,212,8237,4713,558162,741770,261,0.031686293553478205
11/5/2020,Monroe,161,8398,4536,562698,741770,262,0.031197904262919744
11/6/2020,Monroe,218,8616,5755,568453,741770,262,0.03040854224698236
11/7/2020,Monroe,208,8824,5635,574088,741770,262,0.029691749773345422
11/8/2020,Monroe,133,8957,2764,576852,741770,262,0.02925086524505973
11/9/2020,Monroe,284,9241,6957,583809,741770,262,0.028351909966453846
11/10/2020,Monroe,273,9514,5036,588845,741770,264,0.027748581038469625
11/11/2020,Monroe,249,9763,4509,593354,741770,264,0.027040868585475775
11/12/2020,Monroe,311,10074,6141,599495,741770,266,0.026404605916219973
11/13/2020,Monroe,255,10329,6077,605572,741770,266,0.025752735017910738
11/14/2020,Monroe,124,10453,2650,608222,741770,267,0.025542906342676742
3/1/2020,Montgomery,0,0,0,0,49221,0,NaN
3/2/2020,Montgomery,0,0,0,0,49221,0,NaN
3/3/2020,Montgomery,0,0,0,0,49221,0,NaN
3/4/2020,Montgomery,0,0,0,0,49221,0,NaN
3/5/2020,Montgomery,0,0,0,0,49221,0,NaN
3/6/2020,Montgomery,0,0,0,0,49221,0,NaN
3/7/2020,Montgomery,0,0,0,0,49221,0,NaN
3/8/2020,Montgomery,0,0,0,0,49221,0,NaN
3/9/2020,Montgomery,0,0,0,0,49221,0,NaN
3/10/2020,Montgomery,0,0,1,1,49221,0,NaN
3/11/2020,Montgomery,0,0,1,2,49221,0,NaN
3/12/2020,Montgomery,0,0,0,2,49221,0,NaN
3/13/2020,Montgomery,0,0,0,2,49221,0,NaN
3/14/2020,Montgomery,1,1,3,5,49221,0,0
3/15/2020,Montgomery,0,1,4,9,49221,0,0
3/16/2020,Montgomery,0,1,1,10,49221,0,0
3/17/2020,Montgomery,1,2,14,24,49221,0,0
3/18/2020,Montgomery,0,2,14,38,49221,0,0
3/19/2020,Montgomery,0,2,4,42,49221,0,0
3/20/2020,Montgomery,1,3,27,69,49221,0,0
3/21/2020,Montgomery,0,3,20,89,49221,0,0
3/22/2020,Montgomery,0,3,6,95,49221,0,0
3/23/2020,Montgomery,0,3,5,100,49221,0,0
3/24/2020,Montgomery,1,4,5,105,49221,0,0
3/25/2020,Montgomery,1,5,5,110,49221,0,0
3/26/2020,Montgomery,0,5,7,117,49221,0,0
3/27/2020,Montgomery,0,5,10,127,49221,0,0
3/28/2020,Montgomery,1,6,6,133,49221,0,0
3/29/2020,Montgomery,0,6,2,135,49221,0,0
3/30/2020,Montgomery,1,7,8,143,49221,0,0
3/31/2020,Montgomery,0,7,4,147,49221,0,0
4/1/2020,Montgomery,1,8,10,157,49221,0,0
4/2/2020,Montgomery,2,10,8,165,49221,0,0
4/3/2020,Montgomery,3,13,11,176,49221,0,0
4/4/2020,Montgomery,2,15,14,190,49221,1,0.06666666666666667
4/5/2020,Montgomery,0,15,8,198,49221,1,0.06666666666666667
4/6/2020,Montgomery,3,18,20,218,49221,1,0.05555555555555555
4/7/2020,Montgomery,0,18,9,227,49221,1,0.05555555555555555
4/8/2020,Montgomery,10,28,24,251,49221,1,0.03571428571428571
4/9/2020,Montgomery,1,29,13,264,49221,1,0.034482758620689655
4/10/2020,Montgomery,0,29,8,272,49221,1,0.034482758620689655
4/11/2020,Montgomery,0,29,1,273,49221,1,0.034482758620689655
4/12/2020,Montgomery,0,29,2,275,49221,2,0.06896551724137931
4/13/2020,Montgomery,3,32,56,331,49221,2,0.0625
4/14/2020,Montgomery,0,32,0,331,49221,2,0.0625
4/15/2020,Montgomery,0,32,5,336,49221,2,0.0625
4/16/2020,Montgomery,1,33,10,346,49221,2,0.06060606060606061
4/17/2020,Montgomery,1,34,4,350,49221,2,0.058823529411764705
4/18/2020,Montgomery,1,35,4,354,49221,2,0.05714285714285714
4/19/2020,Montgomery,0,35,4,358,49221,3,0.08571428571428572
4/20/2020,Montgomery,2,37,3,361,49221,3,0.08108108108108109
4/21/2020,Montgomery,1,38,3,364,49221,3,0.07894736842105263
4/22/2020,Montgomery,1,39,7,371,49221,3,0.07692307692307693
4/23/2020,Montgomery,0,39,6,377,49221,3,0.07692307692307693
4/24/2020,Montgomery,7,46,226,603,49221,3,0.06521739130434782
4/25/2020,Montgomery,1,47,35,638,49221,4,0.0851063829787234
4/26/2020,Montgomery,0,47,9,647,49221,4,0.0851063829787234
4/27/2020,Montgomery,2,49,19,666,49221,4,0.08163265306122448
4/28/2020,Montgomery,2,51,18,684,49221,4,0.0784313725490196
4/29/2020,Montgomery,2,53,14,698,49221,4,0.07547169811320754
4/30/2020,Montgomery,1,54,29,727,49221,4,0.07407407407407407
5/1/2020,Montgomery,0,54,27,754,49221,4,0.07407407407407407
5/2/2020,Montgomery,2,56,53,807,49221,4,0.07142857142857142
5/3/2020,Montgomery,0,56,19,826,49221,4,0.07142857142857142
5/4/2020,Montgomery,5,61,28,854,49221,4,0.06557377049180328
5/5/2020,Montgomery,2,63,46,900,49221,4,0.06349206349206349
5/6/2020,Montgomery,0,63,34,934,49221,4,0.06349206349206349
5/7/2020,Montgomery,1,64,36,970,49221,4,0.0625
5/8/2020,Montgomery,2,66,36,1006,49221,4,0.06060606060606061
5/9/2020,Montgomery,1,67,33,1039,49221,4,0.05970149253731343
5/10/2020,Montgomery,0,67,30,1069,49221,4,0.05970149253731343
5/11/2020,Montgomery,0,67,62,1131,49221,4,0.05970149253731343
5/12/2020,Montgomery,1,68,115,1246,49221,4,0.058823529411764705
5/13/2020,Montgomery,1,69,177,1423,49221,4,0.057971014492753624
5/14/2020,Montgomery,3,72,46,1469,49221,4,0.05555555555555555
5/15/2020,Montgomery,3,75,93,1562,49221,4,0.05333333333333334
5/16/2020,Montgomery,0,75,52,1614,49221,4,0.05333333333333334
5/17/2020,Montgomery,0,75,38,1652,49221,4,0.05333333333333334
5/18/2020,Montgomery,0,75,25,1677,49221,4,0.05333333333333334
5/19/2020,Montgomery,0,75,43,1720,49221,4,0.05333333333333334
5/20/2020,Montgomery,2,77,96,1816,49221,4,0.05194805194805195
5/21/2020,Montgomery,0,77,130,1946,49221,4,0.05194805194805195
5/22/2020,Montgomery,0,77,79,2025,49221,4,0.05194805194805195
5/23/2020,Montgomery,2,79,131,2156,49221,4,0.05063291139240506
5/24/2020,Montgomery,0,79,159,2315,49221,4,0.05063291139240506
5/25/2020,Montgomery,1,80,41,2356,49221,4,0.05
5/26/2020,Montgomery,2,82,47,2403,49221,4,0.04878048780487805
5/27/2020,Montgomery,0,82,341,2744,49221,4,0.04878048780487805
5/28/2020,Montgomery,2,84,182,2926,49221,4,0.047619047619047616
5/29/2020,Montgomery,5,89,222,3148,49221,4,0.0449438202247191
5/30/2020,Montgomery,2,91,95,3243,49221,4,0.04395604395604396
5/31/2020,Montgomery,0,91,186,3429,49221,4,0.04395604395604396
6/1/2020,Montgomery,2,93,104,3533,49221,4,0.043010752688172046
6/2/2020,Montgomery,1,94,213,3746,49221,4,0.0425531914893617
6/3/2020,Montgomery,2,96,311,4057,49221,4,0.041666666666666664
6/4/2020,Montgomery,0,96,314,4371,49221,4,0.041666666666666664
6/5/2020,Montgomery,2,98,370,4741,49221,4,0.04081632653061224
6/6/2020,Montgomery,2,100,226,4967,49221,4,0.04
6/7/2020,Montgomery,0,100,246,5213,49221,4,0.04
6/8/2020,Montgomery,0,100,240,5453,49221,4,0.04
6/9/2020,Montgomery,0,100,149,5602,49221,4,0.04
6/10/2020,Montgomery,1,101,235,5837,49221,4,0.039603960396039604
6/11/2020,Montgomery,2,103,327,6164,49221,4,0.038834951456310676
6/12/2020,Montgomery,0,103,218,6382,49221,4,0.038834951456310676
6/13/2020,Montgomery,1,104,178,6560,49221,4,0.038461538461538464
6/14/2020,Montgomery,0,104,137,6697,49221,4,0.038461538461538464
6/15/2020,Montgomery,0,104,125,6822,49221,4,0.038461538461538464
6/16/2020,Montgomery,0,104,76,6898,49221,4,0.038461538461538464
6/17/2020,Montgomery,1,105,151,7049,49221,4,0.0380952380952381
6/18/2020,Montgomery,1,106,224,7273,49221,4,0.03773584905660377
6/19/2020,Montgomery,0,106,156,7429,49221,4,0.03773584905660377
6/20/2020,Montgomery,0,106,221,7650,49221,4,0.03773584905660377
6/21/2020,Montgomery,2,108,237,7887,49221,4,0.037037037037037035
6/22/2020,Montgomery,1,109,162,8049,49221,4,0.03669724770642202
6/23/2020,Montgomery,1,110,63,8112,49221,4,0.03636363636363636
6/24/2020,Montgomery,1,111,160,8272,49221,4,0.036036036036036036
6/25/2020,Montgomery,2,113,163,8435,49221,4,0.035398230088495575
6/26/2020,Montgomery,3,116,210,8645,49221,4,0.034482758620689655
6/27/2020,Montgomery,2,118,312,8957,49221,4,0.03389830508474576
6/28/2020,Montgomery,0,118,174,9131,49221,4,0.03389830508474576
6/29/2020,Montgomery,0,118,127,9258,49221,4,0.03389830508474576
6/30/2020,Montgomery,0,118,83,9341,49221,4,0.03389830508474576
7/1/2020,Montgomery,1,119,179,9520,49221,4,0.03361344537815126
7/2/2020,Montgomery,0,119,169,9689,49221,4,0.03361344537815126
7/3/2020,Montgomery,0,119,167,9856,49221,4,0.03361344537815126
7/4/2020,Montgomery,0,119,242,10098,49221,4,0.03361344537815126
7/5/2020,Montgomery,1,120,170,10268,49221,4,0.03333333333333333
7/6/2020,Montgomery,1,121,169,10437,49221,4,0.03305785123966942
7/7/2020,Montgomery,0,121,76,10513,49221,4,0.03305785123966942
7/8/2020,Montgomery,4,125,174,10687,49221,4,0.032
7/9/2020,Montgomery,3,128,202,10889,49221,4,0.03125
7/10/2020,Montgomery,2,130,202,11091,49221,4,0.03076923076923077
7/11/2020,Montgomery,2,132,229,11320,49221,4,0.030303030303030304
7/12/2020,Montgomery,1,133,131,11451,49221,4,0.03007518796992481
7/13/2020,Montgomery,8,141,230,11681,49221,4,0.028368794326241134
7/14/2020,Montgomery,0,141,94,11775,49221,4,0.028368794326241134
7/15/2020,Montgomery,0,141,133,11908,49221,4,0.028368794326241134
7/16/2020,Montgomery,0,141,380,12288,49221,4,0.028368794326241134
7/17/2020,Montgomery,2,143,252,12540,49221,4,0.027972027972027972
7/18/2020,Montgomery,0,143,125,12665,49221,4,0.027972027972027972
7/19/2020,Montgomery,0,143,123,12788,49221,4,0.027972027972027972
7/20/2020,Montgomery,1,144,137,12925,49221,4,0.027777777777777776
7/21/2020,Montgomery,0,144,156,13081,49221,4,0.027777777777777776
7/22/2020,Montgomery,1,145,124,13205,49221,4,0.027586206896551724
7/23/2020,Montgomery,1,146,190,13395,49221,4,0.0273972602739726
7/24/2020,Montgomery,1,147,188,13583,49221,4,0.027210884353741496
7/25/2020,Montgomery,1,148,187,13770,49221,4,0.02702702702702703
7/26/2020,Montgomery,0,148,150,13920,49221,4,0.02702702702702703
7/27/2020,Montgomery,4,152,68,13988,49221,4,0.02631578947368421
7/28/2020,Montgomery,0,152,102,14090,49221,4,0.02631578947368421
7/29/2020,Montgomery,0,152,142,14232,49221,4,0.02631578947368421
7/30/2020,Montgomery,2,154,198,14430,49221,4,0.025974025974025976
7/31/2020,Montgomery,1,155,211,14641,49221,4,0.025806451612903226
8/1/2020,Montgomery,2,157,293,14934,49221,4,0.025477707006369428
8/2/2020,Montgomery,3,160,202,15136,49221,4,0.025
8/3/2020,Montgomery,0,160,196,15332,49221,4,0.025
8/4/2020,Montgomery,1,161,168,15500,49221,4,0.024844720496894408
8/5/2020,Montgomery,8,169,142,15642,49221,4,0.023668639053254437
8/6/2020,Montgomery,1,170,339,15981,49221,4,0.023529411764705882
8/7/2020,Montgomery,2,172,202,16183,49221,4,0.023255813953488372
8/8/2020,Montgomery,4,176,251,16434,49221,4,0.022727272727272728
8/9/2020,Montgomery,1,177,124,16558,49221,4,0.022598870056497175
8/10/2020,Montgomery,0,177,164,16722,49221,4,0.022598870056497175
8/11/2020,Montgomery,0,177,122,16844,49221,4,0.022598870056497175
8/12/2020,Montgomery,2,179,157,17001,49221,4,0.0223463687150838
8/13/2020,Montgomery,2,181,175,17176,49221,4,0.022099447513812154
8/14/2020,Montgomery,3,184,260,17436,49221,4,0.021739130434782608
8/15/2020,Montgomery,3,187,254,17690,49221,4,0.0213903743315508
8/16/2020,Montgomery,1,188,130,17820,49221,4,0.02127659574468085
8/17/2020,Montgomery,0,188,192,18012,49221,4,0.02127659574468085
8/18/2020,Montgomery,1,189,166,18178,49221,5,0.026455026455026454
8/19/2020,Montgomery,1,190,145,18323,49221,5,0.02631578947368421
8/20/2020,Montgomery,3,193,362,18685,49221,5,0.025906735751295335
8/21/2020,Montgomery,0,193,199,18884,49221,5,0.025906735751295335
8/22/2020,Montgomery,1,194,190,19074,49221,6,0.030927835051546393
8/23/2020,Montgomery,2,196,163,19237,49221,7,0.03571428571428571
8/24/2020,Montgomery,0,196,92,19329,49221,7,0.03571428571428571
8/25/2020,Montgomery,1,197,169,19498,49221,8,0.04060913705583756
8/26/2020,Montgomery,1,198,138,19636,49221,8,0.04040404040404041
8/27/2020,Montgomery,2,200,263,19899,49221,8,0.04
8/28/2020,Montgomery,2,202,218,20117,49221,8,0.039603960396039604
8/29/2020,Montgomery,0,202,217,20334,49221,8,0.039603960396039604
8/30/2020,Montgomery,4,206,293,20627,49221,8,0.038834951456310676
8/31/2020,Montgomery,1,207,326,20953,49221,8,0.03864734299516908
9/1/2020,Montgomery,1,208,65,21018,49221,8,0.038461538461538464
9/2/2020,Montgomery,3,211,158,21176,49221,8,0.037914691943127965
9/3/2020,Montgomery,1,212,242,21418,49221,8,0.03773584905660377
9/4/2020,Montgomery,2,214,222,21640,49221,8,0.037383177570093455
9/5/2020,Montgomery,1,215,213,21853,49221,8,0.037209302325581395
9/6/2020,Montgomery,0,215,169,22022,49221,8,0.037209302325581395
9/7/2020,Montgomery,0,215,163,22185,49221,8,0.037209302325581395
9/8/2020,Montgomery,0,215,75,22260,49221,8,0.037209302325581395
9/9/2020,Montgomery,0,215,137,22397,49221,8,0.037209302325581395
9/10/2020,Montgomery,2,217,276,22673,49221,9,0.041474654377880185
9/11/2020,Montgomery,1,218,259,22932,49221,9,0.04128440366972477
9/12/2020,Montgomery,0,218,260,23192,49221,9,0.04128440366972477
9/13/2020,Montgomery,0,218,322,23514,49221,9,0.04128440366972477
9/14/2020,Montgomery,0,218,169,23683,49221,9,0.04128440366972477
9/15/2020,Montgomery,0,218,190,23873,49221,9,0.04128440366972477
9/16/2020,Montgomery,1,219,177,24050,49221,9,0.0410958904109589
9/17/2020,Montgomery,0,219,213,24263,49221,9,0.0410958904109589
9/18/2020,Montgomery,4,223,244,24507,49221,9,0.04035874439461883
9/19/2020,Montgomery,4,227,287,24794,49221,9,0.039647577092511016
9/20/2020,Montgomery,0,227,254,25048,49221,9,0.039647577092511016
9/21/2020,Montgomery,2,229,434,25482,49221,9,0.039301310043668124
9/22/2020,Montgomery,1,230,86,25568,49221,9,0.0391304347826087
9/23/2020,Montgomery,2,232,155,25723,49221,9,0.03879310344827586
9/24/2020,Montgomery,0,232,251,25974,49221,9,0.03879310344827586
9/25/2020,Montgomery,0,232,159,26133,49221,9,0.03879310344827586
9/26/2020,Montgomery,0,232,144,26277,49221,9,0.03879310344827586
9/27/2020,Montgomery,0,232,70,26347,49221,9,0.03879310344827586
9/28/2020,Montgomery,2,234,217,26564,49221,9,0.038461538461538464
9/29/2020,Montgomery,1,235,75,26639,49221,9,0.03829787234042553
9/30/2020,Montgomery,0,235,100,26739,49221,9,0.03829787234042553
10/1/2020,Montgomery,1,236,272,27011,49221,9,0.038135593220338986
10/2/2020,Montgomery,1,237,354,27365,49221,9,0.0379746835443038
10/3/2020,Montgomery,1,238,310,27675,49221,9,0.037815126050420166
10/4/2020,Montgomery,0,238,214,27889,49221,9,0.037815126050420166
10/5/2020,Montgomery,3,241,180,28069,49221,9,0.03734439834024896
10/6/2020,Montgomery,0,241,71,28140,49221,9,0.03734439834024896
10/7/2020,Montgomery,1,242,300,28440,49221,9,0.0371900826446281
10/8/2020,Montgomery,2,244,289,28729,49221,9,0.036885245901639344
10/9/2020,Montgomery,1,245,300,29029,49221,9,0.036734693877551024
10/10/2020,Montgomery,0,245,173,29202,49221,9,0.036734693877551024
10/11/2020,Montgomery,0,245,269,29471,49221,9,0.036734693877551024
10/12/2020,Montgomery,4,249,149,29620,49221,9,0.03614457831325301
10/13/2020,Montgomery,0,249,65,29685,49221,9,0.03614457831325301
10/14/2020,Montgomery,1,250,299,29984,49221,9,0.036
10/15/2020,Montgomery,2,252,403,30387,49221,9,0.03571428571428571
10/16/2020,Montgomery,2,254,269,30656,49221,9,0.03543307086614173
10/17/2020,Montgomery,0,254,223,30879,49221,9,0.03543307086614173
10/18/2020,Montgomery,1,255,216,31095,49221,9,0.03529411764705882
10/19/2020,Montgomery,1,256,142,31237,49221,9,0.03515625
10/20/2020,Montgomery,1,257,111,31348,49221,9,0.03501945525291829
10/21/2020,Montgomery,2,259,206,31554,49221,9,0.03474903474903475
10/22/2020,Montgomery,2,261,211,31765,49221,9,0.034482758620689655
10/23/2020,Montgomery,0,261,328,32093,49221,9,0.034482758620689655
10/24/2020,Montgomery,0,261,239,32332,49221,9,0.034482758620689655
10/25/2020,Montgomery,1,262,190,32522,49221,9,0.03435114503816794
10/26/2020,Montgomery,4,266,99,32621,49221,9,0.03383458646616541
10/27/2020,Montgomery,2,268,118,32739,49221,9,0.033582089552238806
10/28/2020,Montgomery,2,270,372,33111,49221,9,0.03333333333333333
10/29/2020,Montgomery,2,272,360,33471,49221,9,0.03308823529411765
10/30/2020,Montgomery,1,273,422,33893,49221,9,0.03296703296703297
10/31/2020,Montgomery,0,273,220,34113,49221,9,0.03296703296703297
11/1/2020,Montgomery,3,276,147,34260,49221,9,0.03260869565217391
11/2/2020,Montgomery,5,281,196,34456,49221,9,0.03202846975088968
11/3/2020,Montgomery,2,283,93,34549,49221,9,0.03180212014134275
11/4/2020,Montgomery,0,283,242,34791,49221,9,0.03180212014134275
11/5/2020,Montgomery,9,292,318,35109,49221,9,0.030821917808219176
11/6/2020,Montgomery,3,295,270,35379,49221,9,0.030508474576271188
11/7/2020,Montgomery,1,296,348,35727,49221,9,0.030405405405405407
11/8/2020,Montgomery,0,296,258,35985,49221,9,0.030405405405405407
11/9/2020,Montgomery,0,296,97,36082,49221,9,0.030405405405405407
11/10/2020,Montgomery,4,300,124,36206,49221,9,0.03
11/11/2020,Montgomery,4,304,297,36503,49221,9,0.029605263157894735
11/12/2020,Montgomery,3,307,225,36728,49221,10,0.03257328990228013
11/13/2020,Montgomery,12,319,207,36935,49221,10,0.03134796238244514
11/14/2020,Montgomery,3,322,183,37118,49221,11,0.034161490683229816
3/1/2020,Nassau,0,0,0,0,1356924,0,NaN
3/2/2020,Nassau,0,0,0,0,1356924,0,NaN
3/3/2020,Nassau,0,0,0,0,1356924,0,NaN
3/4/2020,Nassau,0,0,0,0,1356924,0,NaN
3/5/2020,Nassau,1,1,1,1,1356924,0,0
3/6/2020,Nassau,3,4,10,11,1356924,0,0
3/7/2020,Nassau,2,6,5,16,1356924,0,0
3/8/2020,Nassau,4,10,11,27,1356924,0,0
3/9/2020,Nassau,4,14,15,42,1356924,0,0
3/10/2020,Nassau,6,20,22,64,1356924,0,0
3/11/2020,Nassau,11,31,58,122,1356924,0,0
3/12/2020,Nassau,14,45,86,208,1356924,0,0
3/13/2020,Nassau,19,64,100,308,1356924,0,0
3/14/2020,Nassau,20,84,82,390,1356924,0,0
3/15/2020,Nassau,23,107,109,499,1356924,0,0
3/16/2020,Nassau,24,131,112,611,1356924,1,0.007633587786259542
3/17/2020,Nassau,52,183,218,829,1356924,1,0.00546448087431694
3/18/2020,Nassau,186,369,632,1461,1356924,1,0.0027100271002710027
3/19/2020,Nassau,385,754,1036,2497,1356924,1,0.001326259946949602
3/20/2020,Nassau,479,1233,1706,4203,1356924,1,8.110300081103001e-4
3/21/2020,Nassau,667,1900,1968,6171,1356924,4,0.002105263157894737
3/22/2020,Nassau,542,2442,1323,7494,1356924,7,0.0028665028665028664
3/23/2020,Nassau,427,2869,993,8487,1356924,7,0.0024398745207389336
3/24/2020,Nassau,416,3285,896,9383,1356924,7,0.00213089802130898
3/25/2020,Nassau,629,3914,1735,11118,1356924,17,0.004343382728666326
3/26/2020,Nassau,743,4657,1412,12530,1356924,19,0.0040798797509126045
3/27/2020,Nassau,880,5537,1827,14357,1356924,27,0.004876286797905003
3/28/2020,Nassau,908,6445,2107,16464,1356924,35,0.005430566330488751
3/29/2020,Nassau,899,7344,1830,18294,1356924,35,0.004765795206971677
3/30/2020,Nassau,1200,8544,2261,20555,1356924,48,0.0056179775280898875
3/31/2020,Nassau,1010,9554,1845,22400,1356924,63,0.006594096713418464
4/1/2020,Nassau,1033,10587,1908,24308,1356924,76,0.007178615282894115
4/2/2020,Nassau,1437,12024,2663,26971,1356924,95,0.007900864936793081
4/3/2020,Nassau,1322,13346,2694,29665,1356924,143,0.01071482092012588
4/4/2020,Nassau,1052,14398,2195,31860,1356924,149,0.010348659536046674
4/5/2020,Nassau,1218,15616,2363,34223,1356924,381,0.024398053278688523
4/6/2020,Nassau,994,16610,2097,36320,1356924,433,0.026068633353401566
4/7/2020,Nassau,1938,18548,4179,40499,1356924,500,0.026957084321759757
4/8/2020,Nassau,1592,20140,3598,44097,1356924,566,0.028103277060575967
4/9/2020,Nassau,1372,21512,3021,47118,1356924,788,0.036630717738936405
4/10/2020,Nassau,1072,22584,2527,49645,1356924,890,0.03940843074743181
4/11/2020,Nassau,969,23553,2307,51952,1356924,965,0.04097142614528935
4/12/2020,Nassau,805,24358,2072,54024,1356924,1030,0.04228590196239428
4/13/2020,Nassau,892,25250,2283,56307,1356924,1057,0.041861386138613864
4/14/2020,Nassau,1465,26715,3155,59462,1356924,1057,0.039565787011042484
4/15/2020,Nassau,1057,27772,2814,62276,1356924,1057,0.03805991646262422
4/16/2020,Nassau,767,28539,2386,64662,1356924,1109,0.038859105084270644
4/17/2020,Nassau,641,29180,1973,66635,1356924,1109,0.038005483207676494
4/18/2020,Nassau,833,30013,2658,69293,1356924,1109,0.03695065471628961
4/19/2020,Nassau,664,30677,2196,71489,1356924,1281,0.04175766861166346
4/20/2020,Nassau,402,31079,1385,72874,1356924,1329,0.04276199362913865
4/21/2020,Nassau,476,31555,1697,74571,1356924,1390,0.04405007130407226
4/22/2020,Nassau,569,32124,1980,76551,1356924,1431,0.04454613373178932
4/23/2020,Nassau,641,32765,2787,79338,1356924,1471,0.04489546772470624
4/24/2020,Nassau,1033,33798,4225,83563,1356924,1518,0.044913900230782886
4/25/2020,Nassau,724,34522,3334,86897,1356924,1558,0.04513064133016627
4/26/2020,Nassau,343,34865,1871,88768,1356924,1587,0.045518428223146425
4/27/2020,Nassau,220,35085,1499,90267,1356924,1620,0.046173578452330055
4/28/2020,Nassau,420,35505,2509,92776,1356924,1647,0.04638783269961977
4/29/2020,Nassau,349,35854,2424,95200,1356924,1678,0.04680091482121939
4/30/2020,Nassau,307,36161,2108,97308,1356924,1700,0.047011974226376485
5/1/2020,Nassau,358,36519,2384,99692,1356924,1720,0.04709877050302582
5/2/2020,Nassau,261,36780,2194,101886,1356924,1745,0.04744426318651441
5/3/2020,Nassau,185,36965,1736,103622,1356924,1770,0.047883132693088054
5/4/2020,Nassau,187,37152,1822,105444,1356924,1792,0.04823428079242033
5/5/2020,Nassau,198,37350,1765,107209,1356924,1818,0.04867469879518072
5/6/2020,Nassau,243,37593,2658,109867,1356924,1891,0.050301917910249246
5/7/2020,Nassau,219,37812,2050,111917,1356924,1904,0.050354384851369935
5/8/2020,Nassau,216,38028,2390,114307,1356924,1918,0.05043652045860945
5/9/2020,Nassau,189,38217,2260,116567,1356924,1940,0.05076274956171337
5/10/2020,Nassau,120,38337,1756,118323,1356924,1963,0.051203797897592405
5/11/2020,Nassau,97,38434,1558,119881,1356924,1973,0.05133475568507051
5/12/2020,Nassau,153,38587,2374,122255,1356924,1991,0.05159768834063286
5/13/2020,Nassau,156,38743,2633,124888,1356924,2004,0.05172547298866892
5/14/2020,Nassau,121,38864,2363,127251,1356924,2016,0.05187319884726225
5/15/2020,Nassau,169,39033,2478,129729,1356924,2027,0.0519304178515615
5/16/2020,Nassau,103,39136,2020,131749,1356924,2034,0.05197260834014718
5/17/2020,Nassau,89,39225,1749,133498,1356924,2044,0.052109623964308474
5/18/2020,Nassau,70,39295,1635,135133,1356924,2053,0.05224583280315562
5/19/2020,Nassau,73,39368,2281,137414,1356924,2060,0.05232676285307864
5/20/2020,Nassau,119,39487,3112,140526,1356924,2065,0.052295692253146606
5/21/2020,Nassau,121,39608,3097,143623,1356924,2073,0.05233791153302363
5/22/2020,Nassau,118,39726,4188,147811,1356924,2082,0.052409001661380454
5/23/2020,Nassau,111,39837,3739,151550,1356924,2087,0.05238848306850415
5/24/2020,Nassau,70,39907,2891,154441,1356924,2094,0.052471997393940914
5/25/2020,Nassau,67,39974,2269,156710,1356924,2103,0.0526091959773853
5/26/2020,Nassau,60,40034,2390,159100,1356924,2108,0.0526552430434131
5/27/2020,Nassau,106,40140,4664,163764,1356924,2111,0.0525909317389138
5/28/2020,Nassau,86,40226,4760,168524,1356924,2114,0.052553075125540694
5/29/2020,Nassau,81,40307,4710,173234,1356924,2118,0.05254670404644354
5/30/2020,Nassau,89,40396,4112,177346,1356924,2118,0.05243093375581741
5/31/2020,Nassau,83,40479,3878,181224,1356924,2118,0.05232342696212851
6/1/2020,Nassau,93,40572,3851,185075,1356924,2125,0.05237602287291728
6/2/2020,Nassau,72,40644,4433,189508,1356924,2127,0.052332447593740776
6/3/2020,Nassau,69,40713,5104,194612,1356924,2130,0.05231744160341906
6/4/2020,Nassau,84,40797,5177,199789,1356924,2132,0.0522587445155281
6/5/2020,Nassau,56,40853,5533,205322,1356924,2132,0.05218710988177123
6/6/2020,Nassau,51,40904,4119,209441,1356924,2135,0.05219538431449247
6/7/2020,Nassau,43,40947,4033,213474,1356924,2142,0.052311524653820794
6/8/2020,Nassau,33,40980,3159,216633,1356924,2145,0.052342606149341143
6/9/2020,Nassau,35,41015,4210,220843,1356924,2150,0.05241984639765939
6/10/2020,Nassau,45,41060,4869,225712,1356924,2151,0.05238675109595713
6/11/2020,Nassau,54,41114,4796,230508,1356924,2151,0.05231794522547064
6/12/2020,Nassau,58,41172,5228,235736,1356924,2163,0.05253570387642087
6/13/2020,Nassau,32,41204,4039,239775,1356924,2163,0.05249490340743617
6/14/2020,Nassau,36,41240,3939,243714,1356924,2165,0.05249757516973812
6/15/2020,Nassau,50,41290,4585,248299,1356924,2167,0.052482441269072415
6/16/2020,Nassau,30,41320,4270,252569,1356924,2170,0.05251694094869313
6/17/2020,Nassau,29,41349,5054,257623,1356924,2171,0.05250429272775641
6/18/2020,Nassau,38,41387,5646,263269,1356924,2171,0.0524560852441588
6/19/2020,Nassau,56,41443,4698,267967,1356924,2175,0.05248172188306831
6/20/2020,Nassau,36,41479,5000,272967,1356924,2175,0.05243617252103474
6/21/2020,Nassau,34,41513,4104,277071,1356924,2178,0.05246549273721485
6/22/2020,Nassau,31,41544,3374,280445,1356924,2178,0.0524263431542461
6/23/2020,Nassau,41,41585,3983,284428,1356924,2179,0.05239870145485151
6/24/2020,Nassau,61,41646,5618,290046,1356924,2180,0.05234596359794458
6/25/2020,Nassau,38,41684,3867,293913,1356924,2180,0.0522982439305249
6/26/2020,Nassau,41,41725,5282,299195,1356924,2181,0.05227082085080887
6/27/2020,Nassau,29,41754,5255,304450,1356924,2182,0.05225846625473009
6/28/2020,Nassau,26,41780,3856,308306,1356924,2182,0.05222594542843466
6/29/2020,Nassau,27,41807,3478,311784,1356924,2182,0.05219221661444256
6/30/2020,Nassau,46,41853,3842,315626,1356924,2182,0.05213485293766277
7/1/2020,Nassau,57,41910,5297,320923,1356924,2183,0.05208780720591744
7/2/2020,Nassau,37,41947,4562,325485,1356924,2184,0.052065701957231744
7/3/2020,Nassau,41,41988,4709,330194,1356924,2185,0.052038677717443076
7/4/2020,Nassau,43,42031,6290,336484,1356924,2185,0.05198543931859818
7/5/2020,Nassau,22,42053,3801,340285,1356924,2186,0.051982022685658574
7/6/2020,Nassau,35,42088,4066,344351,1356924,2187,0.051962554647405436
7/7/2020,Nassau,34,42122,3792,348143,1356924,2187,0.05192061155690613
7/8/2020,Nassau,42,42164,5038,353181,1356924,2188,0.051892609809316
7/9/2020,Nassau,68,42232,6711,359892,1356924,2188,0.051809054745216895
7/10/2020,Nassau,35,42267,5718,365610,1356924,2190,0.05181347150259067
7/11/2020,Nassau,40,42307,5168,370778,1356924,2190,0.05176448341881958
7/12/2020,Nassau,47,42354,4319,375097,1356924,2190,0.0517070406573169
7/13/2020,Nassau,69,42423,3898,378995,1356924,2190,0.05162294038611131
7/14/2020,Nassau,39,42462,4295,383290,1356924,2190,0.051575526352974424
7/15/2020,Nassau,44,42506,5979,389269,1356924,2191,0.05154566414153296
7/16/2020,Nassau,49,42555,5567,394836,1356924,2191,0.05148631183174715
7/17/2020,Nassau,39,42594,4695,399531,1356924,2191,0.051439169836127153
7/18/2020,Nassau,28,42622,3006,402537,1356924,2192,0.051428839566421095
7/19/2020,Nassau,56,42678,3987,406524,1356924,2193,0.051384788415577115
7/20/2020,Nassau,51,42729,4724,411248,1356924,2193,0.05132345713683915
7/21/2020,Nassau,36,42765,3991,415239,1356924,2193,0.05128025254296738
7/22/2020,Nassau,51,42816,4594,419833,1356924,2193,0.05121917040358744
7/23/2020,Nassau,44,42860,5798,425631,1356924,2193,0.05116658889407373
7/24/2020,Nassau,55,42915,5712,431343,1356924,2193,0.051101013631597345
7/25/2020,Nassau,45,42960,3752,435095,1356924,2193,0.05104748603351955
7/26/2020,Nassau,57,43017,4176,439271,1356924,2193,0.05097984517748797
7/27/2020,Nassau,42,43059,4208,443479,1356924,2194,0.05095334308739172
7/28/2020,Nassau,41,43100,4616,448095,1356924,2194,0.05090487238979118
7/29/2020,Nassau,58,43158,5731,453826,1356924,2194,0.05083646137448445
7/30/2020,Nassau,45,43203,5138,458964,1356924,2194,0.05078351040437007
7/31/2020,Nassau,68,43271,7106,466070,1356924,2194,0.050703704559635784
8/1/2020,Nassau,51,43322,4727,470797,1356924,2194,0.05064401458843082
8/2/2020,Nassau,58,43380,3808,474605,1356924,2194,0.05057630244352236
8/3/2020,Nassau,56,43436,4606,479211,1356924,2194,0.050511096786076064
8/4/2020,Nassau,46,43482,5492,484703,1356924,2194,0.05045766064118486
8/5/2020,Nassau,52,43534,5304,490007,1356924,2194,0.0503973905453209
8/6/2020,Nassau,46,43580,5019,495026,1356924,2194,0.05034419458467187
8/7/2020,Nassau,48,43628,6525,501551,1356924,2194,0.05028880535435958
8/8/2020,Nassau,27,43655,5314,506865,1356924,2194,0.050257702439583093
8/9/2020,Nassau,35,43690,3823,510688,1356924,2195,0.05024032959487297
8/10/2020,Nassau,34,43724,5273,515961,1356924,2195,0.05020126246455036
8/11/2020,Nassau,37,43761,5160,521121,1356924,2195,0.05015881721167249
8/12/2020,Nassau,34,43795,5534,526655,1356924,2195,0.05011987669825323
8/13/2020,Nassau,45,43840,6693,533348,1356924,2195,0.05006843065693431
8/14/2020,Nassau,51,43891,6389,539737,1356924,2195,0.05001025267139049
8/15/2020,Nassau,38,43929,5833,545570,1356924,2195,0.04996699219194609
8/16/2020,Nassau,26,43955,4425,549995,1356924,2195,0.04993743601410534
8/17/2020,Nassau,46,44001,4460,554455,1356924,2195,0.04988522988113907
8/18/2020,Nassau,62,44063,7861,562316,1356924,2195,0.04981503755985748
8/19/2020,Nassau,49,44112,5928,568244,1356924,2195,0.049759702575262965
8/20/2020,Nassau,50,44162,7190,575434,1356924,2195,0.04970336488383678
8/21/2020,Nassau,43,44205,6974,582408,1356924,2195,0.04965501640085963
8/22/2020,Nassau,40,44245,5082,587490,1356924,2196,0.04963272686179229
8/23/2020,Nassau,39,44284,4386,591876,1356924,2196,0.049589016349019965
8/24/2020,Nassau,64,44348,5565,597441,1356924,2196,0.04951745287273383
8/25/2020,Nassau,55,44403,5589,603030,1356924,2196,0.04945611782987636
8/26/2020,Nassau,47,44450,6294,609324,1356924,2196,0.04940382452193476
8/27/2020,Nassau,53,44503,9814,619138,1356924,2196,0.04934498797833854
8/28/2020,Nassau,51,44554,6780,625918,1356924,2197,0.04931094851191812
8/29/2020,Nassau,56,44610,6719,632637,1356924,2197,0.049249047298811924
8/30/2020,Nassau,67,44677,5442,638079,1356924,2198,0.04919757369563758
8/31/2020,Nassau,84,44761,7238,645317,1356924,2198,0.04910524787203146
9/1/2020,Nassau,84,44845,10917,656234,1356924,2198,0.049013267922845355
9/2/2020,Nassau,79,44924,6522,662756,1356924,2198,0.04892707684088683
9/3/2020,Nassau,84,45008,7265,670021,1356924,2198,0.04883576253110558
9/4/2020,Nassau,107,45115,6642,676663,1356924,2198,0.048719937936384794
9/5/2020,Nassau,78,45193,6573,683236,1356924,2198,0.048635850684840574
9/6/2020,Nassau,36,45229,4189,687425,1356924,2198,0.04859713900373654
9/7/2020,Nassau,65,45294,4216,691641,1356924,2198,0.04852739877246434
9/8/2020,Nassau,78,45372,4238,695879,1356924,2199,0.048466014281936
9/9/2020,Nassau,73,45445,6033,701912,1356924,2199,0.04838816151391792
9/10/2020,Nassau,105,45550,7023,708935,1356924,2199,0.04827661909989023
9/11/2020,Nassau,83,45633,5742,714677,1356924,2199,0.048188810729077644
9/12/2020,Nassau,78,45711,5780,720457,1356924,2200,0.048128459233007376
9/13/2020,Nassau,52,45763,4258,724715,1356924,2200,0.048073771387365336
9/14/2020,Nassau,77,45840,6928,731643,1356924,2200,0.04799301919720768
9/15/2020,Nassau,66,45906,4810,736453,1356924,2200,0.04792401864679998
9/16/2020,Nassau,83,45989,6284,742737,1356924,2201,0.04785927069516623
9/17/2020,Nassau,63,46052,6037,748774,1356924,2201,0.047793798314948316
9/18/2020,Nassau,102,46154,8330,757104,1356924,2201,0.04768817437275209
9/19/2020,Nassau,64,46218,6759,763863,1356924,2201,0.04762213856073391
9/20/2020,Nassau,41,46259,4905,768768,1356924,2201,0.047579930391923736
9/21/2020,Nassau,66,46325,6020,774788,1356924,2201,0.047512142471667566
9/22/2020,Nassau,63,46388,4360,779148,1356924,2201,0.04744761576269725
9/23/2020,Nassau,46,46434,5634,784782,1356924,2201,0.047400611620795105
9/24/2020,Nassau,71,46505,6406,791188,1356924,2201,0.04732824427480916
9/25/2020,Nassau,71,46576,6733,797921,1356924,2201,0.04725609756097561
9/26/2020,Nassau,67,46643,5975,803896,1356924,2201,0.047188216881418436
9/27/2020,Nassau,68,46711,4043,807939,1356924,2201,0.0471195221682259
9/28/2020,Nassau,80,46791,5621,813560,1356924,2201,0.04703896048385373
9/29/2020,Nassau,66,46857,4876,818436,1356924,2201,0.04697270418507374
9/30/2020,Nassau,72,46929,5967,824403,1356924,2201,0.046900637132689806
10/1/2020,Nassau,105,47034,7917,832320,1356924,2202,0.046817196070927415
10/2/2020,Nassau,133,47167,9841,842161,1356924,2202,0.04668518243687324
10/3/2020,Nassau,79,47246,7752,849913,1356924,2203,0.04662828599246497
10/4/2020,Nassau,56,47302,5954,855867,1356924,2204,0.04659422434569363
10/5/2020,Nassau,90,47392,7585,863452,1356924,2204,0.04650573936529372
10/6/2020,Nassau,124,47516,7817,871269,1356924,2204,0.04638437578920784
10/7/2020,Nassau,140,47656,11919,883188,1356924,2204,0.04624811146550277
10/8/2020,Nassau,80,47736,8320,891508,1356924,2204,0.046170604994134404
10/9/2020,Nassau,105,47841,8925,900433,1356924,2204,0.04606927112727577
10/10/2020,Nassau,92,47933,8397,908830,1356924,2204,0.04598084826737321
10/11/2020,Nassau,65,47998,5181,914011,1356924,2204,0.045918579940830866
10/12/2020,Nassau,101,48099,7833,921844,1356924,2204,0.04582215846483295
10/13/2020,Nassau,85,48184,7559,929403,1356924,2205,0.04576207869832309
10/14/2020,Nassau,88,48272,7980,937383,1356924,2205,0.045678654292343385
10/15/2020,Nassau,105,48377,9485,946868,1356924,2205,0.04557951092461294
10/16/2020,Nassau,117,48494,11691,958559,1356924,2208,0.04553140594712748
10/17/2020,Nassau,102,48596,9050,967609,1356924,2208,0.04543583834060416
10/18/2020,Nassau,61,48657,5522,973131,1356924,2208,0.04537887662617917
10/19/2020,Nassau,74,48731,6934,980065,1356924,2208,0.04530996696148242
10/20/2020,Nassau,133,48864,7970,988035,1356924,2208,0.04518664047151277
10/21/2020,Nassau,77,48941,7088,995123,1356924,2208,0.045115547291636866
10/22/2020,Nassau,101,49042,8982,1004105,1356924,2208,0.04502263366094368
10/23/2020,Nassau,161,49203,10153,1014258,1356924,2208,0.04487531248094628
10/24/2020,Nassau,109,49312,8299,1022557,1356924,2208,0.04477611940298507
10/25/2020,Nassau,65,49377,5041,1027598,1356924,2209,0.04473742835733236
10/26/2020,Nassau,119,49496,8086,1035684,1356924,2209,0.044629869080329725
10/27/2020,Nassau,167,49663,8517,1044201,1356924,2213,0.044560336669150075
10/28/2020,Nassau,178,49841,11971,1056172,1356924,2214,0.04442125960554563
10/29/2020,Nassau,166,50007,10195,1066367,1356924,2215,0.04429379886815846
10/30/2020,Nassau,146,50153,9758,1076125,1356924,2215,0.04416485554204135
10/31/2020,Nassau,141,50294,9981,1086106,1356924,2215,0.04404103869248817
11/1/2020,Nassau,113,50407,7240,1093346,1356924,2216,0.043962148114349196
11/2/2020,Nassau,195,50602,10365,1103711,1356924,2216,0.043792735465001384
11/3/2020,Nassau,100,50702,7707,1111418,1356924,2216,0.04370636266813933
11/4/2020,Nassau,216,50918,9862,1121280,1356924,2218,0.04356023410188931
11/5/2020,Nassau,246,51164,11881,1133161,1356924,2218,0.04335079352669846
11/6/2020,Nassau,254,51418,10433,1143594,1356924,2220,0.04317554163911471
11/7/2020,Nassau,264,51682,10193,1153787,1356924,2221,0.04297434309817731
11/8/2020,Nassau,213,51895,7560,1161347,1356924,2221,0.042797957414009054
11/9/2020,Nassau,278,52173,8264,1169611,1356924,2222,0.04258907864220957
11/10/2020,Nassau,402,52575,12531,1182142,1356924,2224,0.04230147408464099
11/11/2020,Nassau,322,52897,10104,1192246,1356924,2226,0.042081781575514676
11/12/2020,Nassau,374,53271,12488,1204734,1356924,2226,0.041786337782283044
11/13/2020,Nassau,417,53688,13724,1218458,1356924,2229,0.041517657577112205
11/14/2020,Nassau,326,54014,13152,1231610,1356924,2229,0.041267078905468955
3/1/2020,New York,0,0,0,0,1628706,0,NaN
3/2/2020,New York,0,0,0,0,1628706,0,NaN
3/3/2020,New York,0,0,3,3,1628706,0,NaN
3/4/2020,New York,1,1,4,7,1628706,0,0
3/5/2020,New York,1,2,18,25,1628706,0,0
3/6/2020,New York,3,5,14,39,1628706,0,0
3/7/2020,New York,0,5,22,61,1628706,0,0
3/8/2020,New York,0,5,24,85,1628706,0,0
3/9/2020,New York,7,12,47,132,1628706,0,0
3/10/2020,New York,12,24,78,210,1628706,0,0
3/11/2020,New York,3,27,70,280,1628706,0,0
3/12/2020,New York,18,45,186,466,1628706,0,0
3/13/2020,New York,39,84,268,734,1628706,0,0
3/14/2020,New York,28,112,193,927,1628706,0,0
3/15/2020,New York,60,172,317,1244,1628706,0,0
3/16/2020,New York,69,241,398,1642,1628706,0,0
3/17/2020,New York,161,402,598,2240,1628706,0,0
3/18/2020,New York,335,737,1074,3314,1628706,0,0
3/19/2020,New York,437,1174,1235,4549,1628706,0,0
3/20/2020,New York,370,1544,1263,5812,1628706,0,0
3/21/2020,New York,522,2066,1370,7182,1628706,0,0
3/22/2020,New York,607,2673,1367,8549,1628706,10,0.0037411148522259632
3/23/2020,New York,405,3078,990,9539,1628706,19,0.006172839506172839
3/24/2020,New York,442,3520,1065,10604,1628706,35,0.009943181818181818
3/25/2020,New York,542,4062,1232,11836,1628706,43,0.010585918266863614
3/26/2020,New York,523,4585,1062,12898,1628706,55,0.011995637949836423
3/27/2020,New York,631,5216,1314,14212,1628706,65,0.01246165644171779
3/28/2020,New York,590,5806,1160,15372,1628706,93,0.01601791250430589
3/29/2020,New York,422,6228,788,16160,1628706,103,0.016538214515093127
3/30/2020,New York,648,6876,1422,17582,1628706,119,0.017306573589296104
3/31/2020,New York,497,7373,1015,18597,1628706,129,0.017496270174962702
4/1/2020,New York,470,7843,1002,19599,1628706,165,0.021037868162692847
4/2/2020,New York,609,8452,1294,20893,1628706,178,0.02106010411736867
4/3/2020,New York,848,9300,1820,22713,1628706,215,0.023118279569892472
4/4/2020,New York,598,9898,1278,23991,1628706,264,0.0266720549605981
4/5/2020,New York,542,10440,1162,25153,1628706,390,0.03735632183908046
4/6/2020,New York,572,11012,1249,26402,1628706,436,0.039593171086087904
4/7/2020,New York,492,11504,1257,27659,1628706,513,0.04459318497913769
4/8/2020,New York,602,12106,1424,29083,1628706,604,0.04989261523211631
4/9/2020,New York,616,12722,1659,30742,1628706,674,0.05297909133783996
4/10/2020,New York,715,13437,1685,32427,1628706,731,0.054402024261367865
4/11/2020,New York,708,14145,1783,34210,1628706,799,0.05648639095086603
4/12/2020,New York,356,14501,1033,35243,1628706,849,0.058547686366457484
4/13/2020,New York,379,14880,1206,36449,1628706,849,0.05705645161290323
4/14/2020,New York,1737,16617,4068,40517,1628706,1194,0.07185412529337426
4/15/2020,New York,474,17091,1533,42050,1628706,1228,0.0718506816453104
4/16/2020,New York,399,17490,1476,43526,1628706,1298,0.07421383647798742
4/17/2020,New York,442,17932,1585,45111,1628706,1368,0.07628819986616105
4/18/2020,New York,288,18220,1093,46204,1628706,1422,0.07804610318331504
4/19/2020,New York,248,18468,954,47158,1628706,1539,0.08333333333333333
4/20/2020,New York,231,18699,1099,48257,1628706,1596,0.08535215786940478
4/21/2020,New York,326,19025,1430,49687,1628706,1667,0.0876215505913272
4/22/2020,New York,323,19348,1581,51268,1628706,1756,0.09075873475294605
4/23/2020,New York,506,19854,2654,53922,1628706,1808,0.09106477284174473
4/24/2020,New York,426,20280,2110,56032,1628706,1846,0.09102564102564102
4/25/2020,New York,493,20773,2354,58386,1628706,1935,0.0931497617099119
4/26/2020,New York,324,21097,2007,60393,1628706,1978,0.09375740626629378
4/27/2020,New York,215,21312,1650,62043,1628706,2014,0.09450075075075075
4/28/2020,New York,292,21604,2260,64303,1628706,2044,0.094612108868728
4/29/2020,New York,316,21920,2299,66602,1628706,2085,0.09511861313868614
4/30/2020,New York,255,22175,2205,68807,1628706,2132,0.09614430665163472
5/1/2020,New York,321,22496,2606,71413,1628706,2177,0.09677275960170698
5/2/2020,New York,245,22741,2214,73627,1628706,2218,0.09753309001363177
5/3/2020,New York,159,22900,1524,75151,1628706,2254,0.09842794759825328
5/4/2020,New York,154,23054,2246,77397,1628706,2274,0.0986379803938579
5/5/2020,New York,203,23257,2499,79896,1628706,2312,0.09941093004256783
5/6/2020,New York,272,23529,2966,82862,1628706,2383,0.10127927238726678
5/7/2020,New York,201,23730,3036,85898,1628706,2433,0.1025284450063211
5/8/2020,New York,151,23881,2633,88531,1628706,2454,0.10275951593316862
5/9/2020,New York,96,23977,2336,90867,1628706,2519,0.10505901488926889
5/10/2020,New York,85,24062,1496,92363,1628706,2550,0.10597622807746654
5/11/2020,New York,129,24191,1984,94347,1628706,2580,0.10665123392997396
5/12/2020,New York,157,24348,2825,97172,1628706,2603,0.10690816494167898
5/13/2020,New York,177,24525,3697,100869,1628706,2629,0.1071967380224261
5/14/2020,New York,307,24832,3933,104802,1628706,2663,0.10724065721649484
5/15/2020,New York,150,24982,3469,108271,1628706,2684,0.10743735489552478
5/16/2020,New York,148,25130,3096,111367,1628706,2714,0.1079984082769598
5/17/2020,New York,86,25216,2019,113386,1628706,2741,0.10870082487309644
5/18/2020,New York,77,25293,2830,116216,1628706,2761,0.1091606373304867
5/19/2020,New York,98,25391,3685,119901,1628706,2779,0.10944822968768461
5/20/2020,New York,131,25522,4219,124120,1628706,2802,0.10978763419794688
5/21/2020,New York,150,25672,4363,128483,1628706,2822,0.10992521034590215
5/22/2020,New York,134,25806,4582,133065,1628706,2832,0.10974192048360847
5/23/2020,New York,103,25909,4187,137252,1628706,2844,0.10976880620633757
5/24/2020,New York,100,26009,3356,140608,1628706,2851,0.10961590218770426
5/25/2020,New York,83,26092,3635,144243,1628706,2854,0.10938218611068527
5/26/2020,New York,121,26213,3599,147842,1628706,2861,0.10914431770495556
5/27/2020,New York,134,26347,6888,154730,1628706,2868,0.10885489809086424
5/28/2020,New York,133,26480,7418,162148,1628706,2880,0.10876132930513595
5/29/2020,New York,96,26576,5678,167826,1628706,2894,0.10889524382901866
5/30/2020,New York,77,26653,4425,172251,1628706,2900,0.10880576295351367
5/31/2020,New York,68,26721,4385,176636,1628706,2912,0.10897795741177352
6/1/2020,New York,93,26814,5161,181797,1628706,2924,0.10904751249347355
6/2/2020,New York,72,26886,4211,186008,1628706,2929,0.108941456520122
6/3/2020,New York,82,26968,4377,190385,1628706,2933,0.10875852862652031
6/4/2020,New York,69,27037,4416,194801,1628706,2949,0.109072752154455
6/5/2020,New York,85,27122,5322,200123,1628706,2957,0.10902588304697294
6/6/2020,New York,56,27178,4711,204834,1628706,2969,0.10924276988740893
6/7/2020,New York,39,27217,4045,208879,1628706,2975,0.10930668332292318
6/8/2020,New York,41,27258,3953,212832,1628706,2981,0.10936238902340598
6/9/2020,New York,66,27324,5433,218265,1628706,2986,0.10928121797687015
6/10/2020,New York,60,27384,4991,223256,1628706,2996,0.10940695296523517
6/11/2020,New York,68,27452,5660,228916,1628706,3002,0.1093545096896401
6/12/2020,New York,77,27529,6296,235212,1628706,3009,0.10930291692397108
6/13/2020,New York,44,27573,5525,240737,1628706,3015,0.10934609944510934
6/14/2020,New York,54,27627,6036,246773,1628706,3015,0.10913237050711261
6/15/2020,New York,50,27677,6158,252931,1628706,3023,0.10922426563572642
6/16/2020,New York,31,27708,5830,258761,1628706,3024,0.10913815504547424
6/17/2020,New York,52,27760,6701,265462,1628706,3033,0.10925792507204611
6/18/2020,New York,64,27824,7866,273328,1628706,3038,0.10918631397354801
6/19/2020,New York,67,27891,7972,281300,1628706,3045,0.10917500268903947
6/20/2020,New York,75,27966,7602,288902,1628706,3047,0.10895372952871343
6/21/2020,New York,51,28017,4871,293773,1628706,3049,0.10882678373844451
6/22/2020,New York,58,28075,4887,298660,1628706,3049,0.1086019590382903
6/23/2020,New York,57,28132,4933,303593,1628706,3049,0.1083819138347789
6/24/2020,New York,60,28192,6494,310087,1628706,3049,0.10815124858115778
6/25/2020,New York,58,28250,6504,316591,1628706,3054,0.10810619469026549
6/26/2020,New York,81,28331,8749,325340,1628706,3065,0.10818537997246833
6/27/2020,New York,49,28380,5886,331226,1628706,3065,0.1079985905567301
6/28/2020,New York,21,28401,4009,335235,1628706,3065,0.10791873525580085
6/29/2020,New York,46,28447,5287,340522,1628706,3065,0.10774422610468591
6/30/2020,New York,71,28518,6206,346728,1628706,3088,0.10828248825303317
7/1/2020,New York,78,28596,7185,353913,1628706,3088,0.10798713106728214
7/2/2020,New York,102,28698,7062,360975,1628706,3089,0.10763816293818385
7/3/2020,New York,62,28760,6201,367176,1628706,3089,0.10740611961057024
7/4/2020,New York,44,28804,5736,372912,1628706,3093,0.10738091931676157
7/5/2020,New York,66,28870,7734,380646,1628706,3102,0.10744717700034638
7/6/2020,New York,50,28920,6251,386897,1628706,3104,0.10733056708160442
7/7/2020,New York,53,28973,6976,393873,1628706,3104,0.10713422841956304
7/8/2020,New York,56,29029,6504,400377,1628706,3104,0.10692755520341728
7/9/2020,New York,80,29109,8363,408740,1628706,3110,0.106839808993782
7/10/2020,New York,56,29165,8216,416956,1628706,3114,0.10677181553231613
7/11/2020,New York,72,29237,6860,423816,1628706,3118,0.10664568868214933
7/12/2020,New York,65,29302,5419,429235,1628706,3120,0.1064773735581189
7/13/2020,New York,61,29363,5426,434661,1628706,3126,0.10646051152811362
7/14/2020,New York,79,29442,6910,441571,1628706,3130,0.1063107125874601
7/15/2020,New York,74,29516,7547,449118,1628706,3133,0.10614581921669602
7/16/2020,New York,74,29590,8266,457384,1628706,3135,0.10594795539033457
7/17/2020,New York,85,29675,7329,464713,1628706,3135,0.10564448188711036
7/18/2020,New York,56,29731,5436,470149,1628706,3137,0.10551276445460966
7/19/2020,New York,65,29796,5935,476084,1628706,3138,0.10531614981876762
7/20/2020,New York,71,29867,6705,482789,1628706,3138,0.10506579167643218
7/21/2020,New York,76,29943,7540,490329,1628706,3138,0.10479911832481716
7/22/2020,New York,90,30033,7521,497850,1628706,3138,0.10448506642693038
7/23/2020,New York,64,30097,7406,505256,1628706,3142,0.10439578695551052
7/24/2020,New York,64,30161,7262,512518,1628706,3142,0.10417426477901927
7/25/2020,New York,32,30193,4957,517475,1628706,3142,0.10406385586062995
7/26/2020,New York,57,30250,5377,522852,1628706,3142,0.10386776859504132
7/27/2020,New York,30,30280,5657,528509,1628706,3143,0.10379788639365918
7/28/2020,New York,49,30329,6548,535057,1628706,3143,0.10363018892808863
7/29/2020,New York,70,30399,7387,542444,1628706,3143,0.10339155893285963
7/30/2020,New York,59,30458,7859,550303,1628706,3144,0.1032241118917854
7/31/2020,New York,60,30518,9505,559808,1628706,3146,0.1030867029294187
8/1/2020,New York,46,30564,6825,566633,1628706,3146,0.1029315534615888
8/2/2020,New York,57,30621,6704,573337,1628706,3147,0.10277260703438816
8/3/2020,New York,56,30677,6757,580094,1628706,3148,0.10261759624474362
8/4/2020,New York,57,30734,6803,586897,1628706,3148,0.10242727923472376
8/5/2020,New York,65,30799,7634,594531,1628706,3148,0.10221111075034904
8/6/2020,New York,60,30859,7423,601954,1628706,3148,0.10201237888460417
8/7/2020,New York,62,30921,7852,609806,1628706,3148,0.10180783286439636
8/8/2020,New York,43,30964,7178,616984,1628706,3149,0.10169874693192094
8/9/2020,New York,52,31016,6513,623497,1628706,3152,0.10162496775857621
8/10/2020,New York,55,31071,6639,630136,1628706,3153,0.10147726175533456
8/11/2020,New York,76,31147,11421,641557,1628706,3153,0.10122965293607732
8/12/2020,New York,70,31217,10009,651566,1628706,3154,0.101034692635423
8/13/2020,New York,62,31279,9097,660663,1628706,3157,0.10093033664759103
8/14/2020,New York,63,31342,10048,670711,1628706,3159,0.10079127049964903
8/15/2020,New York,56,31398,8885,679596,1628706,3159,0.10061150391744697
8/16/2020,New York,43,31441,6499,686095,1628706,3160,0.10050570910594447
8/17/2020,New York,64,31505,6304,692399,1628706,3161,0.10033328043167751
8/18/2020,New York,36,31541,7227,699626,1628706,3161,0.10021876288006087
8/19/2020,New York,62,31603,8868,708494,1628706,3162,0.10005379236148466
8/20/2020,New York,58,31661,13086,721580,1628706,3162,0.09987050314266764
8/21/2020,New York,47,31708,10873,732453,1628706,3165,0.09981708086287372
8/22/2020,New York,44,31752,8758,741211,1628706,3167,0.09974174855127237
8/23/2020,New York,44,31796,7076,748287,1628706,3167,0.09960372373883507
8/24/2020,New York,41,31837,6310,754597,1628706,3168,0.09950686308383327
8/25/2020,New York,48,31885,6958,761555,1628706,3168,0.09935706445036852
8/26/2020,New York,50,31935,8610,770165,1628706,3168,0.09920150305307657
8/27/2020,New York,42,31977,10799,780964,1628706,3168,0.09907120743034056
8/28/2020,New York,36,32013,10387,791351,1628706,3168,0.09895979758223222
8/29/2020,New York,62,32075,12710,804061,1628706,3169,0.09879968823070928
8/30/2020,New York,44,32119,8524,812585,1628706,3169,0.09866434197826832
8/31/2020,New York,46,32165,8300,820885,1628706,3170,0.09855432923985699
9/1/2020,New York,53,32218,9626,830511,1628706,3170,0.09839220311627041
9/2/2020,New York,33,32251,10431,840942,1628706,3170,0.09829152584415987
9/3/2020,New York,59,32310,11922,852864,1628706,3170,0.0981120396162179
9/4/2020,New York,62,32372,11623,864487,1628706,3172,0.09798591375262572
9/5/2020,New York,54,32426,10016,874503,1628706,3172,0.09782273484241041
9/6/2020,New York,16,32442,5522,880025,1628706,3172,0.09777448985882498
9/7/2020,New York,19,32461,5232,885257,1628706,3173,0.09774806691106251
9/8/2020,New York,39,32500,6601,891858,1628706,3173,0.09763076923076923
9/9/2020,New York,51,32551,7682,899540,1628706,3173,0.09747780406131916
9/10/2020,New York,52,32603,10273,909813,1628706,3173,0.09732233230070853
9/11/2020,New York,40,32643,11620,921433,1628706,3173,0.09720307569769936
9/12/2020,New York,34,32677,7538,928971,1628706,3173,0.09710193714233253
9/13/2020,New York,51,32728,8093,937064,1628706,3173,0.09695062331948179
9/14/2020,New York,44,32772,6557,943621,1628706,3173,0.09682045648724522
9/15/2020,New York,63,32835,8840,952461,1628706,3173,0.0966346885944876
9/16/2020,New York,57,32892,8958,961419,1628706,3173,0.09646722607320929
9/17/2020,New York,46,32938,10383,971802,1628706,3173,0.0963325034914081
9/18/2020,New York,73,33011,11603,983405,1628706,3173,0.09611947532640636
9/19/2020,New York,59,33070,10763,994168,1628706,3173,0.0959479891140006
9/20/2020,New York,35,33105,7038,1001206,1628706,3173,0.09584654885968887
9/21/2020,New York,41,33146,8274,1009480,1628706,3173,0.09572799131116877
9/22/2020,New York,41,33187,6599,1016079,1628706,3173,0.09560972670021393
9/23/2020,New York,50,33237,8567,1024646,1628706,3173,0.09546589644071367
9/24/2020,New York,50,33287,9692,1034338,1628706,3174,0.0953525400306426
9/25/2020,New York,48,33335,10299,1044637,1628706,3175,0.0952452377381131
9/26/2020,New York,36,33371,9082,1053719,1628706,3176,0.09517245512570795
9/27/2020,New York,47,33418,5700,1059419,1628706,3176,0.09503860195104434
9/28/2020,New York,79,33497,10863,1070282,1628706,3178,0.0948741678359256
9/29/2020,New York,64,33561,11148,1081430,1628706,3178,0.09469324513572301
9/30/2020,New York,65,33626,9545,1090975,1628706,3178,0.09451020044013561
10/1/2020,New York,72,33698,10456,1101431,1628706,3181,0.09439729360792926
10/2/2020,New York,93,33791,13510,1114941,1628706,3181,0.09413749223165932
10/3/2020,New York,72,33863,10817,1125758,1628706,3182,0.09396686649145085
10/4/2020,New York,72,33935,10249,1136007,1628706,3182,0.09376749668483866
10/5/2020,New York,70,34005,9469,1145476,1628706,3182,0.09357447434200852
10/6/2020,New York,46,34051,8754,1154230,1628706,3182,0.09344806319931867
10/7/2020,New York,93,34144,12926,1167156,1628706,3182,0.09319353327085286
10/8/2020,New York,73,34217,14289,1181445,1628706,3182,0.09299471023175615
10/9/2020,New York,79,34296,13048,1194493,1628706,3182,0.09278049918357827
10/10/2020,New York,46,34342,11342,1205835,1628706,3182,0.09265622270106574
10/11/2020,New York,66,34408,10326,1216161,1628706,3183,0.09250755638223669
10/12/2020,New York,93,34501,10160,1226321,1628706,3183,0.09225819541462567
10/13/2020,New York,68,34569,9044,1235365,1628706,3184,0.09210564378489398
10/14/2020,New York,68,34637,12332,1247697,1628706,3185,0.09195369113953288
10/15/2020,New York,98,34735,13546,1261243,1628706,3188,0.09178062473009932
10/16/2020,New York,136,34871,18142,1279385,1628706,3188,0.09142267213443836
10/17/2020,New York,120,34991,18831,1298216,1628706,3188,0.09110914235089022
10/18/2020,New York,63,35054,8282,1306498,1628706,3190,0.09100245335767673
10/19/2020,New York,71,35125,7273,1313771,1628706,3191,0.09084697508896797
10/20/2020,New York,124,35249,13942,1327713,1628706,3191,0.09052739084796732
10/21/2020,New York,96,35345,11839,1339552,1628706,3191,0.09028151082189843
10/22/2020,New York,114,35459,13307,1352859,1628706,3191,0.08999125750867198
10/23/2020,New York,151,35610,15257,1368116,1628706,3192,0.08963774220724516
10/24/2020,New York,113,35723,12193,1380309,1628706,3192,0.08935419757579151
10/25/2020,New York,66,35789,7380,1387689,1628706,3192,0.08918941574226717
10/26/2020,New York,108,35897,9720,1397409,1628706,3193,0.08894893723709502
10/27/2020,New York,179,36076,13877,1411286,1628706,3195,0.08856303359574232
10/28/2020,New York,148,36224,20355,1431641,1628706,3195,0.0882011925795053
10/29/2020,New York,176,36400,15072,1446713,1628706,3198,0.08785714285714286
10/30/2020,New York,115,36515,14447,1461160,1628706,3198,0.08758044639189375
10/31/2020,New York,197,36712,22188,1483348,1628706,3198,0.08711048158640226
11/1/2020,New York,102,36814,11785,1495133,1628706,3198,0.08686912587602542
11/2/2020,New York,166,36980,15443,1510576,1628706,3198,0.0864791779340184
11/3/2020,New York,120,37100,13877,1524453,1628706,3198,0.08619946091644205
11/4/2020,New York,178,37278,15464,1539917,1628706,3198,0.08578786415580235
11/5/2020,New York,152,37430,15129,1555046,1628706,3198,0.08543948704247929
11/6/2020,New York,211,37641,16536,1571582,1628706,3198,0.08496054833824819
11/7/2020,New York,299,37940,17972,1589554,1628706,3198,0.08429098576700053
11/8/2020,New York,231,38171,11886,1601440,1628706,3198,0.08378088077336197
11/9/2020,New York,213,38384,11968,1613408,1628706,3198,0.08331596498541059
11/10/2020,New York,284,38668,14826,1628234,1628706,3198,0.08270404468811421
11/11/2020,New York,338,39006,17687,1645921,1628706,3200,0.08203866071886376
11/12/2020,New York,349,39355,20508,1666429,1628706,3200,0.08131114216745014
11/13/2020,New York,345,39700,18804,1685233,1628706,3201,0.08062972292191435
11/14/2020,New York,275,39975,16883,1702116,1628706,3204,0.08015009380863039
3/1/2020,Niagara,0,0,0,0,209281,0,NaN
3/2/2020,Niagara,0,0,0,0,209281,0,NaN
3/3/2020,Niagara,0,0,0,0,209281,0,NaN
3/4/2020,Niagara,0,0,0,0,209281,0,NaN
3/5/2020,Niagara,0,0,0,0,209281,0,NaN
3/6/2020,Niagara,0,0,0,0,209281,0,NaN
3/7/2020,Niagara,0,0,0,0,209281,0,NaN
3/8/2020,Niagara,0,0,1,1,209281,0,NaN
3/9/2020,Niagara,0,0,0,1,209281,0,NaN
3/10/2020,Niagara,0,0,0,1,209281,0,NaN
3/11/2020,Niagara,0,0,1,2,209281,0,NaN
3/12/2020,Niagara,0,0,1,3,209281,0,NaN
3/13/2020,Niagara,0,0,0,3,209281,0,NaN
3/14/2020,Niagara,0,0,1,4,209281,0,NaN
3/15/2020,Niagara,0,0,0,4,209281,0,NaN
3/16/2020,Niagara,0,0,1,5,209281,0,NaN
3/17/2020,Niagara,0,0,1,6,209281,0,NaN
3/18/2020,Niagara,1,1,10,16,209281,0,0
3/19/2020,Niagara,2,3,4,20,209281,0,0
3/20/2020,Niagara,1,4,6,26,209281,0,0
3/21/2020,Niagara,2,6,9,35,209281,0,0
3/22/2020,Niagara,4,10,38,73,209281,0,0
3/23/2020,Niagara,1,11,15,88,209281,0,0
3/24/2020,Niagara,1,12,16,104,209281,0,0
3/25/2020,Niagara,2,14,10,114,209281,0,0
3/26/2020,Niagara,9,23,55,169,209281,0,0
3/27/2020,Niagara,10,33,57,226,209281,0,0
3/28/2020,Niagara,5,38,18,244,209281,0,0
3/29/2020,Niagara,3,41,6,250,209281,0,0
3/30/2020,Niagara,1,42,15,265,209281,0,0
3/31/2020,Niagara,4,46,13,278,209281,0,0
4/1/2020,Niagara,30,76,89,367,209281,0,0
4/2/2020,Niagara,18,94,61,428,209281,0,0
4/3/2020,Niagara,7,101,47,475,209281,0,0
4/4/2020,Niagara,15,116,54,529,209281,0,0
4/5/2020,Niagara,4,120,44,573,209281,0,0
4/6/2020,Niagara,6,126,44,617,209281,0,0
4/7/2020,Niagara,8,134,39,656,209281,0,0
4/8/2020,Niagara,12,146,53,709,209281,1,0.00684931506849315
4/9/2020,Niagara,10,156,79,788,209281,1,0.00641025641025641
4/10/2020,Niagara,11,167,46,834,209281,1,0.005988023952095809
4/11/2020,Niagara,16,183,62,896,209281,2,0.01092896174863388
4/12/2020,Niagara,6,189,29,925,209281,5,0.026455026455026454
4/13/2020,Niagara,8,197,48,973,209281,5,0.025380710659898477
4/14/2020,Niagara,7,204,57,1030,209281,6,0.029411764705882353
4/15/2020,Niagara,12,216,82,1112,209281,10,0.046296296296296294
4/16/2020,Niagara,11,227,56,1168,209281,12,0.05286343612334802
4/17/2020,Niagara,7,234,53,1221,209281,12,0.05128205128205128
4/18/2020,Niagara,12,246,69,1290,209281,12,0.04878048780487805
4/19/2020,Niagara,9,255,48,1338,209281,17,0.06666666666666667
4/20/2020,Niagara,5,260,53,1391,209281,17,0.06538461538461539
4/21/2020,Niagara,8,268,49,1440,209281,17,0.06343283582089553
4/22/2020,Niagara,27,295,195,1635,209281,19,0.06440677966101695
4/23/2020,Niagara,37,332,192,1827,209281,21,0.06325301204819277
4/24/2020,Niagara,12,344,107,1934,209281,21,0.061046511627906974
4/25/2020,Niagara,24,368,142,2076,209281,21,0.057065217391304345
4/26/2020,Niagara,10,378,95,2171,209281,21,0.05555555555555555
4/27/2020,Niagara,8,386,89,2260,209281,21,0.054404145077720206
4/28/2020,Niagara,15,401,130,2390,209281,21,0.05236907730673317
4/29/2020,Niagara,19,420,154,2544,209281,21,0.05
4/30/2020,Niagara,20,440,239,2783,209281,23,0.05227272727272727
5/1/2020,Niagara,17,457,269,3052,209281,24,0.0525164113785558
5/2/2020,Niagara,17,474,184,3236,209281,26,0.05485232067510549
5/3/2020,Niagara,19,493,318,3554,209281,26,0.05273833671399594
5/4/2020,Niagara,15,508,198,3752,209281,27,0.0531496062992126
5/5/2020,Niagara,41,549,353,4105,209281,27,0.04918032786885246
5/6/2020,Niagara,39,588,282,4387,209281,37,0.06292517006802721
5/7/2020,Niagara,17,605,257,4644,209281,40,0.06611570247933884
5/8/2020,Niagara,22,627,273,4917,209281,44,0.07017543859649122
5/9/2020,Niagara,16,643,359,5276,209281,45,0.06998444790046657
5/10/2020,Niagara,12,655,176,5452,209281,46,0.07022900763358779
5/11/2020,Niagara,16,671,186,5638,209281,47,0.07004470938897168
5/12/2020,Niagara,19,690,343,5981,209281,49,0.07101449275362319
5/13/2020,Niagara,20,710,330,6311,209281,50,0.07042253521126761
5/14/2020,Niagara,33,743,530,6841,209281,52,0.06998654104979811
5/15/2020,Niagara,27,770,383,7224,209281,52,0.06753246753246753
5/16/2020,Niagara,22,792,421,7645,209281,53,0.06691919191919192
5/17/2020,Niagara,26,818,325,7970,209281,54,0.06601466992665037
5/18/2020,Niagara,27,845,271,8241,209281,54,0.06390532544378698
5/19/2020,Niagara,13,858,370,8611,209281,54,0.06293706293706294
5/20/2020,Niagara,22,880,540,9151,209281,54,0.06136363636363636
5/21/2020,Niagara,17,897,655,9806,209281,55,0.06131549609810479
5/22/2020,Niagara,30,927,501,10307,209281,55,0.0593311758360302
5/23/2020,Niagara,14,941,355,10662,209281,55,0.05844845908607864
5/24/2020,Niagara,14,955,501,11163,209281,56,0.05863874345549738
5/25/2020,Niagara,10,965,366,11529,209281,58,0.06010362694300518
5/26/2020,Niagara,7,972,247,11776,209281,59,0.060699588477366256
5/27/2020,Niagara,12,984,502,12278,209281,63,0.06402439024390244
5/28/2020,Niagara,24,1008,583,12861,209281,65,0.06448412698412699
5/29/2020,Niagara,12,1020,447,13308,209281,65,0.06372549019607843
5/30/2020,Niagara,17,1037,495,13803,209281,65,0.0626808100289296
5/31/2020,Niagara,9,1046,420,14223,209281,65,0.0621414913957935
6/1/2020,Niagara,2,1048,485,14708,209281,66,0.06297709923664122
6/2/2020,Niagara,19,1067,655,15363,209281,68,0.06373008434864105
6/3/2020,Niagara,18,1085,739,16102,209281,69,0.06359447004608294
6/4/2020,Niagara,14,1099,726,16828,209281,69,0.06278434940855324
6/5/2020,Niagara,10,1109,999,17827,209281,70,0.06311992786293959
6/6/2020,Niagara,3,1112,521,18348,209281,70,0.06294964028776978
6/7/2020,Niagara,4,1116,419,18767,209281,71,0.06362007168458782
6/8/2020,Niagara,9,1125,942,19709,209281,74,0.06577777777777778
6/9/2020,Niagara,4,1129,510,20219,209281,74,0.06554472984942426
6/10/2020,Niagara,7,1136,623,20842,209281,76,0.06690140845070422
6/11/2020,Niagara,7,1143,718,21560,209281,79,0.06911636045494313
6/12/2020,Niagara,11,1154,630,22190,209281,79,0.0684575389948007
6/13/2020,Niagara,12,1166,745,22935,209281,82,0.07032590051457976
6/14/2020,Niagara,3,1169,464,23399,209281,82,0.07014542343883662
6/15/2020,Niagara,2,1171,424,23823,209281,83,0.07087959009393681
6/16/2020,Niagara,6,1177,505,24328,209281,83,0.07051826677994902
6/17/2020,Niagara,6,1183,850,25178,209281,83,0.07016060862214708
6/18/2020,Niagara,2,1185,977,26155,209281,84,0.07088607594936709
6/19/2020,Niagara,3,1188,621,26776,209281,84,0.0707070707070707
6/20/2020,Niagara,4,1192,531,27307,209281,84,0.07046979865771812
6/21/2020,Niagara,1,1193,402,27709,209281,84,0.07041072925398156
6/22/2020,Niagara,2,1195,371,28080,209281,84,0.07029288702928871
6/23/2020,Niagara,4,1199,803,28883,209281,84,0.07005838198498748
6/24/2020,Niagara,4,1203,963,29846,209281,85,0.07065669160432253
6/25/2020,Niagara,10,1213,606,30452,209281,85,0.07007419620774938
6/26/2020,Niagara,10,1223,820,31272,209281,85,0.06950122649223221
6/27/2020,Niagara,3,1226,513,31785,209281,85,0.06933115823817292
6/28/2020,Niagara,2,1228,385,32170,209281,85,0.06921824104234528
6/29/2020,Niagara,6,1234,622,32792,209281,85,0.06888168557536467
6/30/2020,Niagara,3,1237,517,33309,209281,85,0.068714632174616
7/1/2020,Niagara,11,1248,987,34296,209281,85,0.06810897435897435
7/2/2020,Niagara,14,1262,763,35059,209281,85,0.06735340729001585
7/3/2020,Niagara,15,1277,683,35742,209281,85,0.06656225528582616
7/4/2020,Niagara,7,1284,476,36218,209281,85,0.06619937694704049
7/5/2020,Niagara,6,1290,360,36578,209281,85,0.06589147286821706
7/6/2020,Niagara,7,1297,442,37020,209281,85,0.06553585196607556
7/7/2020,Niagara,10,1307,718,37738,209281,85,0.06503442999234889
7/8/2020,Niagara,8,1315,826,38564,209281,85,0.06463878326996197
7/9/2020,Niagara,12,1327,835,39399,209281,85,0.0640542577241899
7/10/2020,Niagara,7,1334,533,39932,209281,85,0.06371814092953523
7/11/2020,Niagara,6,1340,720,40652,209281,85,0.06343283582089553
7/12/2020,Niagara,2,1342,266,40918,209281,85,0.06333830104321908
7/13/2020,Niagara,9,1351,685,41603,209281,85,0.06291635825314582
7/14/2020,Niagara,5,1356,665,42268,209281,85,0.06268436578171091
7/15/2020,Niagara,8,1364,930,43198,209281,85,0.062316715542521994
7/16/2020,Niagara,7,1371,933,44131,209281,85,0.06199854121079504
7/17/2020,Niagara,4,1375,419,44550,209281,85,0.06181818181818182
7/18/2020,Niagara,7,1382,509,45059,209281,86,0.06222865412445731
7/19/2020,Niagara,2,1384,209,45268,209281,86,0.06213872832369942
7/20/2020,Niagara,4,1388,640,45908,209281,87,0.06268011527377522
7/21/2020,Niagara,7,1395,736,46644,209281,87,0.06236559139784946
7/22/2020,Niagara,10,1405,586,47230,209281,87,0.06192170818505338
7/23/2020,Niagara,3,1408,707,47937,209281,87,0.06178977272727273
7/24/2020,Niagara,12,1420,1234,49171,209281,88,0.061971830985915494
7/25/2020,Niagara,2,1422,503,49674,209281,88,0.06188466947960619
7/26/2020,Niagara,2,1424,335,50009,209281,88,0.06179775280898876
7/27/2020,Niagara,0,1424,698,50707,209281,88,0.06179775280898876
7/28/2020,Niagara,6,1430,543,51250,209281,88,0.06153846153846154
7/29/2020,Niagara,4,1434,860,52110,209281,88,0.061366806136680614
7/30/2020,Niagara,6,1440,515,52625,209281,88,0.06111111111111111
7/31/2020,Niagara,4,1444,748,53373,209281,88,0.060941828254847646
8/1/2020,Niagara,2,1446,519,53892,209281,88,0.06085753803596127
8/2/2020,Niagara,3,1449,314,54206,209281,88,0.06073153899240856
8/3/2020,Niagara,9,1458,996,55202,209281,88,0.06035665294924554
8/4/2020,Niagara,8,1466,1332,56534,209281,88,0.06002728512960437
8/5/2020,Niagara,4,1470,639,57173,209281,88,0.05986394557823129
8/6/2020,Niagara,21,1491,646,57819,209281,88,0.05902079141515761
8/7/2020,Niagara,3,1494,997,58816,209281,88,0.058902275769745646
8/8/2020,Niagara,4,1498,462,59278,209281,88,0.05874499332443257
8/9/2020,Niagara,2,1500,283,59561,209281,88,0.058666666666666666
8/10/2020,Niagara,12,1512,925,60486,209281,88,0.0582010582010582
8/11/2020,Niagara,2,1514,652,61138,209281,88,0.05812417437252312
8/12/2020,Niagara,4,1518,551,61689,209281,88,0.057971014492753624
8/13/2020,Niagara,6,1524,821,62510,209281,88,0.05774278215223097
8/14/2020,Niagara,5,1529,597,63107,209281,88,0.05755395683453238
8/15/2020,Niagara,3,1532,573,63680,209281,88,0.057441253263707574
8/16/2020,Niagara,0,1532,319,63999,209281,88,0.057441253263707574
8/17/2020,Niagara,3,1535,459,64458,209281,88,0.05732899022801303
8/18/2020,Niagara,9,1544,590,65048,209281,88,0.05699481865284974
8/19/2020,Niagara,3,1547,757,65805,209281,88,0.056884292178409825
8/20/2020,Niagara,9,1556,768,66573,209281,88,0.056555269922879174
8/21/2020,Niagara,10,1566,683,67256,209281,89,0.05683269476372925
8/22/2020,Niagara,9,1575,646,67902,209281,89,0.05650793650793651
8/23/2020,Niagara,1,1576,286,68188,209281,89,0.056472081218274114
8/24/2020,Niagara,10,1586,591,68779,209281,89,0.056116015132408575
8/25/2020,Niagara,4,1590,520,69299,209281,89,0.0559748427672956
8/26/2020,Niagara,5,1595,913,70212,209281,89,0.05579937304075235
8/27/2020,Niagara,5,1600,734,70946,209281,89,0.055625
8/28/2020,Niagara,5,1605,605,71551,209281,89,0.05545171339563863
8/29/2020,Niagara,7,1612,957,72508,209281,89,0.05521091811414392
8/30/2020,Niagara,6,1618,532,73040,209281,89,0.0550061804697157
8/31/2020,Niagara,8,1626,856,73896,209281,89,0.054735547355473556
9/1/2020,Niagara,6,1632,895,74791,209281,89,0.0545343137254902
9/2/2020,Niagara,3,1635,789,75580,209281,89,0.054434250764525995
9/3/2020,Niagara,3,1638,767,76347,209281,89,0.054334554334554336
9/4/2020,Niagara,5,1643,806,77153,209281,89,0.054169202678027994
9/5/2020,Niagara,7,1650,503,77656,209281,89,0.05393939393939394
9/6/2020,Niagara,4,1654,394,78050,209281,89,0.05380894800483676
9/7/2020,Niagara,5,1659,547,78597,209281,89,0.05364677516576251
9/8/2020,Niagara,4,1663,502,79099,209281,89,0.05351773902585689
9/9/2020,Niagara,3,1666,637,79736,209281,89,0.05342136854741897
9/10/2020,Niagara,5,1671,724,80460,209281,89,0.05326152004787552
9/11/2020,Niagara,7,1678,743,81203,209281,89,0.05303933253873659
9/12/2020,Niagara,7,1685,585,81788,209281,89,0.052818991097922846
9/13/2020,Niagara,4,1689,420,82208,209281,89,0.0526939017169923
9/14/2020,Niagara,4,1693,679,82887,209281,89,0.052569403425871235
9/15/2020,Niagara,1,1694,445,83332,209281,89,0.0525383707201889
9/16/2020,Niagara,9,1703,1145,84477,209281,89,0.05226071638285379
9/17/2020,Niagara,4,1707,486,84963,209281,89,0.05213825424721734
9/18/2020,Niagara,7,1714,772,85735,209281,89,0.051925320886814466
9/19/2020,Niagara,10,1724,1161,86896,209281,89,0.05162412993039443
9/20/2020,Niagara,4,1728,444,87340,209281,89,0.05150462962962963
9/21/2020,Niagara,5,1733,564,87904,209281,89,0.05135603000577034
9/22/2020,Niagara,8,1741,711,88615,209281,89,0.0511200459506031
9/23/2020,Niagara,15,1756,884,89499,209281,89,0.050683371298405465
9/24/2020,Niagara,10,1766,981,90480,209281,89,0.050396375990939976
9/25/2020,Niagara,7,1773,609,91089,209281,89,0.050197405527354765
9/26/2020,Niagara,4,1777,990,92079,209281,89,0.05008441193021947
9/27/2020,Niagara,3,1780,548,92627,209281,89,0.05
9/28/2020,Niagara,3,1783,1727,94354,209281,89,0.04991587212563096
9/29/2020,Niagara,5,1788,1119,95473,209281,89,0.049776286353467564
9/30/2020,Niagara,11,1799,1127,96600,209281,89,0.049471928849360754
10/1/2020,Niagara,10,1809,1480,98080,209281,89,0.04919845218352681
10/2/2020,Niagara,4,1813,1139,99219,209281,89,0.049089906232763374
10/3/2020,Niagara,15,1828,1260,100479,209281,89,0.048687089715536105
10/4/2020,Niagara,6,1834,738,101217,209281,89,0.0485278080697928
10/5/2020,Niagara,6,1840,906,102123,209281,89,0.0483695652173913
10/6/2020,Niagara,2,1842,640,102763,209281,89,0.048317046688382194
10/7/2020,Niagara,13,1855,1305,104068,209281,89,0.04797843665768194
10/8/2020,Niagara,17,1872,1448,105516,209281,89,0.04754273504273504
10/9/2020,Niagara,10,1882,890,106406,209281,89,0.04729011689691817
10/10/2020,Niagara,13,1895,870,107276,209281,89,0.04696569920844327
10/11/2020,Niagara,7,1902,1159,108435,209281,89,0.04679284963196635
10/12/2020,Niagara,5,1907,495,108930,209281,89,0.046670162558993186
10/13/2020,Niagara,4,1911,899,109829,209281,89,0.04657247514390372
10/14/2020,Niagara,17,1928,1204,111033,209281,89,0.04616182572614108
10/15/2020,Niagara,10,1938,1440,112473,209281,90,0.04643962848297214
10/16/2020,Niagara,8,1946,1287,113760,209281,90,0.046248715313463515
10/17/2020,Niagara,12,1958,838,114598,209281,90,0.045965270684371805
10/18/2020,Niagara,3,1961,437,115035,209281,90,0.04589495155532891
10/19/2020,Niagara,7,1968,996,116031,209281,90,0.04573170731707317
10/20/2020,Niagara,18,1986,1095,117126,209281,90,0.045317220543806644
10/21/2020,Niagara,11,1997,1154,118280,209281,90,0.045067601402103155
10/22/2020,Niagara,19,2016,1220,119500,209281,90,0.044642857142857144
10/23/2020,Niagara,16,2032,1676,121176,209281,90,0.04429133858267716
10/24/2020,Niagara,9,2041,767,121943,209281,90,0.04409603135717785
10/25/2020,Niagara,9,2050,835,122778,209281,90,0.04390243902439024
10/26/2020,Niagara,15,2065,793,123571,209281,90,0.043583535108958835
10/27/2020,Niagara,10,2075,840,124411,209281,90,0.043373493975903614
10/28/2020,Niagara,13,2088,1043,125454,209281,90,0.04310344827586207
10/29/2020,Niagara,20,2108,1132,126586,209281,90,0.04269449715370019
10/30/2020,Niagara,16,2124,1223,127809,209281,90,0.0423728813559322
10/31/2020,Niagara,13,2137,882,128691,209281,90,0.04211511464670098
11/1/2020,Niagara,18,2155,690,129381,209281,90,0.04176334106728538
11/2/2020,Niagara,11,2166,1122,130503,209281,90,0.04155124653739612
11/3/2020,Niagara,25,2191,656,131159,209281,90,0.041077133728890915
11/4/2020,Niagara,40,2231,1301,132460,209281,91,0.04078888390856118
11/5/2020,Niagara,43,2274,1161,133621,209281,91,0.04001759014951627
11/6/2020,Niagara,39,2313,1519,135140,209281,91,0.039342844790315606
11/7/2020,Niagara,41,2354,868,136008,209281,91,0.03865760407816483
11/8/2020,Niagara,38,2392,813,136821,209281,91,0.03804347826086957
11/9/2020,Niagara,75,2467,1523,138344,209281,92,0.03729225780299959
11/10/2020,Niagara,38,2505,945,139289,209281,93,0.037125748502994015
11/11/2020,Niagara,59,2564,1437,140726,209281,93,0.03627145085803432
11/12/2020,Niagara,52,2616,1486,142212,209281,93,0.03555045871559633
11/13/2020,Niagara,62,2678,1293,143505,209281,94,0.0351008215085885
11/14/2020,Niagara,30,2708,841,144346,209281,96,0.03545051698670606
3/1/2020,Oneida,0,0,0,0,228671,0,NaN
3/2/2020,Oneida,0,0,0,0,228671,0,NaN
3/3/2020,Oneida,0,0,0,0,228671,0,NaN
3/4/2020,Oneida,0,0,2,2,228671,0,NaN
3/5/2020,Oneida,0,0,0,2,228671,0,NaN
3/6/2020,Oneida,0,0,0,2,228671,0,NaN
3/7/2020,Oneida,0,0,0,2,228671,0,NaN
3/8/2020,Oneida,0,0,0,2,228671,0,NaN
3/9/2020,Oneida,0,0,0,2,228671,0,NaN
3/10/2020,Oneida,0,0,0,2,228671,0,NaN
3/11/2020,Oneida,0,0,1,3,228671,0,NaN
3/12/2020,Oneida,0,0,1,4,228671,0,NaN
3/13/2020,Oneida,0,0,1,5,228671,0,NaN
3/14/2020,Oneida,0,0,1,6,228671,0,NaN
3/15/2020,Oneida,0,0,3,9,228671,0,NaN
3/16/2020,Oneida,0,0,1,10,228671,0,NaN
3/17/2020,Oneida,0,0,4,14,228671,0,NaN
3/18/2020,Oneida,2,2,14,28,228671,0,0
3/19/2020,Oneida,0,2,7,35,228671,0,0
3/20/2020,Oneida,2,4,59,94,228671,0,0
3/21/2020,Oneida,1,5,30,124,228671,0,0
3/22/2020,Oneida,2,7,36,160,228671,0,0
3/23/2020,Oneida,1,8,24,184,228671,0,0
3/24/2020,Oneida,1,9,48,232,228671,0,0
3/25/2020,Oneida,4,13,22,254,228671,0,0
3/26/2020,Oneida,0,13,41,295,228671,0,0
3/27/2020,Oneida,10,23,43,338,228671,0,0
3/28/2020,Oneida,3,26,26,364,228671,0,0
3/29/2020,Oneida,8,34,26,390,228671,0,0
3/30/2020,Oneida,6,40,57,447,228671,0,0
3/31/2020,Oneida,10,50,58,505,228671,1,0.02
4/1/2020,Oneida,11,61,82,587,228671,1,0.01639344262295082
4/2/2020,Oneida,10,71,77,664,228671,1,0.014084507042253521
4/3/2020,Oneida,9,80,58,722,228671,2,0.025
4/4/2020,Oneida,7,87,55,777,228671,2,0.022988505747126436
4/5/2020,Oneida,13,100,87,864,228671,2,0.02
4/6/2020,Oneida,18,118,90,954,228671,2,0.01694915254237288
4/7/2020,Oneida,7,125,59,1013,228671,2,0.016
4/8/2020,Oneida,33,158,104,1117,228671,2,0.012658227848101266
4/9/2020,Oneida,14,172,85,1202,228671,2,0.011627906976744186
4/10/2020,Oneida,9,181,42,1244,228671,2,0.011049723756906077
4/11/2020,Oneida,14,195,83,1327,228671,2,0.010256410256410256
4/12/2020,Oneida,11,206,61,1388,228671,2,0.009708737864077669
4/13/2020,Oneida,23,229,100,1488,228671,2,0.008733624454148471
4/14/2020,Oneida,17,246,79,1567,228671,2,0.008130081300813009
4/15/2020,Oneida,3,249,32,1599,228671,3,0.012048192771084338
4/16/2020,Oneida,12,261,82,1681,228671,3,0.011494252873563218
4/17/2020,Oneida,7,268,85,1766,228671,3,0.011194029850746268
4/18/2020,Oneida,7,275,52,1818,228671,3,0.01090909090909091
4/19/2020,Oneida,4,279,75,1893,228671,4,0.014336917562724014
4/20/2020,Oneida,5,284,133,2026,228671,6,0.02112676056338028
4/21/2020,Oneida,17,301,117,2143,228671,6,0.019933554817275746
4/22/2020,Oneida,16,317,174,2317,228671,8,0.025236593059936908
4/23/2020,Oneida,6,323,67,2384,228671,8,0.02476780185758514
4/24/2020,Oneida,41,364,401,2785,228671,8,0.02197802197802198
4/25/2020,Oneida,20,384,112,2897,228671,8,0.020833333333333332
4/26/2020,Oneida,13,397,128,3025,228671,11,0.027707808564231738
4/27/2020,Oneida,14,411,132,3157,228671,11,0.0267639902676399
4/28/2020,Oneida,11,422,124,3281,228671,12,0.02843601895734597
4/29/2020,Oneida,17,439,145,3426,228671,14,0.03189066059225513
4/30/2020,Oneida,12,451,149,3575,228671,14,0.031042128603104215
5/1/2020,Oneida,23,474,185,3760,228671,14,0.029535864978902954
5/2/2020,Oneida,15,489,149,3909,228671,14,0.028629856850715747
5/3/2020,Oneida,61,550,241,4150,228671,16,0.02909090909090909
5/4/2020,Oneida,24,574,247,4397,228671,17,0.029616724738675958
5/5/2020,Oneida,5,579,234,4631,228671,17,0.02936096718480138
5/6/2020,Oneida,30,609,375,5006,228671,22,0.0361247947454844
5/7/2020,Oneida,11,620,323,5329,228671,22,0.035483870967741936
5/8/2020,Oneida,18,638,296,5625,228671,23,0.03605015673981191
5/9/2020,Oneida,22,660,329,5954,228671,24,0.03636363636363636
5/10/2020,Oneida,9,669,269,6223,228671,25,0.03736920777279522
5/11/2020,Oneida,7,676,161,6384,228671,25,0.03698224852071006
5/12/2020,Oneida,10,686,397,6781,228671,26,0.037900874635568516
5/13/2020,Oneida,12,698,376,7157,228671,26,0.03724928366762178
5/14/2020,Oneida,15,713,268,7425,228671,29,0.04067321178120617
5/15/2020,Oneida,38,751,342,7767,228671,30,0.03994673768308921
5/16/2020,Oneida,9,760,209,7976,228671,33,0.04342105263157895
5/17/2020,Oneida,12,772,318,8294,228671,35,0.04533678756476684
5/18/2020,Oneida,13,785,326,8620,228671,38,0.048407643312101914
5/19/2020,Oneida,17,802,775,9395,228671,38,0.04738154613466334
5/20/2020,Oneida,15,817,779,10174,228671,39,0.04773561811505508
5/21/2020,Oneida,11,828,815,10989,228671,39,0.04710144927536232
5/22/2020,Oneida,36,864,1305,12294,228671,41,0.047453703703703706
5/23/2020,Oneida,14,878,659,12953,228671,41,0.04669703872437358
5/24/2020,Oneida,27,905,930,13883,228671,42,0.04640883977900553
5/25/2020,Oneida,12,917,427,14310,228671,42,0.04580152671755725
5/26/2020,Oneida,12,929,488,14798,228671,45,0.04843918191603875
5/27/2020,Oneida,30,959,927,15725,228671,47,0.049009384775808136
5/28/2020,Oneida,29,988,1284,17009,228671,52,0.05263157894736842
5/29/2020,Oneida,18,1006,757,17766,228671,54,0.0536779324055666
5/30/2020,Oneida,21,1027,1108,18874,228671,54,0.05258033106134372
5/31/2020,Oneida,9,1036,677,19551,228671,54,0.052123552123552123
6/1/2020,Oneida,13,1049,613,20164,228671,56,0.05338417540514776
6/2/2020,Oneida,9,1058,1128,21292,228671,57,0.05387523629489603
6/3/2020,Oneida,11,1069,892,22184,228671,59,0.05519176800748363
6/4/2020,Oneida,8,1077,1050,23234,228671,64,0.059424326833797586
6/5/2020,Oneida,50,1127,1505,24739,228671,65,0.05767524401064774
6/6/2020,Oneida,16,1143,1276,26015,228671,65,0.0568678915135608
6/7/2020,Oneida,27,1170,1207,27222,228671,67,0.05726495726495726
6/8/2020,Oneida,15,1185,569,27791,228671,68,0.05738396624472574
6/9/2020,Oneida,18,1203,806,28597,228671,70,0.058187863674147966
6/10/2020,Oneida,13,1216,970,29567,228671,71,0.05838815789473684
6/11/2020,Oneida,21,1237,1900,31467,228671,73,0.05901374292643492
6/12/2020,Oneida,16,1253,1048,32515,228671,76,0.060654429369513166
6/13/2020,Oneida,20,1273,978,33493,228671,79,0.062058130400628436
6/14/2020,Oneida,7,1280,517,34010,228671,81,0.06328125
6/15/2020,Oneida,21,1301,719,34729,228671,81,0.0622598001537279
6/16/2020,Oneida,6,1307,675,35404,228671,82,0.06273909716908951
6/17/2020,Oneida,25,1332,1218,36622,228671,84,0.06306306306306306
6/18/2020,Oneida,25,1357,1010,37632,228671,84,0.06190125276344879
6/19/2020,Oneida,21,1378,786,38418,228671,87,0.06313497822931785
6/20/2020,Oneida,15,1393,679,39097,228671,88,0.06317300789662599
6/21/2020,Oneida,23,1416,1126,40223,228671,88,0.062146892655367235
6/22/2020,Oneida,5,1421,558,40781,228671,88,0.06192821956368754
6/23/2020,Oneida,24,1445,802,41583,228671,90,0.06228373702422145
6/24/2020,Oneida,34,1479,1082,42665,228671,91,0.06152805949966193
6/25/2020,Oneida,41,1520,2025,44690,228671,91,0.05986842105263158
6/26/2020,Oneida,27,1547,664,45354,228671,93,0.060116354234001294
6/27/2020,Oneida,39,1586,926,46280,228671,93,0.058638083228247165
6/28/2020,Oneida,30,1616,748,47028,228671,93,0.05754950495049505
6/29/2020,Oneida,11,1627,626,47654,228671,93,0.05716041794714198
6/30/2020,Oneida,15,1642,746,48400,228671,93,0.05663824604141291
7/1/2020,Oneida,30,1672,1005,49405,228671,94,0.056220095693779906
7/2/2020,Oneida,36,1708,894,50299,228671,94,0.05503512880562061
7/3/2020,Oneida,17,1725,855,51154,228671,97,0.05623188405797101
7/4/2020,Oneida,17,1742,790,51944,228671,97,0.05568312284730195
7/5/2020,Oneida,7,1749,544,52488,228671,101,0.0577472841623785
7/6/2020,Oneida,11,1760,593,53081,228671,101,0.05738636363636364
7/7/2020,Oneida,16,1776,1015,54096,228671,101,0.05686936936936937
7/8/2020,Oneida,15,1791,1323,55419,228671,102,0.05695142378559464
7/9/2020,Oneida,15,1806,1226,56645,228671,103,0.05703211517165006
7/10/2020,Oneida,12,1818,1388,58033,228671,104,0.05720572057205721
7/11/2020,Oneida,5,1823,635,58668,228671,104,0.05704882062534284
7/12/2020,Oneida,7,1830,559,59227,228671,106,0.05792349726775956
7/13/2020,Oneida,17,1847,947,60174,228671,109,0.05901461829994586
7/14/2020,Oneida,13,1860,862,61036,228671,109,0.05860215053763441
7/15/2020,Oneida,8,1868,833,61869,228671,109,0.05835117773019272
7/16/2020,Oneida,41,1909,1177,63046,228671,109,0.0570979570455736
7/17/2020,Oneida,28,1937,1086,64132,228671,110,0.05678884873515746
7/18/2020,Oneida,3,1940,274,64406,228671,112,0.0577319587628866
7/19/2020,Oneida,2,1942,309,64715,228671,112,0.057672502574665295
7/20/2020,Oneida,20,1962,942,65657,228671,113,0.05759429153924567
7/21/2020,Oneida,13,1975,1016,66673,228671,113,0.05721518987341772
7/22/2020,Oneida,5,1980,903,67576,228671,113,0.05707070707070707
7/23/2020,Oneida,10,1990,1110,68686,228671,113,0.05678391959798995
7/24/2020,Oneida,10,2000,980,69666,228671,114,0.057
7/25/2020,Oneida,0,2000,526,70192,228671,114,0.057
7/26/2020,Oneida,10,2010,772,70964,228671,114,0.056716417910447764
7/27/2020,Oneida,18,2028,830,71794,228671,114,0.05621301775147929
7/28/2020,Oneida,25,2053,990,72784,228671,115,0.05601558694593278
7/29/2020,Oneida,9,2062,1033,73817,228671,115,0.05577109602327837
7/30/2020,Oneida,8,2070,609,74426,228671,115,0.05555555555555555
7/31/2020,Oneida,11,2081,1031,75457,228671,115,0.05526189332051898
8/1/2020,Oneida,6,2087,523,75980,228671,115,0.055103018687110684
8/2/2020,Oneida,3,2090,642,76622,228671,115,0.05502392344497608
8/3/2020,Oneida,13,2103,816,77438,228671,115,0.05468378506894912
8/4/2020,Oneida,11,2114,725,78163,228671,115,0.054399243140964997
8/5/2020,Oneida,3,2117,721,78884,228671,115,0.0543221539914974
8/6/2020,Oneida,12,2129,894,79778,228671,115,0.054015969938938466
8/7/2020,Oneida,13,2142,681,80459,228671,115,0.05368814192343604
8/8/2020,Oneida,4,2146,750,81209,228671,115,0.05358807082945014
8/9/2020,Oneida,4,2150,455,81664,228671,115,0.053488372093023255
8/10/2020,Oneida,25,2175,1194,82858,228671,115,0.052873563218390804
8/11/2020,Oneida,5,2180,824,83682,228671,115,0.052752293577981654
8/12/2020,Oneida,3,2183,960,84642,228671,115,0.052679798442510306
8/13/2020,Oneida,6,2189,1079,85721,228671,116,0.05299223389675651
8/14/2020,Oneida,6,2195,1271,86992,228671,117,0.05330296127562642
8/15/2020,Oneida,3,2198,978,87970,228671,117,0.053230209281164696
8/16/2020,Oneida,3,2201,514,88484,228671,117,0.05315765561108587
8/17/2020,Oneida,12,2213,746,89230,228671,117,0.05286940804338003
8/18/2020,Oneida,5,2218,1326,90556,228671,117,0.0527502254283138
8/19/2020,Oneida,4,2222,1421,91977,228671,117,0.052655265526552655
8/20/2020,Oneida,11,2233,1688,93665,228671,117,0.052395879982086876
8/21/2020,Oneida,9,2242,1667,95332,228671,117,0.052185548617305975
8/22/2020,Oneida,2,2244,1184,96516,228671,117,0.05213903743315508
8/23/2020,Oneida,1,2245,1051,97567,228671,118,0.05256124721603563
8/24/2020,Oneida,11,2256,915,98482,228671,120,0.05319148936170213
8/25/2020,Oneida,3,2259,1621,100103,228671,120,0.05312084993359894
8/26/2020,Oneida,5,2264,1067,101170,228671,120,0.053003533568904596
8/27/2020,Oneida,1,2265,2058,103228,228671,120,0.052980132450331126
8/28/2020,Oneida,3,2268,1563,104791,228671,120,0.05291005291005291
8/29/2020,Oneida,4,2272,1878,106669,228671,120,0.0528169014084507
8/30/2020,Oneida,2,2274,1730,108399,228671,120,0.052770448548812667
8/31/2020,Oneida,7,2281,1095,109494,228671,120,0.0526085050416484
9/1/2020,Oneida,2,2283,1486,110980,228671,120,0.052562417871222074
9/2/2020,Oneida,3,2286,1878,112858,228671,120,0.05249343832020997
9/3/2020,Oneida,9,2295,1298,114156,228671,120,0.05228758169934641
9/4/2020,Oneida,3,2298,1822,115978,228671,120,0.05221932114882506
9/5/2020,Oneida,4,2302,1716,117694,228671,120,0.052128583840139006
9/6/2020,Oneida,3,2305,750,118444,228671,120,0.052060737527114966
9/7/2020,Oneida,4,2309,610,119054,228671,120,0.0519705500216544
9/8/2020,Oneida,7,2316,1582,120636,228671,120,0.05181347150259067
9/9/2020,Oneida,6,2322,1166,121802,228671,120,0.05167958656330749
9/10/2020,Oneida,11,2333,1588,123390,228671,120,0.05143591941705958
9/11/2020,Oneida,8,2341,2315,125705,228671,120,0.05126014523707817
9/12/2020,Oneida,6,2347,1718,127423,228671,120,0.05112910097997444
9/13/2020,Oneida,1,2348,899,128322,228671,120,0.05110732538330494
9/14/2020,Oneida,8,2356,658,128980,228671,120,0.050933786078098474
9/15/2020,Oneida,3,2359,1661,130641,228671,120,0.05086901229334464
9/16/2020,Oneida,4,2363,1889,132530,228671,120,0.05078290308929327
9/17/2020,Oneida,6,2369,1428,133958,228671,121,0.05107640354579992
9/18/2020,Oneida,4,2373,1812,135770,228671,121,0.05099030762747577
9/19/2020,Oneida,2,2375,2221,137991,228671,121,0.05094736842105263
9/20/2020,Oneida,3,2378,591,138582,228671,121,0.05088309503784693
9/21/2020,Oneida,0,2378,799,139381,228671,121,0.05088309503784693
9/22/2020,Oneida,9,2387,1886,141267,228671,121,0.05069124423963134
9/23/2020,Oneida,1,2388,1980,143247,228671,121,0.05067001675041876
9/24/2020,Oneida,12,2400,1178,144425,228671,121,0.050416666666666665
9/25/2020,Oneida,7,2407,1826,146251,228671,121,0.050270045700041545
9/26/2020,Oneida,5,2412,3062,149313,228671,122,0.0505804311774461
9/27/2020,Oneida,8,2420,554,149867,228671,122,0.050413223140495865
9/28/2020,Oneida,12,2432,1073,150940,228671,123,0.05057565789473684
9/29/2020,Oneida,4,2436,1740,152680,228671,123,0.050492610837438424
9/30/2020,Oneida,24,2460,2195,154875,228671,123,0.05
10/1/2020,Oneida,2,2462,1887,156762,228671,123,0.049959382615759544
10/2/2020,Oneida,6,2468,2510,159272,228671,123,0.04983792544570503
10/3/2020,Oneida,10,2478,3099,162371,228671,123,0.04963680387409201
10/4/2020,Oneida,2,2480,578,162949,228671,124,0.05
10/5/2020,Oneida,3,2483,975,163924,228671,124,0.04993958920660491
10/6/2020,Oneida,7,2490,1675,165599,228671,124,0.04979919678714859
10/7/2020,Oneida,13,2503,2883,168482,228671,125,0.04994007191370355
10/8/2020,Oneida,9,2512,2181,170663,228671,125,0.04976114649681529
10/9/2020,Oneida,17,2529,2407,173070,228671,126,0.0498220640569395
10/10/2020,Oneida,10,2539,4138,177208,228671,126,0.049625836943678614
10/11/2020,Oneida,10,2549,1725,178933,228671,126,0.04943114947038054
10/12/2020,Oneida,5,2554,1182,180115,228671,126,0.04933437744714174
10/13/2020,Oneida,4,2558,1751,181866,228671,126,0.04925723221266615
10/14/2020,Oneida,9,2567,2504,184370,228671,126,0.04908453447604207
10/15/2020,Oneida,7,2574,2221,186591,228671,126,0.04895104895104895
10/16/2020,Oneida,12,2586,4309,190900,228671,126,0.048723897911832945
10/17/2020,Oneida,7,2593,2664,193564,228671,126,0.048592364057076745
10/18/2020,Oneida,1,2594,599,194163,228671,126,0.04857363145720894
10/19/2020,Oneida,5,2599,991,195154,228671,126,0.048480184686417856
10/20/2020,Oneida,18,2617,2776,197930,228671,126,0.04814673290026748
10/21/2020,Oneida,8,2625,2142,200072,228671,126,0.048
10/22/2020,Oneida,19,2644,2277,202349,228671,126,0.047655068078668684
10/23/2020,Oneida,26,2670,2508,204857,228671,126,0.04719101123595506
10/24/2020,Oneida,11,2681,1954,206811,228671,126,0.04699738903394256
10/25/2020,Oneida,5,2686,721,207532,228671,127,0.047282204020848845
10/26/2020,Oneida,23,2709,2031,209563,228671,127,0.04688076781100037
10/27/2020,Oneida,37,2746,2877,212440,228671,128,0.04661325564457393
10/28/2020,Oneida,23,2769,2354,214794,228671,129,0.04658721560130011
10/29/2020,Oneida,15,2784,4087,218881,228671,129,0.046336206896551727
10/30/2020,Oneida,47,2831,3100,221981,228671,129,0.045566937477922995
10/31/2020,Oneida,20,2851,3017,224998,228671,129,0.045247281655559454
11/1/2020,Oneida,16,2867,821,225819,228671,129,0.044994768050226716
11/2/2020,Oneida,29,2896,1615,227434,228671,129,0.04454419889502762
11/3/2020,Oneida,21,2917,4314,231748,228671,130,0.04456633527596846
11/4/2020,Oneida,29,2946,2922,234670,228671,130,0.04412763068567549
11/5/2020,Oneida,47,2993,4378,239048,228671,130,0.043434680922151685
11/6/2020,Oneida,46,3039,2659,241707,228671,132,0.04343534057255676
11/7/2020,Oneida,43,3082,3210,244917,228671,133,0.043153796236210254
11/8/2020,Oneida,39,3121,1691,246608,228671,133,0.042614546619673184
11/9/2020,Oneida,56,3177,1404,248012,228671,134,0.042178155492603085
11/10/2020,Oneida,74,3251,3202,251214,228671,134,0.04121808674254076
11/11/2020,Oneida,69,3320,2533,253747,228671,134,0.04036144578313253
11/12/2020,Oneida,94,3414,4349,258096,228671,135,0.03954305799648506
11/13/2020,Oneida,116,3530,1941,260037,228671,136,0.038526912181303115
11/14/2020,Oneida,39,3569,1894,261931,228671,136,0.038105912020173716
3/1/2020,Onondaga,0,0,0,0,460528,0,NaN
3/2/2020,Onondaga,0,0,0,0,460528,0,NaN
3/3/2020,Onondaga,0,0,0,0,460528,0,NaN
3/4/2020,Onondaga,0,0,0,0,460528,0,NaN
3/5/2020,Onondaga,0,0,0,0,460528,0,NaN
3/6/2020,Onondaga,0,0,0,0,460528,0,NaN
3/7/2020,Onondaga,0,0,0,0,460528,0,NaN
3/8/2020,Onondaga,0,0,0,0,460528,0,NaN
3/9/2020,Onondaga,0,0,1,1,460528,0,NaN
3/10/2020,Onondaga,0,0,0,1,460528,0,NaN
3/11/2020,Onondaga,0,0,3,4,460528,0,NaN
3/12/2020,Onondaga,0,0,1,5,460528,0,NaN
3/13/2020,Onondaga,0,0,9,14,460528,0,NaN
3/14/2020,Onondaga,0,0,18,32,460528,0,NaN
3/15/2020,Onondaga,1,1,27,59,460528,0,0
3/16/2020,Onondaga,1,2,55,114,460528,0,0
3/17/2020,Onondaga,0,2,15,129,460528,0,0
3/18/2020,Onondaga,3,5,98,227,460528,0,0
3/19/2020,Onondaga,3,8,60,287,460528,0,0
3/20/2020,Onondaga,9,17,133,420,460528,0,0
3/21/2020,Onondaga,12,29,157,577,460528,0,0
3/22/2020,Onondaga,23,52,538,1115,460528,0,0
3/23/2020,Onondaga,8,60,129,1244,460528,0,0
3/24/2020,Onondaga,5,65,124,1368,460528,0,0
3/25/2020,Onondaga,18,83,266,1634,460528,1,0.012048192771084338
3/26/2020,Onondaga,32,115,444,2078,460528,1,0.008695652173913044
3/27/2020,Onondaga,14,129,352,2430,460528,1,0.007751937984496124
3/28/2020,Onondaga,23,152,487,2917,460528,1,0.006578947368421052
3/29/2020,Onondaga,28,180,206,3123,460528,1,0.005555555555555556
3/30/2020,Onondaga,14,194,139,3262,460528,1,0.005154639175257732
3/31/2020,Onondaga,23,217,163,3425,460528,1,0.004608294930875576
4/1/2020,Onondaga,17,234,191,3616,460528,1,0.004273504273504274
4/2/2020,Onondaga,18,252,195,3811,460528,2,0.007936507936507936
4/3/2020,Onondaga,10,262,221,4032,460528,4,0.015267175572519083
4/4/2020,Onondaga,6,268,131,4163,460528,4,0.014925373134328358
4/5/2020,Onondaga,3,271,89,4252,460528,4,0.014760147601476014
4/6/2020,Onondaga,64,335,689,4941,460528,5,0.014925373134328358
4/7/2020,Onondaga,12,347,126,5067,460528,5,0.01440922190201729
4/8/2020,Onondaga,11,358,245,5312,460528,6,0.01675977653631285
4/9/2020,Onondaga,11,369,148,5460,460528,10,0.02710027100271003
4/10/2020,Onondaga,11,380,116,5576,460528,11,0.02894736842105263
4/11/2020,Onondaga,17,397,169,5745,460528,12,0.030226700251889168
4/12/2020,Onondaga,19,416,142,5887,460528,13,0.03125
4/13/2020,Onondaga,15,431,120,6007,460528,13,0.030162412993039442
4/14/2020,Onondaga,18,449,219,6226,460528,15,0.0334075723830735
4/15/2020,Onondaga,13,462,134,6360,460528,15,0.032467532467532464
4/16/2020,Onondaga,21,483,181,6541,460528,15,0.031055900621118012
4/17/2020,Onondaga,9,492,152,6693,460528,15,0.03048780487804878
4/18/2020,Onondaga,6,498,118,6811,460528,15,0.030120481927710843
4/19/2020,Onondaga,11,509,113,6924,460528,17,0.03339882121807466
4/20/2020,Onondaga,5,514,101,7025,460528,19,0.03696498054474708
4/21/2020,Onondaga,12,526,152,7177,460528,20,0.03802281368821293
4/22/2020,Onondaga,74,600,705,7882,460528,21,0.035
4/23/2020,Onondaga,39,639,722,8604,460528,21,0.03286384976525822
4/24/2020,Onondaga,25,664,530,9134,460528,23,0.03463855421686747
4/25/2020,Onondaga,28,692,280,9414,460528,23,0.033236994219653176
4/26/2020,Onondaga,34,726,256,9670,460528,23,0.03168044077134986
4/27/2020,Onondaga,16,742,268,9938,460528,23,0.03099730458221024
4/28/2020,Onondaga,40,782,386,10324,460528,24,0.030690537084398978
4/29/2020,Onondaga,50,832,343,10667,460528,26,0.03125
4/30/2020,Onondaga,28,860,334,11001,460528,28,0.03255813953488372
5/1/2020,Onondaga,43,903,433,11434,460528,30,0.03322259136212625
5/2/2020,Onondaga,49,952,593,12027,460528,31,0.032563025210084036
5/3/2020,Onondaga,19,971,436,12463,460528,34,0.035015447991761074
5/4/2020,Onondaga,31,1002,176,12639,460528,35,0.03493013972055888
5/5/2020,Onondaga,54,1056,731,13370,460528,36,0.03409090909090909
5/6/2020,Onondaga,59,1115,534,13904,460528,45,0.04035874439461883
5/7/2020,Onondaga,54,1169,407,14311,460528,46,0.03934987168520103
5/8/2020,Onondaga,49,1218,464,14775,460528,48,0.03940886699507389
5/9/2020,Onondaga,47,1265,507,15282,460528,52,0.04110671936758893
5/10/2020,Onondaga,22,1287,240,15522,460528,55,0.042735042735042736
5/11/2020,Onondaga,21,1308,329,15851,460528,56,0.04281345565749235
5/12/2020,Onondaga,87,1395,1066,16917,460528,60,0.043010752688172046
5/13/2020,Onondaga,28,1423,683,17600,460528,64,0.044975404075895994
5/14/2020,Onondaga,17,1440,385,17985,460528,68,0.04722222222222222
5/15/2020,Onondaga,29,1469,1088,19073,460528,73,0.049693669162695714
5/16/2020,Onondaga,32,1501,648,19721,460528,82,0.05463024650233178
5/17/2020,Onondaga,19,1520,483,20204,460528,86,0.056578947368421055
5/18/2020,Onondaga,145,1665,1578,21782,460528,88,0.05285285285285285
5/19/2020,Onondaga,53,1718,1844,23626,460528,90,0.05238649592549476
5/20/2020,Onondaga,53,1771,1137,24763,460528,90,0.050818746470920384
5/21/2020,Onondaga,57,1828,1344,26107,460528,91,0.049781181619256015
5/22/2020,Onondaga,76,1904,2502,28609,460528,96,0.05042016806722689
5/23/2020,Onondaga,49,1953,1352,29961,460528,97,0.049667178699436765
5/24/2020,Onondaga,28,1981,1175,31136,460528,103,0.05199394245330641
5/25/2020,Onondaga,31,2012,1129,32265,460528,104,0.05168986083499006
5/26/2020,Onondaga,21,2033,676,32941,460528,109,0.05361534677816036
5/27/2020,Onondaga,21,2054,817,33758,460528,112,0.054527750730282376
5/28/2020,Onondaga,38,2092,1731,35489,460528,114,0.05449330783938815
5/29/2020,Onondaga,41,2133,2101,37590,460528,117,0.05485232067510549
5/30/2020,Onondaga,37,2170,1829,39419,460528,117,0.05391705069124424
5/31/2020,Onondaga,27,2197,1074,40493,460528,117,0.05325443786982249
6/1/2020,Onondaga,31,2228,1035,41528,460528,123,0.055206463195691204
6/2/2020,Onondaga,28,2256,1522,43050,460528,129,0.057180851063829786
6/3/2020,Onondaga,39,2295,2189,45239,460528,132,0.05751633986928104
6/4/2020,Onondaga,34,2329,1601,46840,460528,133,0.05710605410047231
6/5/2020,Onondaga,46,2375,2186,49026,460528,134,0.05642105263157895
6/6/2020,Onondaga,17,2392,1345,50371,460528,137,0.05727424749163879
6/7/2020,Onondaga,16,2408,2040,52411,460528,138,0.057308970099667775
6/8/2020,Onondaga,19,2427,1004,53415,460528,139,0.05727235269880511
6/9/2020,Onondaga,6,2433,2197,55612,460528,141,0.05795314426633785
6/10/2020,Onondaga,21,2454,1222,56834,460528,143,0.0582722086389568
6/11/2020,Onondaga,20,2474,2072,58906,460528,146,0.05901374292643492
6/12/2020,Onondaga,24,2498,1498,60404,460528,148,0.059247397918334666
6/13/2020,Onondaga,21,2519,2756,63160,460528,149,0.0591504565303692
6/14/2020,Onondaga,12,2531,847,64007,460528,151,0.05966021335440538
6/15/2020,Onondaga,14,2545,1345,65352,460528,155,0.060903732809430254
6/16/2020,Onondaga,13,2558,870,66222,460528,156,0.06098514464425332
6/17/2020,Onondaga,57,2615,1440,67662,460528,156,0.05965583173996176
6/18/2020,Onondaga,19,2634,1694,69356,460528,158,0.05998481397114654
6/19/2020,Onondaga,10,2644,1270,70626,460528,158,0.059757942511346446
6/20/2020,Onondaga,22,2666,2328,72954,460528,160,0.06001500375093773
6/21/2020,Onondaga,9,2675,954,73908,460528,160,0.059813084112149535
6/22/2020,Onondaga,27,2702,1060,74968,460528,160,0.05921539600296077
6/23/2020,Onondaga,32,2734,1234,76202,460528,161,0.05888807607900512
6/24/2020,Onondaga,17,2751,1183,77385,460528,163,0.05925118138858597
6/25/2020,Onondaga,31,2782,1402,78787,460528,163,0.05859094176851186
6/26/2020,Onondaga,9,2791,1517,80304,460528,164,0.0587603009673952
6/27/2020,Onondaga,25,2816,1721,82025,460528,164,0.05823863636363636
6/28/2020,Onondaga,6,2822,1257,83282,460528,164,0.058114812189936214
6/29/2020,Onondaga,20,2842,1288,84570,460528,164,0.057705840957072485
6/30/2020,Onondaga,21,2863,1368,85938,460528,166,0.057981138665735246
7/1/2020,Onondaga,34,2897,1909,87847,460528,166,0.05730065585088022
7/2/2020,Onondaga,12,2909,968,88815,460528,166,0.057064283258851836
7/3/2020,Onondaga,19,2928,843,89658,460528,166,0.05669398907103825
7/4/2020,Onondaga,21,2949,856,90514,460528,166,0.05629026788741946
7/5/2020,Onondaga,14,2963,651,91165,460528,166,0.0560242996962538
7/6/2020,Onondaga,34,2997,1455,92620,460528,166,0.05538872205538872
7/7/2020,Onondaga,32,3029,1911,94531,460528,166,0.05480356553317927
7/8/2020,Onondaga,21,3050,2070,96601,460528,166,0.05442622950819672
7/9/2020,Onondaga,28,3078,1155,97756,460528,166,0.0539311241065627
7/10/2020,Onondaga,22,3100,1161,98917,460528,166,0.053548387096774196
7/11/2020,Onondaga,24,3124,1344,100261,460528,166,0.05313700384122919
7/12/2020,Onondaga,18,3142,1288,101549,460528,166,0.05283259070655633
7/13/2020,Onondaga,37,3179,2118,103667,460528,166,0.05221767851525637
7/14/2020,Onondaga,24,3203,1227,104894,460528,166,0.05182641273805807
7/15/2020,Onondaga,22,3225,1697,106591,460528,166,0.05147286821705426
7/16/2020,Onondaga,15,3240,2153,108744,460528,166,0.05123456790123457
7/17/2020,Onondaga,22,3262,1912,110656,460528,167,0.05119558553034948
7/18/2020,Onondaga,16,3278,1100,111756,460528,168,0.051250762660158634
7/19/2020,Onondaga,12,3290,1758,113514,460528,168,0.05106382978723404
7/20/2020,Onondaga,22,3312,1918,115432,460528,169,0.051026570048309176
7/21/2020,Onondaga,14,3326,1844,117276,460528,169,0.050811785929043896
7/22/2020,Onondaga,18,3344,1965,119241,460528,169,0.05053827751196172
7/23/2020,Onondaga,16,3360,2174,121415,460528,170,0.050595238095238096
7/24/2020,Onondaga,18,3378,1868,123283,460528,170,0.05032563647128478
7/25/2020,Onondaga,11,3389,2415,125698,460528,170,0.05016228976099144
7/26/2020,Onondaga,9,3398,1790,127488,460528,170,0.050029429075927015
7/27/2020,Onondaga,21,3419,1744,129232,460528,170,0.04972214097689383
7/28/2020,Onondaga,18,3437,1664,130896,460528,171,0.049752691300552807
7/29/2020,Onondaga,22,3459,1408,132304,460528,171,0.049436253252385085
7/30/2020,Onondaga,5,3464,1481,133785,460528,171,0.049364896073903
7/31/2020,Onondaga,13,3477,1678,135463,460528,172,0.04946793212539546
8/1/2020,Onondaga,8,3485,1274,136737,460528,173,0.049641319942611194
8/2/2020,Onondaga,5,3490,689,137426,460528,173,0.0495702005730659
8/3/2020,Onondaga,25,3515,3057,140483,460528,174,0.049502133712660025
8/4/2020,Onondaga,10,3525,2030,142513,460528,174,0.04936170212765958
8/5/2020,Onondaga,10,3535,1499,144012,460528,174,0.04922206506364922
8/6/2020,Onondaga,21,3556,2037,146049,460528,175,0.04921259842519685
8/7/2020,Onondaga,9,3565,1799,147848,460528,176,0.04936886395511921
8/8/2020,Onondaga,11,3576,1052,148900,460528,176,0.049217002237136466
8/9/2020,Onondaga,9,3585,806,149706,460528,176,0.04909344490934449
8/10/2020,Onondaga,17,3602,4122,153828,460528,176,0.04886174347584675
8/11/2020,Onondaga,11,3613,1526,155354,460528,176,0.04871298090229726
8/12/2020,Onondaga,14,3627,1208,156562,460528,176,0.0485249517507582
8/13/2020,Onondaga,19,3646,1784,158346,460528,177,0.048546352166758094
8/14/2020,Onondaga,17,3663,1984,160330,460528,178,0.048594048594048596
8/15/2020,Onondaga,11,3674,1102,161432,460528,178,0.048448557430593356
8/16/2020,Onondaga,6,3680,1956,163388,460528,178,0.0483695652173913
8/17/2020,Onondaga,16,3696,1933,165321,460528,178,0.04816017316017316
8/18/2020,Onondaga,16,3712,1885,167206,460528,178,0.047952586206896554
8/19/2020,Onondaga,7,3719,2150,169356,460528,179,0.04813121806937349
8/20/2020,Onondaga,24,3743,2297,171653,460528,179,0.047822602190756076
8/21/2020,Onondaga,13,3756,2177,173830,460528,179,0.047657082002129925
8/22/2020,Onondaga,2,3758,1402,175232,460528,179,0.047631718999467804
8/23/2020,Onondaga,10,3768,844,176076,460528,179,0.04750530785562633
8/24/2020,Onondaga,24,3792,3288,179364,460528,179,0.04720464135021097
8/25/2020,Onondaga,9,3801,1168,180532,460528,179,0.04709287029729019
8/26/2020,Onondaga,31,3832,1590,182122,460528,179,0.046711899791231734
8/27/2020,Onondaga,15,3847,1959,184081,460528,179,0.04652976345204055
8/28/2020,Onondaga,19,3866,3709,187790,460528,179,0.046301086394205895
8/29/2020,Onondaga,17,3883,1813,189603,460528,179,0.04609837754313675
8/30/2020,Onondaga,9,3892,820,190423,460528,179,0.045991778006166495
8/31/2020,Onondaga,20,3912,1531,191954,460528,179,0.04575664621676891
9/1/2020,Onondaga,10,3922,1352,193306,460528,179,0.04563997960224375
9/2/2020,Onondaga,15,3937,1535,194841,460528,179,0.04546609093218187
9/3/2020,Onondaga,10,3947,1606,196447,460528,179,0.04535089941727895
9/4/2020,Onondaga,17,3964,2611,199058,460528,179,0.04515640766902119
9/5/2020,Onondaga,19,3983,1554,200612,460528,179,0.044940999246798896
9/6/2020,Onondaga,10,3993,853,201465,460528,179,0.044828449787127474
9/7/2020,Onondaga,9,4002,1305,202770,460528,179,0.044727636181909045
9/8/2020,Onondaga,10,4012,652,203422,460528,179,0.04461615154536391
9/9/2020,Onondaga,11,4023,859,204281,460528,179,0.04449415858811832
9/10/2020,Onondaga,20,4043,2201,206482,460528,179,0.044274053920356174
9/11/2020,Onondaga,17,4060,3386,209868,460528,179,0.044088669950738915
9/12/2020,Onondaga,21,4081,1703,211571,460528,179,0.04386179857877971
9/13/2020,Onondaga,15,4096,862,212433,460528,180,0.0439453125
9/14/2020,Onondaga,18,4114,1186,213619,460528,180,0.043753038405444825
9/15/2020,Onondaga,19,4133,1471,215090,460528,180,0.04355189934672151
9/16/2020,Onondaga,25,4158,1673,216763,460528,180,0.04329004329004329
9/17/2020,Onondaga,27,4185,1588,218351,460528,180,0.043010752688172046
9/18/2020,Onondaga,16,4201,3815,222166,460528,180,0.042846941204475124
9/19/2020,Onondaga,19,4220,2717,224883,460528,180,0.04265402843601896
9/20/2020,Onondaga,11,4231,1149,226032,460528,180,0.04254313401087213
9/21/2020,Onondaga,22,4253,1394,227426,460528,180,0.0423230660710087
9/22/2020,Onondaga,17,4270,1376,228802,460528,180,0.04215456674473068
9/23/2020,Onondaga,30,4300,1853,230655,460528,180,0.04186046511627907
9/24/2020,Onondaga,21,4321,2429,233084,460528,180,0.04165702383707475
9/25/2020,Onondaga,21,4342,2876,235960,460528,180,0.041455550437586364
9/26/2020,Onondaga,23,4365,2225,238185,460528,180,0.041237113402061855
9/27/2020,Onondaga,14,4379,1240,239425,460528,181,0.04133363781685316
9/28/2020,Onondaga,30,4409,1882,241307,460528,182,0.041279201633023364
9/29/2020,Onondaga,15,4424,3423,244730,460528,182,0.04113924050632911
9/30/2020,Onondaga,32,4456,2579,247309,460528,182,0.040843806104129264
10/1/2020,Onondaga,38,4494,5101,252410,460528,182,0.040498442367601244
10/2/2020,Onondaga,34,4528,4586,256996,460528,182,0.04019434628975265
10/3/2020,Onondaga,9,4537,2564,259560,460528,182,0.04011461318051576
10/4/2020,Onondaga,19,4556,1620,261180,460528,182,0.03994732221246708
10/5/2020,Onondaga,37,4593,2081,263261,460528,182,0.039625517091225776
10/6/2020,Onondaga,43,4636,3538,266799,460528,182,0.039257981018119066
10/7/2020,Onondaga,33,4669,4536,271335,460528,182,0.038980509745127435
10/8/2020,Onondaga,24,4693,3498,274833,460528,182,0.038781163434903045
10/9/2020,Onondaga,54,4747,5423,280256,460528,182,0.03834000421318728
10/10/2020,Onondaga,32,4779,3349,283605,460528,182,0.038083281021134126
10/11/2020,Onondaga,28,4807,1836,285441,460528,182,0.03786145204909507
10/12/2020,Onondaga,36,4843,1698,287139,460528,182,0.03758001238901507
10/13/2020,Onondaga,37,4880,3261,290400,460528,182,0.037295081967213116
10/14/2020,Onondaga,28,4908,4032,294432,460528,182,0.037082314588427055
10/15/2020,Onondaga,38,4946,3429,297861,460528,182,0.03679741205014153
10/16/2020,Onondaga,31,4977,4669,302530,460528,182,0.03656821378340366
10/17/2020,Onondaga,34,5011,2541,305071,460528,182,0.03632009578926362
10/18/2020,Onondaga,10,5021,1370,306441,460528,182,0.036247759410476
10/19/2020,Onondaga,31,5052,1783,308224,460528,182,0.03602533650039588
10/20/2020,Onondaga,69,5121,3662,311886,460528,182,0.035539933606717436
10/21/2020,Onondaga,49,5170,6432,318318,460528,182,0.035203094777562866
10/22/2020,Onondaga,52,5222,5719,324037,460528,183,0.03504404442742244
10/23/2020,Onondaga,55,5277,6258,330295,460528,184,0.034868296380519234
10/24/2020,Onondaga,32,5309,3528,333823,460528,184,0.03465812770766623
10/25/2020,Onondaga,28,5337,1876,335699,460528,185,0.034663668727749675
10/26/2020,Onondaga,62,5399,2764,338463,460528,186,0.03445082422670865
10/27/2020,Onondaga,55,5454,5376,343839,460528,186,0.034103410341034104
10/28/2020,Onondaga,44,5498,5268,349107,460528,186,0.03383048381229538
10/29/2020,Onondaga,105,5603,4415,353522,460528,186,0.03319650187399607
10/30/2020,Onondaga,93,5696,4191,357713,460528,186,0.032654494382022475
10/31/2020,Onondaga,66,5762,4241,361954,460528,186,0.032280458174245054
11/1/2020,Onondaga,33,5795,1471,363425,460528,186,0.032096635030198446
11/2/2020,Onondaga,86,5881,3064,366489,460528,186,0.03162727427308281
11/3/2020,Onondaga,120,6001,4008,370497,460528,186,0.03099483419430095
11/4/2020,Onondaga,121,6122,5230,375727,460528,186,0.03038222803005554
11/5/2020,Onondaga,135,6257,4978,380705,460528,186,0.029726706089180117
11/6/2020,Onondaga,139,6396,5537,386242,460528,187,0.029237023139462165
11/7/2020,Onondaga,95,6491,3592,389834,460528,187,0.028809120320443693
11/8/2020,Onondaga,85,6576,2069,391903,460528,187,0.028436739659367397
11/9/2020,Onondaga,250,6826,3815,395718,460528,190,0.027834749487254614
11/10/2020,Onondaga,195,7021,5017,400735,460528,193,0.027488961686369464
11/11/2020,Onondaga,190,7211,3388,404123,460528,193,0.02676466509499376
11/12/2020,Onondaga,210,7421,8886,413009,460528,193,0.02600727664735211
11/13/2020,Onondaga,229,7650,5366,418375,460528,194,0.025359477124183006
11/14/2020,Onondaga,99,7749,2102,420477,460528,194,0.025035488450122597
3/1/2020,Ontario,0,0,0,0,109777,0,NaN
3/2/2020,Ontario,0,0,0,0,109777,0,NaN
3/3/2020,Ontario,0,0,0,0,109777,0,NaN
3/4/2020,Ontario,0,0,0,0,109777,0,NaN
3/5/2020,Ontario,0,0,0,0,109777,0,NaN
3/6/2020,Ontario,0,0,0,0,109777,0,NaN
3/7/2020,Ontario,0,0,0,0,109777,0,NaN
3/8/2020,Ontario,0,0,0,0,109777,0,NaN
3/9/2020,Ontario,0,0,0,0,109777,0,NaN
3/10/2020,Ontario,0,0,0,0,109777,0,NaN
3/11/2020,Ontario,0,0,0,0,109777,0,NaN
3/12/2020,Ontario,0,0,2,2,109777,0,NaN
3/13/2020,Ontario,0,0,4,6,109777,0,NaN
3/14/2020,Ontario,0,0,3,9,109777,0,NaN
3/15/2020,Ontario,1,1,5,14,109777,0,0
3/16/2020,Ontario,0,1,1,15,109777,0,0
3/17/2020,Ontario,0,1,3,18,109777,0,0
3/18/2020,Ontario,0,1,8,26,109777,0,0
3/19/2020,Ontario,2,3,15,41,109777,0,0
3/20/2020,Ontario,1,4,25,66,109777,0,0
3/21/2020,Ontario,2,6,25,91,109777,0,0
3/22/2020,Ontario,0,6,5,96,109777,0,0
3/23/2020,Ontario,1,7,13,109,109777,0,0
3/24/2020,Ontario,2,9,19,128,109777,0,0
3/25/2020,Ontario,2,11,21,149,109777,0,0
3/26/2020,Ontario,3,14,29,178,109777,0,0
3/27/2020,Ontario,2,16,34,212,109777,0,0
3/28/2020,Ontario,2,18,26,238,109777,0,0
3/29/2020,Ontario,2,20,16,254,109777,0,0
3/30/2020,Ontario,2,22,26,280,109777,0,0
3/31/2020,Ontario,2,24,37,317,109777,0,0
4/1/2020,Ontario,2,26,29,346,109777,0,0
4/2/2020,Ontario,2,28,29,375,109777,0,0
4/3/2020,Ontario,3,31,36,411,109777,0,0
4/4/2020,Ontario,1,32,33,444,109777,0,0
4/5/2020,Ontario,0,32,26,470,109777,0,0
4/6/2020,Ontario,1,33,32,502,109777,0,0
4/7/2020,Ontario,6,39,50,552,109777,0,0
4/8/2020,Ontario,4,43,38,590,109777,0,0
4/9/2020,Ontario,8,51,50,640,109777,0,0
4/10/2020,Ontario,5,56,39,679,109777,0,0
4/11/2020,Ontario,1,57,27,706,109777,0,0
4/12/2020,Ontario,0,57,12,718,109777,1,0.017543859649122806
4/13/2020,Ontario,4,61,48,766,109777,1,0.01639344262295082
4/14/2020,Ontario,1,62,25,791,109777,1,0.016129032258064516
4/15/2020,Ontario,3,65,31,822,109777,1,0.015384615384615385
4/16/2020,Ontario,2,67,34,856,109777,1,0.014925373134328358
4/17/2020,Ontario,2,69,33,889,109777,1,0.014492753623188406
4/18/2020,Ontario,1,70,24,913,109777,1,0.014285714285714285
4/19/2020,Ontario,1,71,20,933,109777,1,0.014084507042253521
4/20/2020,Ontario,1,72,43,976,109777,1,0.013888888888888888
4/21/2020,Ontario,1,73,66,1042,109777,1,0.0136986301369863
4/22/2020,Ontario,0,73,31,1073,109777,2,0.0273972602739726
4/23/2020,Ontario,0,73,37,1110,109777,4,0.0547945205479452
4/24/2020,Ontario,9,82,239,1349,109777,4,0.04878048780487805
4/25/2020,Ontario,2,84,34,1383,109777,4,0.047619047619047616
4/26/2020,Ontario,2,86,40,1423,109777,4,0.046511627906976744
4/27/2020,Ontario,4,90,50,1473,109777,4,0.044444444444444446
4/28/2020,Ontario,0,90,60,1533,109777,4,0.044444444444444446
4/29/2020,Ontario,0,90,78,1611,109777,4,0.044444444444444446
4/30/2020,Ontario,1,91,91,1702,109777,4,0.04395604395604396
5/1/2020,Ontario,1,92,62,1764,109777,4,0.043478260869565216
5/2/2020,Ontario,3,95,90,1854,109777,4,0.042105263157894736
5/3/2020,Ontario,1,96,81,1935,109777,4,0.041666666666666664
5/4/2020,Ontario,1,97,86,2021,109777,4,0.041237113402061855
5/5/2020,Ontario,2,99,105,2126,109777,4,0.04040404040404041
5/6/2020,Ontario,2,101,121,2247,109777,7,0.06930693069306931
5/7/2020,Ontario,3,104,108,2355,109777,7,0.0673076923076923
5/8/2020,Ontario,0,104,69,2424,109777,7,0.0673076923076923
5/9/2020,Ontario,2,106,109,2533,109777,7,0.0660377358490566
5/10/2020,Ontario,1,107,92,2625,109777,7,0.06542056074766354
5/11/2020,Ontario,0,107,74,2699,109777,7,0.06542056074766354
5/12/2020,Ontario,2,109,140,2839,109777,7,0.06422018348623854
5/13/2020,Ontario,20,129,334,3173,109777,8,0.06201550387596899
5/14/2020,Ontario,4,133,135,3308,109777,8,0.06015037593984962
5/15/2020,Ontario,6,139,136,3444,109777,8,0.05755395683453238
5/16/2020,Ontario,7,146,160,3604,109777,8,0.0547945205479452
5/17/2020,Ontario,2,148,96,3700,109777,8,0.05405405405405406
5/18/2020,Ontario,4,152,157,3857,109777,8,0.05263157894736842
5/19/2020,Ontario,18,170,351,4208,109777,8,0.047058823529411764
5/20/2020,Ontario,6,176,264,4472,109777,9,0.05113636363636364
5/21/2020,Ontario,4,180,191,4663,109777,9,0.05
5/22/2020,Ontario,2,182,125,4788,109777,9,0.04945054945054945
5/23/2020,Ontario,2,184,201,4989,109777,10,0.05434782608695652
5/24/2020,Ontario,1,185,99,5088,109777,13,0.07027027027027027
5/25/2020,Ontario,10,195,218,5306,109777,14,0.07179487179487179
5/26/2020,Ontario,3,198,182,5488,109777,16,0.08080808080808081
5/27/2020,Ontario,3,201,246,5734,109777,18,0.08955223880597014
5/28/2020,Ontario,4,205,209,5943,109777,18,0.08780487804878048
5/29/2020,Ontario,1,206,126,6069,109777,19,0.09223300970873786
5/30/2020,Ontario,1,207,328,6397,109777,19,0.09178743961352658
5/31/2020,Ontario,1,208,188,6585,109777,19,0.09134615384615384
6/1/2020,Ontario,1,209,206,6791,109777,20,0.09569377990430622
6/2/2020,Ontario,6,215,485,7276,109777,20,0.09302325581395349
6/3/2020,Ontario,3,218,421,7697,109777,21,0.0963302752293578
6/4/2020,Ontario,1,219,379,8076,109777,21,0.0958904109589041
6/5/2020,Ontario,1,220,505,8581,109777,21,0.09545454545454546
6/6/2020,Ontario,1,221,236,8817,109777,21,0.09502262443438914
6/7/2020,Ontario,0,221,293,9110,109777,23,0.10407239819004525
6/8/2020,Ontario,1,222,238,9348,109777,23,0.1036036036036036
6/9/2020,Ontario,0,222,403,9751,109777,23,0.1036036036036036
6/10/2020,Ontario,7,229,520,10271,109777,23,0.10043668122270742
6/11/2020,Ontario,1,230,392,10663,109777,23,0.1
6/12/2020,Ontario,0,230,337,11000,109777,23,0.1
6/13/2020,Ontario,3,233,420,11420,109777,23,0.09871244635193133
6/14/2020,Ontario,0,233,240,11660,109777,23,0.09871244635193133
6/15/2020,Ontario,1,234,338,11998,109777,23,0.09829059829059829
6/16/2020,Ontario,0,234,319,12317,109777,23,0.09829059829059829
6/17/2020,Ontario,1,235,214,12531,109777,23,0.09787234042553192
6/18/2020,Ontario,4,239,327,12858,109777,23,0.09623430962343096
6/19/2020,Ontario,0,239,354,13212,109777,23,0.09623430962343096
6/20/2020,Ontario,1,240,271,13483,109777,24,0.1
6/21/2020,Ontario,2,242,271,13754,109777,25,0.10330578512396695
6/22/2020,Ontario,0,242,207,13961,109777,26,0.10743801652892562
6/23/2020,Ontario,4,246,293,14254,109777,26,0.10569105691056911
6/24/2020,Ontario,2,248,261,14515,109777,26,0.10483870967741936
6/25/2020,Ontario,4,252,285,14800,109777,26,0.10317460317460317
6/26/2020,Ontario,2,254,408,15208,109777,26,0.10236220472440945
6/27/2020,Ontario,2,256,226,15434,109777,26,0.1015625
6/28/2020,Ontario,1,257,302,15736,109777,26,0.10116731517509728
6/29/2020,Ontario,2,259,252,15988,109777,26,0.10038610038610038
6/30/2020,Ontario,6,265,268,16256,109777,26,0.09811320754716982
7/1/2020,Ontario,3,268,288,16544,109777,26,0.09701492537313433
7/2/2020,Ontario,7,275,301,16845,109777,26,0.09454545454545454
7/3/2020,Ontario,3,278,385,17230,109777,26,0.09352517985611511
7/4/2020,Ontario,2,280,241,17471,109777,26,0.09285714285714286
7/5/2020,Ontario,2,282,223,17694,109777,26,0.09219858156028368
7/6/2020,Ontario,1,283,406,18100,109777,26,0.09187279151943463
7/7/2020,Ontario,3,286,321,18421,109777,26,0.09090909090909091
7/8/2020,Ontario,4,290,370,18791,109777,26,0.0896551724137931
7/9/2020,Ontario,3,293,296,19087,109777,26,0.08873720136518772
7/10/2020,Ontario,3,296,474,19561,109777,26,0.08783783783783784
7/11/2020,Ontario,4,300,324,19885,109777,26,0.08666666666666667
7/12/2020,Ontario,2,302,241,20126,109777,26,0.08609271523178808
7/13/2020,Ontario,5,307,359,20485,109777,26,0.08469055374592833
7/14/2020,Ontario,5,312,386,20871,109777,26,0.08333333333333333
7/15/2020,Ontario,5,317,423,21294,109777,27,0.08517350157728706
7/16/2020,Ontario,2,319,393,21687,109777,27,0.08463949843260188
7/17/2020,Ontario,5,324,437,22124,109777,27,0.08333333333333333
7/18/2020,Ontario,0,324,200,22324,109777,27,0.08333333333333333
7/19/2020,Ontario,2,326,262,22586,109777,27,0.08282208588957055
7/20/2020,Ontario,3,329,391,22977,109777,27,0.08206686930091185
7/21/2020,Ontario,4,333,377,23354,109777,27,0.08108108108108109
7/22/2020,Ontario,1,334,427,23781,109777,27,0.08083832335329341
7/23/2020,Ontario,3,337,433,24214,109777,27,0.08011869436201781
7/24/2020,Ontario,1,338,450,24664,109777,27,0.07988165680473373
7/25/2020,Ontario,3,341,329,24993,109777,27,0.07917888563049853
7/26/2020,Ontario,2,343,210,25203,109777,27,0.07871720116618076
7/27/2020,Ontario,2,345,295,25498,109777,27,0.0782608695652174
7/28/2020,Ontario,2,347,373,25871,109777,27,0.07780979827089338
7/29/2020,Ontario,2,349,397,26268,109777,27,0.07736389684813753
7/30/2020,Ontario,0,349,579,26847,109777,27,0.07736389684813753
7/31/2020,Ontario,0,349,393,27240,109777,27,0.07736389684813753
8/1/2020,Ontario,0,349,273,27513,109777,27,0.07736389684813753
8/2/2020,Ontario,2,351,221,27734,109777,27,0.07692307692307693
8/3/2020,Ontario,1,352,255,27989,109777,27,0.07670454545454546
8/4/2020,Ontario,0,352,370,28359,109777,27,0.07670454545454546
8/5/2020,Ontario,3,355,414,28773,109777,27,0.07605633802816901
8/6/2020,Ontario,2,357,453,29226,109777,27,0.07563025210084033
8/7/2020,Ontario,0,357,273,29499,109777,27,0.07563025210084033
8/8/2020,Ontario,3,360,365,29864,109777,27,0.075
8/9/2020,Ontario,1,361,231,30095,109777,27,0.07479224376731301
8/10/2020,Ontario,1,362,346,30441,109777,27,0.07458563535911603
8/11/2020,Ontario,1,363,441,30882,109777,27,0.0743801652892562
8/12/2020,Ontario,2,365,471,31353,109777,27,0.07397260273972603
8/13/2020,Ontario,1,366,587,31940,109777,27,0.07377049180327869
8/14/2020,Ontario,1,367,417,32357,109777,27,0.07356948228882834
8/15/2020,Ontario,1,368,414,32771,109777,27,0.07336956521739131
8/16/2020,Ontario,1,369,306,33077,109777,28,0.07588075880758807
8/17/2020,Ontario,2,371,416,33493,109777,28,0.07547169811320754
8/18/2020,Ontario,0,371,499,33992,109777,28,0.07547169811320754
8/19/2020,Ontario,2,373,535,34527,109777,28,0.07506702412868632
8/20/2020,Ontario,0,373,720,35247,109777,28,0.07506702412868632
8/21/2020,Ontario,5,378,600,35847,109777,28,0.07407407407407407
8/22/2020,Ontario,3,381,466,36313,109777,28,0.07349081364829396
8/23/2020,Ontario,0,381,439,36752,109777,28,0.07349081364829396
8/24/2020,Ontario,0,381,382,37134,109777,28,0.07349081364829396
8/25/2020,Ontario,0,381,386,37520,109777,28,0.07349081364829396
8/26/2020,Ontario,3,384,339,37859,109777,28,0.07291666666666667
8/27/2020,Ontario,1,385,456,38315,109777,28,0.07272727272727272
8/28/2020,Ontario,1,386,396,38711,109777,28,0.07253886010362694
8/29/2020,Ontario,3,389,394,39105,109777,28,0.07197943444730077
8/30/2020,Ontario,2,391,292,39397,109777,28,0.07161125319693094
8/31/2020,Ontario,2,393,218,39615,109777,28,0.07124681933842239
9/1/2020,Ontario,0,393,332,39947,109777,28,0.07124681933842239
9/2/2020,Ontario,3,396,369,40316,109777,28,0.0707070707070707
9/3/2020,Ontario,2,398,626,40942,109777,28,0.07035175879396985
9/4/2020,Ontario,3,401,400,41342,109777,28,0.06982543640897755
9/5/2020,Ontario,4,405,450,41792,109777,28,0.0691358024691358
9/6/2020,Ontario,3,408,178,41970,109777,28,0.06862745098039216
9/7/2020,Ontario,5,413,211,42181,109777,28,0.06779661016949153
9/8/2020,Ontario,8,421,452,42633,109777,28,0.0665083135391924
9/9/2020,Ontario,2,423,268,42901,109777,28,0.06619385342789598
9/10/2020,Ontario,4,427,311,43212,109777,28,0.06557377049180328
9/11/2020,Ontario,8,435,1003,44215,109777,28,0.06436781609195402
9/12/2020,Ontario,4,439,284,44499,109777,28,0.06378132118451026
9/13/2020,Ontario,4,443,396,44895,109777,28,0.06320541760722348
9/14/2020,Ontario,1,444,311,45206,109777,28,0.06306306306306306
9/15/2020,Ontario,5,449,438,45644,109777,28,0.062360801781737196
9/16/2020,Ontario,3,452,373,46017,109777,28,0.061946902654867256
9/17/2020,Ontario,2,454,673,46690,109777,28,0.06167400881057269
9/18/2020,Ontario,2,456,520,47210,109777,28,0.06140350877192982
9/19/2020,Ontario,5,461,443,47653,109777,28,0.06073752711496746
9/20/2020,Ontario,3,464,266,47919,109777,28,0.0603448275862069
9/21/2020,Ontario,1,465,346,48265,109777,28,0.060215053763440864
9/22/2020,Ontario,1,466,414,48679,109777,28,0.060085836909871244
9/23/2020,Ontario,1,467,466,49145,109777,28,0.059957173447537475
9/24/2020,Ontario,2,469,562,49707,109777,28,0.05970149253731343
9/25/2020,Ontario,2,471,677,50384,109777,28,0.059447983014861996
9/26/2020,Ontario,2,473,542,50926,109777,28,0.05919661733615222
9/27/2020,Ontario,1,474,294,51220,109777,28,0.05907172995780591
9/28/2020,Ontario,1,475,299,51519,109777,28,0.05894736842105263
9/29/2020,Ontario,0,475,453,51972,109777,28,0.05894736842105263
9/30/2020,Ontario,6,481,798,52770,109777,28,0.058212058212058215
10/1/2020,Ontario,3,484,554,53324,109777,28,0.05785123966942149
10/2/2020,Ontario,2,486,551,53875,109777,28,0.05761316872427984
10/3/2020,Ontario,3,489,518,54393,109777,28,0.05725971370143149
10/4/2020,Ontario,2,491,195,54588,109777,28,0.05702647657841141
10/5/2020,Ontario,9,500,467,55055,109777,28,0.056
10/6/2020,Ontario,2,502,449,55504,109777,28,0.055776892430278883
10/7/2020,Ontario,3,505,440,55944,109777,28,0.055445544554455446
10/8/2020,Ontario,6,511,1130,57074,109777,28,0.0547945205479452
10/9/2020,Ontario,1,512,521,57595,109777,28,0.0546875
10/10/2020,Ontario,4,516,932,58527,109777,28,0.05426356589147287
10/11/2020,Ontario,3,519,417,58944,109777,28,0.05394990366088632
10/12/2020,Ontario,8,527,442,59386,109777,28,0.05313092979127135
10/13/2020,Ontario,5,532,421,59807,109777,28,0.05263157894736842
10/14/2020,Ontario,5,537,795,60602,109777,28,0.0521415270018622
10/15/2020,Ontario,12,549,598,61200,109777,28,0.051001821493624776
10/16/2020,Ontario,10,559,721,61921,109777,28,0.05008944543828265
10/17/2020,Ontario,17,576,436,62357,109777,29,0.050347222222222224
10/18/2020,Ontario,10,586,504,62861,109777,29,0.04948805460750853
10/19/2020,Ontario,12,598,421,63282,109777,29,0.048494983277591976
10/20/2020,Ontario,5,603,496,63778,109777,29,0.04809286898839138
10/21/2020,Ontario,14,617,471,64249,109777,29,0.04700162074554295
10/22/2020,Ontario,12,629,751,65000,109777,29,0.046104928457869634
10/23/2020,Ontario,6,635,549,65549,109777,29,0.045669291338582677
10/24/2020,Ontario,9,644,427,65976,109777,29,0.04503105590062112
10/25/2020,Ontario,6,650,422,66398,109777,29,0.04461538461538461
10/26/2020,Ontario,13,663,511,66909,109777,29,0.043740573152337855
10/27/2020,Ontario,6,669,424,67333,109777,29,0.043348281016442454
10/28/2020,Ontario,10,679,643,67976,109777,29,0.042709867452135494
10/29/2020,Ontario,18,697,676,68652,109777,29,0.04160688665710186
10/30/2020,Ontario,4,701,627,69279,109777,29,0.04136947218259629
10/31/2020,Ontario,9,710,464,69743,109777,29,0.04084507042253521
11/1/2020,Ontario,11,721,470,70213,109777,29,0.04022191400832178
11/2/2020,Ontario,15,736,549,70762,109777,29,0.03940217391304348
11/3/2020,Ontario,9,745,455,71217,109777,29,0.038926174496644296
11/4/2020,Ontario,13,758,826,72043,109777,29,0.03825857519788918
11/5/2020,Ontario,20,778,608,72651,109777,29,0.037275064267352186
11/6/2020,Ontario,16,794,653,73304,109777,29,0.036523929471032744
11/7/2020,Ontario,28,822,551,73855,109777,29,0.03527980535279805
11/8/2020,Ontario,7,829,255,74110,109777,29,0.03498190591073583
11/9/2020,Ontario,19,848,704,74814,109777,29,0.03419811320754717
11/10/2020,Ontario,22,870,858,75672,109777,29,0.03333333333333333
11/11/2020,Ontario,19,889,759,76431,109777,30,0.03374578177727784
11/12/2020,Ontario,23,912,747,77178,109777,30,0.03289473684210526
11/13/2020,Ontario,27,939,603,77781,109777,30,0.03194888178913738
11/14/2020,Ontario,16,955,446,78227,109777,30,0.031413612565445025
3/1/2020,Orange,0,0,0,0,384940,0,NaN
3/2/2020,Orange,0,0,0,0,384940,0,NaN
3/3/2020,Orange,0,0,0,0,384940,0,NaN
3/4/2020,Orange,0,0,0,0,384940,0,NaN
3/5/2020,Orange,0,0,0,0,384940,0,NaN
3/6/2020,Orange,0,0,0,0,384940,0,NaN
3/7/2020,Orange,0,0,0,0,384940,0,NaN
3/8/2020,Orange,0,0,0,0,384940,0,NaN
3/9/2020,Orange,0,0,1,1,384940,0,NaN
3/10/2020,Orange,0,0,0,1,384940,0,NaN
3/11/2020,Orange,1,1,4,5,384940,0,0
3/12/2020,Orange,0,1,12,17,384940,0,0
3/13/2020,Orange,5,6,22,39,384940,0,0
3/14/2020,Orange,0,6,12,51,384940,0,0
3/15/2020,Orange,5,11,36,87,384940,0,0
3/16/2020,Orange,4,15,36,123,384940,0,0
3/17/2020,Orange,17,32,83,206,384940,0,0
3/18/2020,Orange,19,51,94,300,384940,0,0
3/19/2020,Orange,33,84,180,480,384940,0,0
3/20/2020,Orange,79,163,377,857,384940,0,0
3/21/2020,Orange,84,247,393,1250,384940,0,0
3/22/2020,Orange,142,389,472,1722,384940,0,0
3/23/2020,Orange,109,498,340,2062,384940,0,0
3/24/2020,Orange,140,638,298,2360,384940,0,0
3/25/2020,Orange,113,751,322,2682,384940,1,0.0013315579227696406
3/26/2020,Orange,160,911,394,3076,384940,1,0.0010976948408342481
3/27/2020,Orange,190,1101,498,3574,384940,3,0.0027247956403269754
3/28/2020,Orange,146,1247,373,3947,384940,4,0.0032076984763432237
3/29/2020,Orange,188,1435,394,4341,384940,4,0.0027874564459930314
3/30/2020,Orange,121,1556,306,4647,384940,12,0.007712082262210797
3/31/2020,Orange,200,1756,477,5124,384940,12,0.00683371298405467
4/1/2020,Orange,237,1993,628,5752,384940,25,0.012543903662819869
4/2/2020,Orange,404,2397,1114,6866,384940,30,0.012515644555694618
4/3/2020,Orange,344,2741,1046,7912,384940,40,0.014593214155417731
4/4/2020,Orange,361,3102,1077,8989,384940,51,0.01644100580270793
4/5/2020,Orange,295,3397,827,9816,384940,51,0.015013246982631734
4/6/2020,Orange,202,3599,604,10420,384940,51,0.014170602945262572
4/7/2020,Orange,266,3865,711,11131,384940,53,0.01371280724450194
4/8/2020,Orange,225,4090,578,11709,384940,63,0.015403422982885086
4/9/2020,Orange,442,4532,1335,13044,384940,79,0.01743159752868491
4/10/2020,Orange,315,4847,879,13923,384940,88,0.018155560140292966
4/11/2020,Orange,180,5027,563,14486,384940,96,0.01909687686492938
4/12/2020,Orange,155,5182,492,14978,384940,111,0.0214203010420687
4/13/2020,Orange,396,5578,1161,16139,384940,120,0.02151308712800287
4/14/2020,Orange,138,5716,341,16480,384940,126,0.022043386983904827
4/15/2020,Orange,172,5888,521,17001,384940,133,0.022588315217391304
4/16/2020,Orange,196,6084,512,17513,384940,141,0.023175542406311637
4/17/2020,Orange,182,6266,575,18088,384940,141,0.022502393871688477
4/18/2020,Orange,113,6379,411,18499,384940,141,0.022103778021633484
4/19/2020,Orange,103,6482,278,18777,384940,168,0.02591792656587473
4/20/2020,Orange,79,6561,298,19075,384940,172,0.026215515927450084
4/21/2020,Orange,129,6690,430,19505,384940,183,0.027354260089686097
4/22/2020,Orange,126,6816,399,19904,384940,185,0.027142018779342723
4/23/2020,Orange,339,7155,1213,21117,384940,192,0.026834381551362682
4/24/2020,Orange,818,7973,2748,23865,384940,197,0.024708390819014173
4/25/2020,Orange,133,8106,643,24508,384940,203,0.025043177892918825
4/26/2020,Orange,132,8238,587,25095,384940,207,0.025127458120903133
4/27/2020,Orange,136,8374,645,25740,384940,219,0.026152376403152617
4/28/2020,Orange,114,8488,602,26342,384940,228,0.026861451460885956
4/29/2020,Orange,162,8650,880,27222,384940,236,0.027283236994219653
4/30/2020,Orange,101,8751,787,28009,384940,240,0.027425437092903668
5/1/2020,Orange,159,8910,839,28848,384940,246,0.027609427609427608
5/2/2020,Orange,57,8967,510,29358,384940,249,0.02776848444295751
5/3/2020,Orange,48,9015,421,29779,384940,252,0.027953410981697173
5/4/2020,Orange,129,9144,869,30648,384940,256,0.02799650043744532
5/5/2020,Orange,71,9215,509,31157,384940,258,0.02799782962561042
5/6/2020,Orange,113,9328,1181,32338,384940,299,0.03205403087478559
5/7/2020,Orange,74,9402,842,33180,384940,302,0.03212082535630717
5/8/2020,Orange,84,9486,690,33870,384940,306,0.03225806451612903
5/9/2020,Orange,57,9543,535,34405,384940,311,0.03258933249502253
5/10/2020,Orange,41,9584,402,34807,384940,316,0.03297161936560935
5/11/2020,Orange,48,9632,516,35323,384940,319,0.0331187707641196
5/12/2020,Orange,61,9693,614,35937,384940,325,0.0335293510780976
5/13/2020,Orange,78,9771,939,36876,384940,330,0.03377341111452257
5/14/2020,Orange,54,9825,766,37642,384940,333,0.03389312977099237
5/15/2020,Orange,54,9879,715,38357,384940,335,0.03391031480919121
5/16/2020,Orange,64,9943,662,39019,384940,342,0.034396057527909085
5/17/2020,Orange,22,9965,367,39386,384940,347,0.03482187656798796
5/18/2020,Orange,23,9988,362,39748,384940,350,0.035042050460552664
5/19/2020,Orange,55,10043,819,40567,384940,353,0.035148859902419595
5/20/2020,Orange,49,10092,919,41486,384940,359,0.03557273087594134
5/21/2020,Orange,50,10142,753,42239,384940,360,0.03549595740485111
5/22/2020,Orange,55,10197,764,43003,384940,360,0.0353045013239188
5/23/2020,Orange,28,10225,638,43641,384940,360,0.035207823960880194
5/24/2020,Orange,19,10244,478,44119,384940,362,0.0353377586880125
5/25/2020,Orange,33,10277,617,44736,384940,365,0.03551620122603873
5/26/2020,Orange,15,10292,528,45264,384940,369,0.03585308977846871
5/27/2020,Orange,33,10325,1013,46277,384940,369,0.03573849878934625
5/28/2020,Orange,36,10361,868,47145,384940,369,0.03561432294180098
5/29/2020,Orange,28,10389,776,47921,384940,369,0.03551833670228126
5/30/2020,Orange,17,10406,683,48604,384940,369,0.035460311358831445
5/31/2020,Orange,16,10422,713,49317,384940,369,0.03540587219343696
6/1/2020,Orange,27,10449,1027,50344,384940,369,0.03531438415159346
6/2/2020,Orange,11,10460,842,51186,384940,369,0.035277246653919694
6/3/2020,Orange,11,10471,941,52127,384940,369,0.03524018718365008
6/4/2020,Orange,13,10484,978,53105,384940,369,0.035196489889355205
6/5/2020,Orange,24,10508,1157,54262,384940,369,0.03511610201751047
6/6/2020,Orange,6,10514,847,55109,384940,369,0.03509606239299981
6/7/2020,Orange,9,10523,827,55936,384940,369,0.035066045804428396
6/8/2020,Orange,10,10533,957,56893,384940,369,0.03503275420108231
6/9/2020,Orange,8,10541,937,57830,384940,369,0.03500616639787497
6/10/2020,Orange,9,10550,1056,58886,384940,369,0.03497630331753555
6/11/2020,Orange,8,10558,1048,59934,384940,369,0.03494980109869293
6/12/2020,Orange,5,10563,967,60901,384940,369,0.034933257597273504
6/13/2020,Orange,8,10571,655,61556,384940,369,0.034906820546778926
6/14/2020,Orange,2,10573,810,62366,384940,369,0.03490021753523125
6/15/2020,Orange,7,10580,758,63124,384940,369,0.03487712665406427
6/16/2020,Orange,19,10599,744,63868,384940,369,0.03481460515142938
6/17/2020,Orange,5,10604,793,64661,384940,369,0.034798189362504714
6/18/2020,Orange,16,10620,1197,65858,384940,369,0.03474576271186441
6/19/2020,Orange,18,10638,646,66504,384940,397,0.03731904493325813
6/20/2020,Orange,10,10648,698,67202,384940,397,0.037283996994740796
6/21/2020,Orange,6,10654,577,67779,384940,398,0.0373568612727614
6/22/2020,Orange,12,10666,1239,69018,384940,398,0.037314832177011065
6/23/2020,Orange,3,10669,502,69520,384940,398,0.03730433967569594
6/24/2020,Orange,10,10679,912,70432,384940,398,0.03726940724786965
6/25/2020,Orange,19,10698,887,71319,384940,399,0.03729669097027482
6/26/2020,Orange,12,10710,1012,72331,384940,400,0.03734827264239029
6/27/2020,Orange,3,10713,508,72839,384940,401,0.03743115840567535
6/28/2020,Orange,3,10716,459,73298,384940,401,0.03742067935796939
6/29/2020,Orange,7,10723,734,74032,384940,401,0.03739625104914669
6/30/2020,Orange,7,10730,638,74670,384940,401,0.037371854613233925
7/1/2020,Orange,14,10744,702,75372,384940,403,0.03750930752047654
7/2/2020,Orange,15,10759,1204,76576,384940,403,0.03745701273352542
7/3/2020,Orange,7,10766,923,77499,384940,403,0.037432658368939255
7/4/2020,Orange,9,10775,885,78384,384940,403,0.03740139211136891
7/5/2020,Orange,6,10781,622,79006,384940,403,0.037380576940914574
7/6/2020,Orange,17,10798,642,79648,384940,404,0.037414335988145954
7/7/2020,Orange,8,10806,734,80382,384940,404,0.037386637053488804
7/8/2020,Orange,4,10810,866,81248,384940,404,0.03737280296022202
7/9/2020,Orange,10,10820,959,82207,384940,404,0.03733826247689464
7/10/2020,Orange,10,10830,1007,83214,384940,404,0.03730378578024007
7/11/2020,Orange,5,10835,847,84061,384940,404,0.03728657129672358
7/12/2020,Orange,6,10841,605,84666,384940,404,0.03726593487685638
7/13/2020,Orange,9,10850,914,85580,384940,404,0.037235023041474656
7/14/2020,Orange,28,10878,947,86527,384940,404,0.03713917999632285
7/15/2020,Orange,17,10895,796,87323,384940,404,0.03708122992198256
7/16/2020,Orange,13,10908,1081,88404,384940,404,0.037037037037037035
7/17/2020,Orange,13,10921,796,89200,384940,404,0.03699294936361139
7/18/2020,Orange,10,10931,596,89796,384940,404,0.0369591071265209
7/19/2020,Orange,7,10938,417,90213,384940,404,0.03693545437922838
7/20/2020,Orange,15,10953,864,91077,384940,404,0.03688487172464165
7/21/2020,Orange,7,10960,670,91747,384940,404,0.03686131386861314
7/22/2020,Orange,8,10968,831,92578,384940,404,0.03683442742523705
7/23/2020,Orange,8,10976,974,93552,384940,406,0.036989795918367346
7/24/2020,Orange,18,10994,972,94524,384940,406,0.036929234127706025
7/25/2020,Orange,4,10998,418,94942,384940,406,0.03691580287324968
7/26/2020,Orange,12,11010,634,95576,384940,406,0.036875567665758405
7/27/2020,Orange,14,11024,792,96368,384940,406,0.03682873730043541
7/28/2020,Orange,10,11034,648,97016,384940,406,0.03679535979699112
7/29/2020,Orange,38,11072,2123,99139,384940,407,0.03675939306358381
7/30/2020,Orange,10,11082,712,99851,384940,407,0.03672622270348313
7/31/2020,Orange,6,11088,986,100837,384940,407,0.03670634920634921
8/1/2020,Orange,5,11093,585,101422,384940,407,0.03668980438114126
8/2/2020,Orange,3,11096,583,102005,384940,407,0.036679884643114634
8/3/2020,Orange,9,11105,1050,103055,384940,407,0.03665015758667267
8/4/2020,Orange,8,11113,659,103714,384940,407,0.036623773958427065
8/5/2020,Orange,14,11127,848,104562,384940,407,0.03657769389772625
8/6/2020,Orange,2,11129,734,105296,384940,407,0.03657112049600144
8/7/2020,Orange,27,11156,1153,106449,384940,408,0.03657224811760488
8/8/2020,Orange,3,11159,644,107093,384940,408,0.036562415987095614
8/9/2020,Orange,9,11168,543,107636,384940,408,0.036532951289398284
8/10/2020,Orange,12,11180,1202,108838,384940,408,0.036493738819320214
8/11/2020,Orange,11,11191,990,109828,384940,408,0.036457867929586274
8/12/2020,Orange,19,11210,904,110732,384940,408,0.03639607493309545
8/13/2020,Orange,7,11217,1055,111787,384940,408,0.036373361861460285
8/14/2020,Orange,12,11229,1349,113136,384940,408,0.03633449104995993
8/15/2020,Orange,25,11254,858,113994,384940,408,0.03625377643504532
8/16/2020,Orange,2,11256,662,114656,384940,408,0.03624733475479744
8/17/2020,Orange,13,11269,942,115598,384940,408,0.03620551956695359
8/18/2020,Orange,13,11282,1068,116666,384940,408,0.03616380074454884
8/19/2020,Orange,10,11292,1080,117746,384940,408,0.036131774707757705
8/20/2020,Orange,24,11316,1128,118874,384940,409,0.03614351360904913
8/21/2020,Orange,12,11328,1315,120189,384940,409,0.036105225988700564
8/22/2020,Orange,6,11334,940,121129,384940,409,0.036086112581612845
8/23/2020,Orange,9,11343,587,121716,384940,409,0.03605748038437803
8/24/2020,Orange,11,11354,671,122387,384940,409,0.036022547119957726
8/25/2020,Orange,12,11366,798,123185,384940,409,0.03598451522083407
8/26/2020,Orange,16,11382,873,124058,384940,409,0.03593393076787911
8/27/2020,Orange,17,11399,1435,125493,384940,409,0.035880340380735155
8/28/2020,Orange,11,11410,1140,126633,384940,409,0.03584574934268186
8/29/2020,Orange,8,11418,1565,128198,384940,409,0.03582063408653004
8/30/2020,Orange,15,11433,668,128866,384940,409,0.03577363771538529
8/31/2020,Orange,12,11445,829,129695,384940,409,0.035736129314110965
9/1/2020,Orange,15,11460,1787,131482,384940,409,0.035689354275741714
9/2/2020,Orange,18,11478,1105,132587,384940,409,0.03563338560724865
9/3/2020,Orange,9,11487,1220,133807,384940,410,0.03569252198137025
9/4/2020,Orange,17,11504,1095,134902,384940,410,0.035639777468706536
9/5/2020,Orange,11,11515,944,135846,384940,410,0.03560573165436387
9/6/2020,Orange,10,11525,654,136500,384940,410,0.03557483731019523
9/7/2020,Orange,10,11535,651,137151,384940,410,0.035543996532293023
9/8/2020,Orange,17,11552,891,138042,384940,410,0.03549168975069252
9/9/2020,Orange,20,11572,973,139015,384940,410,0.03543034911856205
9/10/2020,Orange,22,11594,1354,140369,384940,410,0.035363118854579954
9/11/2020,Orange,17,11611,1222,141591,384940,410,0.03531134269227457
9/12/2020,Orange,24,11635,798,142389,384940,410,0.035238504512247526
9/13/2020,Orange,17,11652,759,143148,384940,411,0.03527291452111225
9/14/2020,Orange,24,11676,1534,144682,384940,411,0.03520041109969167
9/15/2020,Orange,35,11711,816,145498,384940,411,0.035095209631969944
9/16/2020,Orange,23,11734,1112,146610,384940,411,0.03502641895346855
9/17/2020,Orange,26,11760,1228,147838,384940,411,0.03494897959183674
9/18/2020,Orange,30,11790,1413,149251,384940,412,0.03494486853265479
9/19/2020,Orange,22,11812,916,150167,384940,412,0.034879783271249576
9/20/2020,Orange,10,11822,724,150891,384940,412,0.03485027914058535
9/21/2020,Orange,13,11835,1278,152169,384940,412,0.03481199831009717
9/22/2020,Orange,16,11851,845,153014,384940,412,0.03476499873428403
9/23/2020,Orange,39,11890,1507,154521,384940,412,0.034650967199327164
9/24/2020,Orange,65,11955,1592,156113,384940,412,0.034462567963195315
9/25/2020,Orange,59,12014,1462,157575,384940,412,0.03429332445480273
9/26/2020,Orange,22,12036,1205,158780,384940,412,0.03423064140910601
9/27/2020,Orange,26,12062,566,159346,384940,413,0.034239761233626265
9/28/2020,Orange,60,12122,1497,160843,384940,413,0.03407028543144695
9/29/2020,Orange,21,12143,1121,161964,384940,413,0.034011364572181506
9/30/2020,Orange,56,12199,1405,163369,384940,413,0.033855234035576685
10/1/2020,Orange,74,12273,1595,164964,384940,413,0.03365110404953964
10/2/2020,Orange,87,12360,1425,166389,384940,413,0.033414239482200646
10/3/2020,Orange,34,12394,875,167264,384940,413,0.0333225754397289
10/4/2020,Orange,44,12438,945,168209,384940,413,0.03320469528863161
10/5/2020,Orange,55,12493,1702,169911,384940,413,0.033058512767149606
10/6/2020,Orange,70,12563,1790,171701,384940,414,0.03295391228209822
10/7/2020,Orange,101,12664,2622,174323,384940,414,0.032691092861655086
10/8/2020,Orange,84,12748,2324,176647,384940,414,0.03247568245999372
10/9/2020,Orange,50,12798,2234,178881,384940,414,0.03234880450070324
10/10/2020,Orange,44,12842,1789,180670,384940,414,0.03223796916368167
10/11/2020,Orange,27,12869,1170,181840,384940,414,0.03217033180511306
10/12/2020,Orange,61,12930,2106,183946,384940,416,0.03217324052590874
10/13/2020,Orange,53,12983,1848,185794,384940,416,0.032041900947392746
10/14/2020,Orange,50,13033,1914,187708,384940,416,0.031918974909844244
10/15/2020,Orange,65,13098,2966,190674,384940,416,0.03176057413345549
10/16/2020,Orange,41,13139,1930,192604,384940,416,0.031661465864982113
10/17/2020,Orange,30,13169,2291,194895,384940,417,0.03166527450831498
10/18/2020,Orange,13,13182,1107,196002,384940,417,0.03163404642694583
10/19/2020,Orange,36,13218,1970,197972,384940,417,0.03154788924194281
10/20/2020,Orange,40,13258,2107,200079,384940,417,0.031452707799064714
10/21/2020,Orange,45,13303,2056,202135,384940,417,0.031346312861760504
10/22/2020,Orange,39,13342,2644,204779,384940,418,0.0313296357367711
10/23/2020,Orange,71,13413,2452,207231,384940,419,0.031238350853649444
10/24/2020,Orange,44,13457,2062,209293,384940,419,0.03113621163706621
10/25/2020,Orange,18,13475,1113,210406,384940,420,0.03116883116883117
10/26/2020,Orange,73,13548,2724,213130,384940,420,0.03100088573959256
10/27/2020,Orange,49,13597,2001,215131,384940,420,0.030889166727954696
10/28/2020,Orange,75,13672,2918,218049,384940,420,0.03071971913399649
10/29/2020,Orange,71,13743,2980,221029,384940,420,0.030561012879284
10/30/2020,Orange,87,13830,2916,223945,384940,420,0.03036876355748373
10/31/2020,Orange,59,13889,1799,225744,384940,420,0.030239758081935346
11/1/2020,Orange,44,13933,1540,227284,384940,420,0.030144261824445562
11/2/2020,Orange,65,13998,2871,230155,384940,420,0.03000428632661809
11/3/2020,Orange,57,14055,1764,231919,384940,420,0.029882604055496264
11/4/2020,Orange,80,14135,2663,234582,384940,421,0.029784223558542624
11/5/2020,Orange,86,14221,2453,237035,384940,421,0.029604106602911188
11/6/2020,Orange,80,14301,2860,239895,384940,421,0.02943850080413957
11/7/2020,Orange,68,14369,2626,242521,384940,421,0.02929918574709444
11/8/2020,Orange,96,14465,2728,245249,384940,421,0.029104735568613895
11/9/2020,Orange,88,14553,3701,248950,384940,423,0.02906617192331478
11/10/2020,Orange,148,14701,2695,251645,384940,423,0.028773552819536086
11/11/2020,Orange,102,14803,2401,254046,384940,423,0.028575288792812268
11/12/2020,Orange,107,14910,2746,256792,384940,423,0.028370221327967807
11/13/2020,Orange,121,15031,3036,259828,384940,425,0.02827489854301111
11/14/2020,Orange,93,15124,1531,261359,384940,425,0.02810103147315525
3/1/2020,Orleans,0,0,0,0,40352,0,NaN
3/2/2020,Orleans,0,0,0,0,40352,0,NaN
3/3/2020,Orleans,0,0,0,0,40352,0,NaN
3/4/2020,Orleans,0,0,0,0,40352,0,NaN
3/5/2020,Orleans,0,0,0,0,40352,0,NaN
3/6/2020,Orleans,0,0,0,0,40352,0,NaN
3/7/2020,Orleans,0,0,0,0,40352,0,NaN
3/8/2020,Orleans,0,0,0,0,40352,0,NaN
3/9/2020,Orleans,0,0,0,0,40352,0,NaN
3/10/2020,Orleans,0,0,0,0,40352,0,NaN
3/11/2020,Orleans,0,0,0,0,40352,0,NaN
3/12/2020,Orleans,0,0,0,0,40352,0,NaN
3/13/2020,Orleans,0,0,1,1,40352,0,NaN
3/14/2020,Orleans,0,0,0,1,40352,0,NaN
3/15/2020,Orleans,0,0,0,1,40352,0,NaN
3/16/2020,Orleans,0,0,5,6,40352,0,NaN
3/17/2020,Orleans,0,0,5,11,40352,0,NaN
3/18/2020,Orleans,0,0,3,14,40352,0,NaN
3/19/2020,Orleans,0,0,6,20,40352,0,NaN
3/20/2020,Orleans,0,0,5,25,40352,0,NaN
3/21/2020,Orleans,0,0,7,32,40352,0,NaN
3/22/2020,Orleans,0,0,4,36,40352,0,NaN
3/23/2020,Orleans,2,2,9,45,40352,0,0
3/24/2020,Orleans,0,2,7,52,40352,0,0
3/25/2020,Orleans,0,2,11,63,40352,0,0
3/26/2020,Orleans,1,3,11,74,40352,0,0
3/27/2020,Orleans,0,3,8,82,40352,0,0
3/28/2020,Orleans,0,3,3,85,40352,0,0
3/29/2020,Orleans,1,4,11,96,40352,0,0
3/30/2020,Orleans,2,6,14,110,40352,0,0
3/31/2020,Orleans,0,6,6,116,40352,0,0
4/1/2020,Orleans,0,6,11,127,40352,0,0
4/2/2020,Orleans,3,9,13,140,40352,0,0
4/3/2020,Orleans,1,10,11,151,40352,0,0
4/4/2020,Orleans,1,11,9,160,40352,0,0
4/5/2020,Orleans,2,13,16,176,40352,0,0
4/6/2020,Orleans,2,15,17,193,40352,0,0
4/7/2020,Orleans,1,16,14,207,40352,0,0
4/8/2020,Orleans,6,22,27,234,40352,0,0
4/9/2020,Orleans,2,24,14,248,40352,0,0
4/10/2020,Orleans,0,24,3,251,40352,0,0
4/11/2020,Orleans,1,25,7,258,40352,0,0
4/12/2020,Orleans,1,26,6,264,40352,0,0
4/13/2020,Orleans,5,31,18,282,40352,0,0
4/14/2020,Orleans,2,33,8,290,40352,0,0
4/15/2020,Orleans,1,34,5,295,40352,0,0
4/16/2020,Orleans,0,34,4,299,40352,0,0
4/17/2020,Orleans,7,41,14,313,40352,0,0
4/18/2020,Orleans,5,46,35,348,40352,0,0
4/19/2020,Orleans,0,46,3,351,40352,2,0.043478260869565216
4/20/2020,Orleans,7,53,33,384,40352,2,0.03773584905660377
4/21/2020,Orleans,3,56,11,395,40352,3,0.05357142857142857
4/22/2020,Orleans,3,59,11,406,40352,3,0.05084745762711865
4/23/2020,Orleans,1,60,13,419,40352,4,0.06666666666666667
4/24/2020,Orleans,15,75,98,517,40352,4,0.05333333333333334
4/25/2020,Orleans,5,80,28,545,40352,5,0.0625
4/26/2020,Orleans,0,80,14,559,40352,6,0.075
4/27/2020,Orleans,0,80,8,567,40352,7,0.0875
4/28/2020,Orleans,5,85,26,593,40352,8,0.09411764705882353
4/29/2020,Orleans,4,89,35,628,40352,8,0.0898876404494382
4/30/2020,Orleans,3,92,23,651,40352,8,0.08695652173913043
5/1/2020,Orleans,1,93,29,680,40352,8,0.08602150537634409
5/2/2020,Orleans,4,97,22,702,40352,9,0.09278350515463918
5/3/2020,Orleans,0,97,21,723,40352,9,0.09278350515463918
5/4/2020,Orleans,2,99,15,738,40352,9,0.09090909090909091
5/5/2020,Orleans,4,103,36,774,40352,9,0.08737864077669903
5/6/2020,Orleans,5,108,33,807,40352,15,0.1388888888888889
5/7/2020,Orleans,13,121,62,869,40352,16,0.1322314049586777
5/8/2020,Orleans,1,122,29,898,40352,19,0.1557377049180328
5/9/2020,Orleans,4,126,41,939,40352,19,0.15079365079365079
5/10/2020,Orleans,4,130,40,979,40352,20,0.15384615384615385
5/11/2020,Orleans,3,133,31,1010,40352,20,0.15037593984962405
5/12/2020,Orleans,9,142,61,1071,40352,20,0.14084507042253522
5/13/2020,Orleans,3,145,57,1128,40352,21,0.14482758620689656
5/14/2020,Orleans,2,147,38,1166,40352,22,0.14965986394557823
5/15/2020,Orleans,16,163,102,1268,40352,22,0.13496932515337423
5/16/2020,Orleans,4,167,59,1327,40352,23,0.1377245508982036
5/17/2020,Orleans,0,167,42,1369,40352,24,0.1437125748502994
5/18/2020,Orleans,1,168,48,1417,40352,24,0.14285714285714285
5/19/2020,Orleans,3,171,60,1477,40352,25,0.14619883040935672
5/20/2020,Orleans,3,174,98,1575,40352,25,0.14367816091954022
5/21/2020,Orleans,1,175,50,1625,40352,26,0.14857142857142858
5/22/2020,Orleans,21,196,85,1710,40352,27,0.1377551020408163
5/23/2020,Orleans,6,202,129,1839,40352,29,0.14356435643564355
5/24/2020,Orleans,3,205,63,1902,40352,33,0.16097560975609757
5/25/2020,Orleans,3,208,49,1951,40352,33,0.15865384615384615
5/26/2020,Orleans,2,210,44,1995,40352,34,0.1619047619047619
5/27/2020,Orleans,2,212,117,2112,40352,34,0.16037735849056603
5/28/2020,Orleans,4,216,112,2224,40352,35,0.16203703703703703
5/29/2020,Orleans,12,228,83,2307,40352,35,0.15350877192982457
5/30/2020,Orleans,1,229,101,2408,40352,35,0.15283842794759825
5/31/2020,Orleans,7,236,105,2513,40352,35,0.1483050847457627
6/1/2020,Orleans,5,241,89,2602,40352,38,0.15767634854771784
6/2/2020,Orleans,5,246,157,2759,40352,38,0.15447154471544716
6/3/2020,Orleans,1,247,81,2840,40352,39,0.15789473684210525
6/4/2020,Orleans,0,247,102,2942,40352,42,0.1700404858299595
6/5/2020,Orleans,7,254,183,3125,40352,42,0.16535433070866143
6/6/2020,Orleans,1,255,115,3240,40352,42,0.16470588235294117
6/7/2020,Orleans,1,256,69,3309,40352,42,0.1640625
6/8/2020,Orleans,1,257,77,3386,40352,43,0.16731517509727625
6/9/2020,Orleans,2,259,117,3503,40352,46,0.1776061776061776
6/10/2020,Orleans,1,260,89,3592,40352,48,0.18461538461538463
6/11/2020,Orleans,0,260,89,3681,40352,48,0.18461538461538463
6/12/2020,Orleans,1,261,114,3795,40352,49,0.18773946360153257
6/13/2020,Orleans,6,267,92,3887,40352,49,0.18352059925093633
6/14/2020,Orleans,1,268,60,3947,40352,49,0.1828358208955224
6/15/2020,Orleans,0,268,117,4064,40352,49,0.1828358208955224
6/16/2020,Orleans,2,270,81,4145,40352,49,0.1814814814814815
6/17/2020,Orleans,1,271,121,4266,40352,49,0.18081180811808117
6/18/2020,Orleans,3,274,110,4376,40352,50,0.18248175182481752
6/19/2020,Orleans,1,275,89,4465,40352,50,0.18181818181818182
6/20/2020,Orleans,1,276,97,4562,40352,50,0.18115942028985507
6/21/2020,Orleans,0,276,111,4673,40352,50,0.18115942028985507
6/22/2020,Orleans,1,277,98,4771,40352,50,0.18050541516245489
6/23/2020,Orleans,0,277,53,4824,40352,51,0.18411552346570398
6/24/2020,Orleans,2,279,85,4909,40352,51,0.1827956989247312
6/25/2020,Orleans,0,279,37,4946,40352,51,0.1827956989247312
6/26/2020,Orleans,1,280,128,5074,40352,52,0.18571428571428572
6/27/2020,Orleans,1,281,98,5172,40352,53,0.18861209964412812
6/28/2020,Orleans,0,281,121,5293,40352,53,0.18861209964412812
6/29/2020,Orleans,0,281,70,5363,40352,53,0.18861209964412812
6/30/2020,Orleans,0,281,84,5447,40352,54,0.19217081850533807
7/1/2020,Orleans,1,282,68,5515,40352,54,0.19148936170212766
7/2/2020,Orleans,0,282,78,5593,40352,54,0.19148936170212766
7/3/2020,Orleans,0,282,152,5745,40352,54,0.19148936170212766
7/4/2020,Orleans,0,282,138,5883,40352,54,0.19148936170212766
7/5/2020,Orleans,2,284,95,5978,40352,54,0.19014084507042253
7/6/2020,Orleans,1,285,98,6076,40352,54,0.18947368421052632
7/7/2020,Orleans,1,286,115,6191,40352,54,0.1888111888111888
7/8/2020,Orleans,0,286,41,6232,40352,55,0.19230769230769232
7/9/2020,Orleans,1,287,140,6372,40352,55,0.1916376306620209
7/10/2020,Orleans,0,287,105,6477,40352,55,0.1916376306620209
7/11/2020,Orleans,0,287,144,6621,40352,55,0.1916376306620209
7/12/2020,Orleans,0,287,66,6687,40352,55,0.1916376306620209
7/13/2020,Orleans,1,288,65,6752,40352,55,0.1909722222222222
7/14/2020,Orleans,0,288,81,6833,40352,55,0.1909722222222222
7/15/2020,Orleans,0,288,147,6980,40352,55,0.1909722222222222
7/16/2020,Orleans,0,288,73,7053,40352,55,0.1909722222222222
7/17/2020,Orleans,0,288,114,7167,40352,55,0.1909722222222222
7/18/2020,Orleans,0,288,48,7215,40352,55,0.1909722222222222
7/19/2020,Orleans,0,288,64,7279,40352,55,0.1909722222222222
7/20/2020,Orleans,0,288,90,7369,40352,55,0.1909722222222222
7/21/2020,Orleans,0,288,72,7441,40352,55,0.1909722222222222
7/22/2020,Orleans,0,288,78,7519,40352,55,0.1909722222222222
7/23/2020,Orleans,1,289,85,7604,40352,55,0.1903114186851211
7/24/2020,Orleans,0,289,71,7675,40352,55,0.1903114186851211
7/25/2020,Orleans,1,290,70,7745,40352,55,0.1896551724137931
7/26/2020,Orleans,0,290,75,7820,40352,55,0.1896551724137931
7/27/2020,Orleans,0,290,74,7894,40352,55,0.1896551724137931
7/28/2020,Orleans,1,291,111,8005,40352,55,0.18900343642611683
7/29/2020,Orleans,0,291,80,8085,40352,55,0.18900343642611683
7/30/2020,Orleans,2,293,100,8185,40352,55,0.18771331058020477
7/31/2020,Orleans,2,295,170,8355,40352,55,0.1864406779661017
8/1/2020,Orleans,0,295,81,8436,40352,55,0.1864406779661017
8/2/2020,Orleans,0,295,61,8497,40352,55,0.1864406779661017
8/3/2020,Orleans,0,295,123,8620,40352,55,0.1864406779661017
8/4/2020,Orleans,2,297,162,8782,40352,55,0.18518518518518517
8/5/2020,Orleans,0,297,66,8848,40352,55,0.18518518518518517
8/6/2020,Orleans,0,297,111,8959,40352,55,0.18518518518518517
8/7/2020,Orleans,1,298,199,9158,40352,55,0.18456375838926176
8/8/2020,Orleans,0,298,89,9247,40352,55,0.18456375838926176
8/9/2020,Orleans,0,298,65,9312,40352,55,0.18456375838926176
8/10/2020,Orleans,0,298,110,9422,40352,55,0.18456375838926176
8/11/2020,Orleans,0,298,110,9532,40352,55,0.18456375838926176
8/12/2020,Orleans,1,299,166,9698,40352,55,0.18394648829431437
8/13/2020,Orleans,0,299,113,9811,40352,55,0.18394648829431437
8/14/2020,Orleans,1,300,104,9915,40352,55,0.18333333333333332
8/15/2020,Orleans,1,301,174,10089,40352,55,0.18272425249169436
8/16/2020,Orleans,1,302,75,10164,40352,55,0.18211920529801323
8/17/2020,Orleans,0,302,96,10260,40352,55,0.18211920529801323
8/18/2020,Orleans,1,303,134,10394,40352,55,0.18151815181518152
8/19/2020,Orleans,0,303,95,10489,40352,55,0.18151815181518152
8/20/2020,Orleans,0,303,94,10583,40352,55,0.18151815181518152
8/21/2020,Orleans,1,304,130,10713,40352,55,0.18092105263157895
8/22/2020,Orleans,0,304,111,10824,40352,55,0.18092105263157895
8/23/2020,Orleans,0,304,99,10923,40352,55,0.18092105263157895
8/24/2020,Orleans,0,304,67,10990,40352,55,0.18092105263157895
8/25/2020,Orleans,1,305,143,11133,40352,55,0.18032786885245902
8/26/2020,Orleans,0,305,105,11238,40352,55,0.18032786885245902
8/27/2020,Orleans,1,306,97,11335,40352,55,0.17973856209150327
8/28/2020,Orleans,0,306,147,11482,40352,55,0.17973856209150327
8/29/2020,Orleans,0,306,114,11596,40352,55,0.17973856209150327
8/30/2020,Orleans,0,306,118,11714,40352,55,0.17973856209150327
8/31/2020,Orleans,0,306,71,11785,40352,55,0.17973856209150327
9/1/2020,Orleans,0,306,112,11897,40352,55,0.17973856209150327
9/2/2020,Orleans,0,306,184,12081,40352,55,0.17973856209150327
9/3/2020,Orleans,1,307,225,12306,40352,55,0.1791530944625407
9/4/2020,Orleans,3,310,161,12467,40352,55,0.1774193548387097
9/5/2020,Orleans,4,314,347,12814,40352,55,0.1751592356687898
9/6/2020,Orleans,1,315,66,12880,40352,55,0.1746031746031746
9/7/2020,Orleans,2,317,130,13010,40352,55,0.17350157728706625
9/8/2020,Orleans,0,317,86,13096,40352,55,0.17350157728706625
9/9/2020,Orleans,1,318,99,13195,40352,55,0.17295597484276728
9/10/2020,Orleans,2,320,195,13390,40352,55,0.171875
9/11/2020,Orleans,1,321,123,13513,40352,55,0.17133956386292834
9/12/2020,Orleans,0,321,132,13645,40352,55,0.17133956386292834
9/13/2020,Orleans,0,321,81,13726,40352,55,0.17133956386292834
9/14/2020,Orleans,1,322,57,13783,40352,55,0.17080745341614906
9/15/2020,Orleans,0,322,165,13948,40352,55,0.17080745341614906
9/16/2020,Orleans,0,322,251,14199,40352,55,0.17080745341614906
9/17/2020,Orleans,0,322,160,14359,40352,55,0.17080745341614906
9/18/2020,Orleans,1,323,240,14599,40352,55,0.17027863777089783
9/19/2020,Orleans,0,323,171,14770,40352,55,0.17027863777089783
9/20/2020,Orleans,1,324,62,14832,40352,55,0.1697530864197531
9/21/2020,Orleans,1,325,278,15110,40352,55,0.16923076923076924
9/22/2020,Orleans,0,325,144,15254,40352,55,0.16923076923076924
9/23/2020,Orleans,2,327,256,15510,40352,55,0.16819571865443425
9/24/2020,Orleans,3,330,164,15674,40352,55,0.16666666666666666
9/25/2020,Orleans,2,332,149,15823,40352,55,0.16566265060240964
9/26/2020,Orleans,3,335,162,15985,40352,55,0.16417910447761194
9/27/2020,Orleans,0,335,80,16065,40352,55,0.16417910447761194
9/28/2020,Orleans,0,335,131,16196,40352,55,0.16417910447761194
9/29/2020,Orleans,1,336,135,16331,40352,55,0.1636904761904762
9/30/2020,Orleans,0,336,192,16523,40352,55,0.1636904761904762
10/1/2020,Orleans,0,336,118,16641,40352,55,0.1636904761904762
10/2/2020,Orleans,1,337,164,16805,40352,55,0.1632047477744807
10/3/2020,Orleans,0,337,130,16935,40352,55,0.1632047477744807
10/4/2020,Orleans,0,337,47,16982,40352,55,0.1632047477744807
10/5/2020,Orleans,1,338,89,17071,40352,55,0.16272189349112426
10/6/2020,Orleans,2,340,148,17219,40352,55,0.16176470588235295
10/7/2020,Orleans,2,342,190,17409,40352,55,0.1608187134502924
10/8/2020,Orleans,1,343,163,17572,40352,55,0.16034985422740525
10/9/2020,Orleans,1,344,178,17750,40352,55,0.15988372093023256
10/10/2020,Orleans,6,350,170,17920,40352,55,0.15714285714285714
10/11/2020,Orleans,2,352,81,18001,40352,55,0.15625
10/12/2020,Orleans,2,354,133,18134,40352,55,0.1553672316384181
10/13/2020,Orleans,1,355,97,18231,40352,55,0.15492957746478872
10/14/2020,Orleans,1,356,175,18406,40352,55,0.1544943820224719
10/15/2020,Orleans,3,359,176,18582,40352,55,0.1532033426183844
10/16/2020,Orleans,1,360,161,18743,40352,55,0.1527777777777778
10/17/2020,Orleans,2,362,105,18848,40352,55,0.15193370165745856
10/18/2020,Orleans,1,363,133,18981,40352,55,0.15151515151515152
10/19/2020,Orleans,5,368,105,19086,40352,55,0.14945652173913043
10/20/2020,Orleans,8,376,114,19200,40352,55,0.14627659574468085
10/21/2020,Orleans,2,378,190,19390,40352,55,0.1455026455026455
10/22/2020,Orleans,1,379,174,19564,40352,55,0.14511873350923482
10/23/2020,Orleans,6,385,228,19792,40352,55,0.14285714285714285
10/24/2020,Orleans,8,393,137,19929,40352,55,0.13994910941475827
10/25/2020,Orleans,6,399,167,20096,40352,55,0.13784461152882205
10/26/2020,Orleans,2,401,146,20242,40352,55,0.1371571072319202
10/27/2020,Orleans,5,406,106,20348,40352,55,0.1354679802955665
10/28/2020,Orleans,6,412,205,20553,40352,55,0.13349514563106796
10/29/2020,Orleans,1,413,158,20711,40352,55,0.13317191283292978
10/30/2020,Orleans,0,413,149,20860,40352,55,0.13317191283292978
10/31/2020,Orleans,0,413,157,21017,40352,55,0.13317191283292978
11/1/2020,Orleans,2,415,196,21213,40352,55,0.13253012048192772
11/2/2020,Orleans,3,418,132,21345,40352,55,0.13157894736842105
11/3/2020,Orleans,3,421,96,21441,40352,55,0.13064133016627077
11/4/2020,Orleans,1,422,182,21623,40352,55,0.13033175355450238
11/5/2020,Orleans,7,429,191,21814,40352,55,0.1282051282051282
11/6/2020,Orleans,5,434,234,22048,40352,55,0.12672811059907835
11/7/2020,Orleans,8,442,161,22209,40352,55,0.1244343891402715
11/8/2020,Orleans,8,450,63,22272,40352,55,0.12222222222222222
11/9/2020,Orleans,3,453,181,22453,40352,55,0.12141280353200883
11/10/2020,Orleans,13,466,214,22667,40352,56,0.12017167381974249
11/11/2020,Orleans,14,480,133,22800,40352,56,0.11666666666666667
11/12/2020,Orleans,18,498,238,23038,40352,56,0.11244979919678715
11/13/2020,Orleans,10,508,242,23280,40352,56,0.11023622047244094
11/14/2020,Orleans,7,515,64,23344,40352,56,0.1087378640776699
3/1/2020,Oswego,0,0,0,0,117124,0,NaN
3/2/2020,Oswego,0,0,0,0,117124,0,NaN
3/3/2020,Oswego,0,0,0,0,117124,0,NaN
3/4/2020,Oswego,0,0,0,0,117124,0,NaN
3/5/2020,Oswego,0,0,0,0,117124,0,NaN
3/6/2020,Oswego,0,0,0,0,117124,0,NaN
3/7/2020,Oswego,0,0,0,0,117124,0,NaN
3/8/2020,Oswego,0,0,0,0,117124,0,NaN
3/9/2020,Oswego,0,0,0,0,117124,0,NaN
3/10/2020,Oswego,0,0,1,1,117124,0,NaN
3/11/2020,Oswego,0,0,0,1,117124,0,NaN
3/12/2020,Oswego,0,0,0,1,117124,0,NaN
3/13/2020,Oswego,0,0,2,3,117124,0,NaN
3/14/2020,Oswego,0,0,2,5,117124,0,NaN
3/15/2020,Oswego,0,0,0,5,117124,0,NaN
3/16/2020,Oswego,0,0,4,9,117124,0,NaN
3/17/2020,Oswego,0,0,3,12,117124,0,NaN
3/18/2020,Oswego,0,0,8,20,117124,0,NaN
3/19/2020,Oswego,0,0,3,23,117124,0,NaN
3/20/2020,Oswego,0,0,11,34,117124,0,NaN
3/21/2020,Oswego,0,0,19,53,117124,0,NaN
3/22/2020,Oswego,1,1,23,76,117124,0,0
3/23/2020,Oswego,1,2,28,104,117124,0,0
3/24/2020,Oswego,0,2,13,117,117124,0,0
3/25/2020,Oswego,2,4,25,142,117124,0,0
3/26/2020,Oswego,0,4,18,160,117124,0,0
3/27/2020,Oswego,3,7,38,198,117124,0,0
3/28/2020,Oswego,1,8,35,233,117124,0,0
3/29/2020,Oswego,6,14,53,286,117124,0,0
3/30/2020,Oswego,1,15,30,316,117124,0,0
3/31/2020,Oswego,2,17,27,343,117124,0,0
4/1/2020,Oswego,5,22,80,423,117124,0,0
4/2/2020,Oswego,4,26,82,505,117124,0,0
4/3/2020,Oswego,0,26,31,536,117124,0,0
4/4/2020,Oswego,2,28,26,562,117124,0,0
4/5/2020,Oswego,1,29,39,601,117124,0,0
4/6/2020,Oswego,2,31,70,671,117124,0,0
4/7/2020,Oswego,2,33,27,698,117124,2,0.06060606060606061
4/8/2020,Oswego,3,36,61,759,117124,2,0.05555555555555555
4/9/2020,Oswego,0,36,32,791,117124,2,0.05555555555555555
4/10/2020,Oswego,1,37,12,803,117124,2,0.05405405405405406
4/11/2020,Oswego,1,38,15,818,117124,2,0.05263157894736842
4/12/2020,Oswego,0,38,10,828,117124,2,0.05263157894736842
4/13/2020,Oswego,3,41,74,902,117124,2,0.04878048780487805
4/14/2020,Oswego,1,42,17,919,117124,2,0.047619047619047616
4/15/2020,Oswego,2,44,18,937,117124,2,0.045454545454545456
4/16/2020,Oswego,1,45,28,965,117124,2,0.044444444444444446
4/17/2020,Oswego,0,45,14,979,117124,2,0.044444444444444446
4/18/2020,Oswego,2,47,18,997,117124,2,0.0425531914893617
4/19/2020,Oswego,1,48,18,1015,117124,2,0.041666666666666664
4/20/2020,Oswego,1,49,12,1027,117124,2,0.04081632653061224
4/21/2020,Oswego,0,49,4,1031,117124,2,0.04081632653061224
4/22/2020,Oswego,0,49,21,1052,117124,2,0.04081632653061224
4/23/2020,Oswego,2,51,18,1070,117124,2,0.0392156862745098
4/24/2020,Oswego,6,57,298,1368,117124,2,0.03508771929824561
4/25/2020,Oswego,4,61,67,1435,117124,2,0.03278688524590164
4/26/2020,Oswego,0,61,33,1468,117124,2,0.03278688524590164
4/27/2020,Oswego,2,63,40,1508,117124,2,0.031746031746031744
4/28/2020,Oswego,0,63,39,1547,117124,2,0.031746031746031744
4/29/2020,Oswego,0,63,45,1592,117124,2,0.031746031746031744
4/30/2020,Oswego,1,64,36,1628,117124,2,0.03125
5/1/2020,Oswego,2,66,30,1658,117124,2,0.030303030303030304
5/2/2020,Oswego,0,66,37,1695,117124,2,0.030303030303030304
5/3/2020,Oswego,1,67,44,1739,117124,2,0.029850746268656716
5/4/2020,Oswego,1,68,40,1779,117124,2,0.029411764705882353
5/5/2020,Oswego,2,70,41,1820,117124,2,0.02857142857142857
5/6/2020,Oswego,0,70,48,1868,117124,2,0.02857142857142857
5/7/2020,Oswego,2,72,54,1922,117124,2,0.027777777777777776
5/8/2020,Oswego,3,75,52,1974,117124,2,0.02666666666666667
5/9/2020,Oswego,0,75,59,2033,117124,2,0.02666666666666667
5/10/2020,Oswego,0,75,49,2082,117124,2,0.02666666666666667
5/11/2020,Oswego,1,76,53,2135,117124,2,0.02631578947368421
5/12/2020,Oswego,0,76,59,2194,117124,2,0.02631578947368421
5/13/2020,Oswego,2,78,64,2258,117124,2,0.02564102564102564
5/14/2020,Oswego,2,80,110,2368,117124,2,0.025
5/15/2020,Oswego,3,83,241,2609,117124,2,0.024096385542168676
5/16/2020,Oswego,1,84,81,2690,117124,2,0.023809523809523808
5/17/2020,Oswego,0,84,197,2887,117124,2,0.023809523809523808
5/18/2020,Oswego,5,89,95,2982,117124,2,0.02247191011235955
5/19/2020,Oswego,1,90,129,3111,117124,2,0.022222222222222223
5/20/2020,Oswego,2,92,300,3411,117124,2,0.021739130434782608
5/21/2020,Oswego,4,96,215,3626,117124,2,0.020833333333333332
5/22/2020,Oswego,3,99,302,3928,117124,2,0.020202020202020204
5/23/2020,Oswego,1,100,479,4407,117124,2,0.02
5/24/2020,Oswego,4,104,131,4538,117124,2,0.019230769230769232
5/25/2020,Oswego,0,104,175,4713,117124,2,0.019230769230769232
5/26/2020,Oswego,1,105,337,5050,117124,2,0.01904761904761905
5/27/2020,Oswego,2,107,260,5310,117124,2,0.018691588785046728
5/28/2020,Oswego,1,108,252,5562,117124,2,0.018518518518518517
5/29/2020,Oswego,0,108,317,5879,117124,2,0.018518518518518517
5/30/2020,Oswego,1,109,443,6322,117124,2,0.01834862385321101
5/31/2020,Oswego,1,110,138,6460,117124,2,0.01818181818181818
6/1/2020,Oswego,0,110,308,6768,117124,2,0.01818181818181818
6/2/2020,Oswego,2,112,409,7177,117124,2,0.017857142857142856
6/3/2020,Oswego,0,112,185,7362,117124,2,0.017857142857142856
6/4/2020,Oswego,0,112,609,7971,117124,2,0.017857142857142856
6/5/2020,Oswego,2,114,475,8446,117124,2,0.017543859649122806
6/6/2020,Oswego,1,115,272,8718,117124,2,0.017391304347826087
6/7/2020,Oswego,0,115,414,9132,117124,2,0.017391304347826087
6/8/2020,Oswego,0,115,149,9281,117124,2,0.017391304347826087
6/9/2020,Oswego,0,115,489,9770,117124,2,0.017391304347826087
6/10/2020,Oswego,4,119,297,10067,117124,2,0.01680672268907563
6/11/2020,Oswego,1,120,614,10681,117124,2,0.016666666666666666
6/12/2020,Oswego,2,122,246,10927,117124,2,0.01639344262295082
6/13/2020,Oswego,0,122,274,11201,117124,2,0.01639344262295082
6/14/2020,Oswego,4,126,199,11400,117124,2,0.015873015873015872
6/15/2020,Oswego,13,139,197,11597,117124,2,0.014388489208633094
6/16/2020,Oswego,0,139,117,11714,117124,2,0.014388489208633094
6/17/2020,Oswego,5,144,417,12131,117124,2,0.013888888888888888
6/18/2020,Oswego,23,167,771,12902,117124,2,0.011976047904191617
6/19/2020,Oswego,2,169,351,13253,117124,2,0.011834319526627219
6/20/2020,Oswego,4,173,191,13444,117124,2,0.011560693641618497
6/21/2020,Oswego,0,173,258,13702,117124,2,0.011560693641618497
6/22/2020,Oswego,6,179,176,13878,117124,2,0.0111731843575419
6/23/2020,Oswego,9,188,191,14069,117124,2,0.010638297872340425
6/24/2020,Oswego,3,191,343,14412,117124,3,0.015706806282722512
6/25/2020,Oswego,1,192,363,14775,117124,3,0.015625
6/26/2020,Oswego,2,194,401,15176,117124,3,0.015463917525773196
6/27/2020,Oswego,1,195,127,15303,117124,3,0.015384615384615385
6/28/2020,Oswego,1,196,272,15575,117124,3,0.015306122448979591
6/29/2020,Oswego,1,197,145,15720,117124,3,0.015228426395939087
6/30/2020,Oswego,4,201,233,15953,117124,3,0.014925373134328358
7/1/2020,Oswego,5,206,218,16171,117124,3,0.014563106796116505
7/2/2020,Oswego,0,206,286,16457,117124,3,0.014563106796116505
7/3/2020,Oswego,0,206,200,16657,117124,3,0.014563106796116505
7/4/2020,Oswego,0,206,221,16878,117124,3,0.014563106796116505
7/5/2020,Oswego,0,206,186,17064,117124,3,0.014563106796116505
7/6/2020,Oswego,1,207,308,17372,117124,3,0.014492753623188406
7/7/2020,Oswego,3,210,367,17739,117124,3,0.014285714285714285
7/8/2020,Oswego,1,211,358,18097,117124,3,0.014218009478672985
7/9/2020,Oswego,5,216,248,18345,117124,3,0.013888888888888888
7/10/2020,Oswego,3,219,208,18553,117124,3,0.0136986301369863
7/11/2020,Oswego,1,220,139,18692,117124,3,0.013636363636363636
7/12/2020,Oswego,2,222,322,19014,117124,3,0.013513513513513514
7/13/2020,Oswego,3,225,367,19381,117124,3,0.013333333333333334
7/14/2020,Oswego,1,226,349,19730,117124,3,0.01327433628318584
7/15/2020,Oswego,1,227,269,19999,117124,3,0.013215859030837005
7/16/2020,Oswego,0,227,510,20509,117124,3,0.013215859030837005
7/17/2020,Oswego,2,229,391,20900,117124,3,0.013100436681222707
7/18/2020,Oswego,0,229,223,21123,117124,3,0.013100436681222707
7/19/2020,Oswego,0,229,213,21336,117124,3,0.013100436681222707
7/20/2020,Oswego,2,231,398,21734,117124,3,0.012987012987012988
7/21/2020,Oswego,1,232,640,22374,117124,3,0.01293103448275862
7/22/2020,Oswego,2,234,402,22776,117124,3,0.01282051282051282
7/23/2020,Oswego,0,234,402,23178,117124,3,0.01282051282051282
7/24/2020,Oswego,2,236,422,23600,117124,3,0.012711864406779662
7/25/2020,Oswego,2,238,512,24112,117124,3,0.012605042016806723
7/26/2020,Oswego,1,239,349,24461,117124,3,0.012552301255230125
7/27/2020,Oswego,0,239,311,24772,117124,3,0.012552301255230125
7/28/2020,Oswego,0,239,254,25026,117124,3,0.012552301255230125
7/29/2020,Oswego,1,240,341,25367,117124,3,0.0125
7/30/2020,Oswego,1,241,253,25620,117124,3,0.012448132780082987
7/31/2020,Oswego,3,244,413,26033,117124,3,0.012295081967213115
8/1/2020,Oswego,2,246,307,26340,117124,3,0.012195121951219513
8/2/2020,Oswego,2,248,199,26539,117124,3,0.012096774193548387
8/3/2020,Oswego,1,249,459,26998,117124,3,0.012048192771084338
8/4/2020,Oswego,1,250,231,27229,117124,3,0.012
8/5/2020,Oswego,1,251,372,27601,117124,3,0.01195219123505976
8/6/2020,Oswego,0,251,328,27929,117124,3,0.01195219123505976
8/7/2020,Oswego,2,253,492,28421,117124,3,0.011857707509881422
8/8/2020,Oswego,0,253,218,28639,117124,3,0.011857707509881422
8/9/2020,Oswego,0,253,236,28875,117124,3,0.011857707509881422
8/10/2020,Oswego,2,255,540,29415,117124,3,0.011764705882352941
8/11/2020,Oswego,2,257,193,29608,117124,3,0.011673151750972763
8/12/2020,Oswego,1,258,330,29938,117124,3,0.011627906976744186
8/13/2020,Oswego,6,264,612,30550,117124,3,0.011363636363636364
8/14/2020,Oswego,7,271,350,30900,117124,3,0.01107011070110701
8/15/2020,Oswego,0,271,259,31159,117124,3,0.01107011070110701
8/16/2020,Oswego,1,272,276,31435,117124,3,0.011029411764705883
8/17/2020,Oswego,0,272,317,31752,117124,3,0.011029411764705883
8/18/2020,Oswego,2,274,353,32105,117124,3,0.010948905109489052
8/19/2020,Oswego,2,276,368,32473,117124,3,0.010869565217391304
8/20/2020,Oswego,3,279,410,32883,117124,3,0.010752688172043012
8/21/2020,Oswego,2,281,710,33593,117124,3,0.010676156583629894
8/22/2020,Oswego,1,282,186,33779,117124,3,0.010638297872340425
8/23/2020,Oswego,0,282,180,33959,117124,3,0.010638297872340425
8/24/2020,Oswego,3,285,354,34313,117124,3,0.010526315789473684
8/25/2020,Oswego,1,286,153,34466,117124,3,0.01048951048951049
8/26/2020,Oswego,1,287,203,34669,117124,3,0.010452961672473868
8/27/2020,Oswego,1,288,290,34959,117124,3,0.010416666666666666
8/28/2020,Oswego,3,291,489,35448,117124,3,0.010309278350515464
8/29/2020,Oswego,4,295,501,35949,117124,3,0.010169491525423728
8/30/2020,Oswego,8,303,215,36164,117124,3,0.009900990099009901
8/31/2020,Oswego,1,304,482,36646,117124,3,0.009868421052631578
9/1/2020,Oswego,3,307,203,36849,117124,3,0.009771986970684038
9/2/2020,Oswego,4,311,351,37200,117124,3,0.00964630225080386
9/3/2020,Oswego,3,314,294,37494,117124,3,0.009554140127388535
9/4/2020,Oswego,11,325,708,38202,117124,3,0.009230769230769232
9/5/2020,Oswego,0,325,416,38618,117124,3,0.009230769230769232
9/6/2020,Oswego,4,329,240,38858,117124,3,0.00911854103343465
9/7/2020,Oswego,2,331,280,39138,117124,3,0.00906344410876133
9/8/2020,Oswego,0,331,149,39287,117124,3,0.00906344410876133
9/9/2020,Oswego,2,333,135,39422,117124,3,0.009009009009009009
9/10/2020,Oswego,24,357,498,39920,117124,3,0.008403361344537815
9/11/2020,Oswego,5,362,735,40655,117124,3,0.008287292817679558
9/12/2020,Oswego,26,388,508,41163,117124,3,0.007731958762886598
9/13/2020,Oswego,2,390,293,41456,117124,3,0.007692307692307693
9/14/2020,Oswego,12,402,398,41854,117124,3,0.007462686567164179
9/15/2020,Oswego,7,409,226,42080,117124,3,0.007334963325183374
9/16/2020,Oswego,3,412,320,42400,117124,3,0.007281553398058253
9/17/2020,Oswego,6,418,416,42816,117124,3,0.007177033492822967
9/18/2020,Oswego,6,424,543,43359,117124,3,0.007075471698113208
9/19/2020,Oswego,23,447,477,43836,117124,3,0.006711409395973154
9/20/2020,Oswego,9,456,348,44184,117124,3,0.006578947368421052
9/21/2020,Oswego,8,464,331,44515,117124,3,0.00646551724137931
9/22/2020,Oswego,4,468,287,44802,117124,3,0.00641025641025641
9/23/2020,Oswego,2,470,326,45128,117124,3,0.006382978723404255
9/24/2020,Oswego,9,479,457,45585,117124,3,0.006263048016701462
9/25/2020,Oswego,4,483,520,46105,117124,3,0.006211180124223602
9/26/2020,Oswego,10,493,440,46545,117124,3,0.006085192697768763
9/27/2020,Oswego,0,493,297,46842,117124,3,0.006085192697768763
9/28/2020,Oswego,6,499,482,47324,117124,3,0.006012024048096192
9/29/2020,Oswego,4,503,564,47888,117124,3,0.005964214711729622
9/30/2020,Oswego,3,506,466,48354,117124,3,0.005928853754940711
10/1/2020,Oswego,8,514,1026,49380,117124,3,0.005836575875486381
10/2/2020,Oswego,4,518,676,50056,117124,3,0.005791505791505791
10/3/2020,Oswego,3,521,733,50789,117124,3,0.005758157389635317
10/4/2020,Oswego,2,523,440,51229,117124,3,0.0057361376673040155
10/5/2020,Oswego,6,529,389,51618,117124,3,0.005671077504725898
10/6/2020,Oswego,2,531,684,52302,117124,3,0.005649717514124294
10/7/2020,Oswego,5,536,363,52665,117124,3,0.005597014925373134
10/8/2020,Oswego,6,542,824,53489,117124,3,0.005535055350553505
10/9/2020,Oswego,5,547,923,54412,117124,3,0.005484460694698354
10/10/2020,Oswego,3,550,749,55161,117124,3,0.005454545454545455
10/11/2020,Oswego,2,552,581,55742,117124,3,0.005434782608695652
10/12/2020,Oswego,5,557,275,56017,117124,3,0.005385996409335727
10/13/2020,Oswego,9,566,779,56796,117124,3,0.00530035335689046
10/14/2020,Oswego,2,568,738,57534,117124,3,0.00528169014084507
10/15/2020,Oswego,11,579,1138,58672,117124,3,0.0051813471502590676
10/16/2020,Oswego,3,582,820,59492,117124,3,0.005154639175257732
10/17/2020,Oswego,2,584,366,59858,117124,3,0.005136986301369863
10/18/2020,Oswego,3,587,804,60662,117124,3,0.005110732538330494
10/19/2020,Oswego,7,594,326,60988,117124,3,0.005050505050505051
10/20/2020,Oswego,5,599,633,61621,117124,3,0.005008347245409015
10/21/2020,Oswego,7,606,586,62207,117124,3,0.0049504950495049506
10/22/2020,Oswego,1,607,573,62780,117124,4,0.006589785831960461
10/23/2020,Oswego,2,609,998,63778,117124,4,0.006568144499178982
10/24/2020,Oswego,7,616,388,64166,117124,4,0.006493506493506494
10/25/2020,Oswego,4,620,480,64646,117124,4,0.0064516129032258064
10/26/2020,Oswego,3,623,369,65015,117124,4,0.006420545746388443
10/27/2020,Oswego,4,627,755,65770,117124,4,0.006379585326953748
10/28/2020,Oswego,4,631,591,66361,117124,4,0.006339144215530904
10/29/2020,Oswego,8,639,566,66927,117124,4,0.006259780907668232
10/30/2020,Oswego,5,644,822,67749,117124,4,0.006211180124223602
10/31/2020,Oswego,4,648,644,68393,117124,4,0.006172839506172839
11/1/2020,Oswego,13,661,366,68759,117124,4,0.006051437216338881
11/2/2020,Oswego,8,669,350,69109,117124,4,0.005979073243647235
11/3/2020,Oswego,9,678,409,69518,117124,4,0.0058997050147492625
11/4/2020,Oswego,11,689,756,70274,117124,4,0.005805515239477504
11/5/2020,Oswego,22,711,1125,71399,117124,4,0.005625879043600563
11/6/2020,Oswego,23,734,1106,72505,117124,4,0.005449591280653951
11/7/2020,Oswego,24,758,888,73393,117124,4,0.005277044854881266
11/8/2020,Oswego,29,787,1274,74667,117124,4,0.005082592121982211
11/9/2020,Oswego,22,809,492,75159,117124,4,0.004944375772558714
11/10/2020,Oswego,31,840,743,75902,117124,4,0.004761904761904762
11/11/2020,Oswego,31,871,761,76663,117124,4,0.004592422502870264
11/12/2020,Oswego,26,897,873,77536,117124,4,0.004459308807134894
11/13/2020,Oswego,57,954,1137,78673,117124,4,0.0041928721174004195
11/14/2020,Oswego,14,968,308,78981,117124,4,0.004132231404958678
3/1/2020,Otsego,0,0,0,0,59493,0,NaN
3/2/2020,Otsego,0,0,0,0,59493,0,NaN
3/3/2020,Otsego,0,0,0,0,59493,0,NaN
3/4/2020,Otsego,0,0,0,0,59493,0,NaN
3/5/2020,Otsego,0,0,0,0,59493,0,NaN
3/6/2020,Otsego,0,0,0,0,59493,0,NaN
3/7/2020,Otsego,0,0,1,1,59493,0,NaN
3/8/2020,Otsego,0,0,1,2,59493,0,NaN
3/9/2020,Otsego,0,0,0,2,59493,0,NaN
3/10/2020,Otsego,0,0,0,2,59493,0,NaN
3/11/2020,Otsego,0,0,0,2,59493,0,NaN
3/12/2020,Otsego,0,0,0,2,59493,0,NaN
3/13/2020,Otsego,0,0,1,3,59493,0,NaN
3/14/2020,Otsego,0,0,2,5,59493,0,NaN
3/15/2020,Otsego,0,0,1,6,59493,0,NaN
3/16/2020,Otsego,0,0,0,6,59493,0,NaN
3/17/2020,Otsego,0,0,1,7,59493,0,NaN
3/18/2020,Otsego,0,0,2,9,59493,0,NaN
3/19/2020,Otsego,0,0,10,19,59493,0,NaN
3/20/2020,Otsego,0,0,20,39,59493,0,NaN
3/21/2020,Otsego,0,0,11,50,59493,0,NaN
3/22/2020,Otsego,1,1,10,60,59493,0,0
3/23/2020,Otsego,0,1,11,71,59493,0,0
3/24/2020,Otsego,1,2,5,76,59493,0,0
3/25/2020,Otsego,1,3,6,82,59493,0,0
3/26/2020,Otsego,2,5,12,94,59493,0,0
3/27/2020,Otsego,2,7,19,113,59493,1,0.14285714285714285
3/28/2020,Otsego,3,10,21,134,59493,1,0.1
3/29/2020,Otsego,7,17,16,150,59493,1,0.058823529411764705
3/30/2020,Otsego,1,18,8,158,59493,1,0.05555555555555555
3/31/2020,Otsego,1,19,19,177,59493,1,0.05263157894736842
4/1/2020,Otsego,2,21,17,194,59493,1,0.047619047619047616
4/2/2020,Otsego,0,21,12,206,59493,1,0.047619047619047616
4/3/2020,Otsego,5,26,53,259,59493,1,0.038461538461538464
4/4/2020,Otsego,3,29,25,284,59493,2,0.06896551724137931
4/5/2020,Otsego,5,34,41,325,59493,2,0.058823529411764705
4/6/2020,Otsego,0,34,43,368,59493,2,0.058823529411764705
4/7/2020,Otsego,4,38,31,399,59493,2,0.05263157894736842
4/8/2020,Otsego,1,39,42,441,59493,2,0.05128205128205128
4/9/2020,Otsego,2,41,40,481,59493,2,0.04878048780487805
4/10/2020,Otsego,2,43,34,515,59493,2,0.046511627906976744
4/11/2020,Otsego,0,43,15,530,59493,2,0.046511627906976744
4/12/2020,Otsego,0,43,35,565,59493,2,0.046511627906976744
4/13/2020,Otsego,1,44,90,655,59493,2,0.045454545454545456
4/14/2020,Otsego,0,44,14,669,59493,2,0.045454545454545456
4/15/2020,Otsego,0,44,15,684,59493,2,0.045454545454545456
4/16/2020,Otsego,0,44,9,693,59493,2,0.045454545454545456
4/17/2020,Otsego,3,47,18,711,59493,2,0.0425531914893617
4/18/2020,Otsego,1,48,18,729,59493,2,0.041666666666666664
4/19/2020,Otsego,1,49,10,739,59493,3,0.061224489795918366
4/20/2020,Otsego,0,49,10,749,59493,3,0.061224489795918366
4/21/2020,Otsego,0,49,15,764,59493,3,0.061224489795918366
4/22/2020,Otsego,1,50,22,786,59493,3,0.06
4/23/2020,Otsego,0,50,18,804,59493,3,0.06
4/24/2020,Otsego,10,60,249,1053,59493,3,0.05
4/25/2020,Otsego,0,60,43,1096,59493,3,0.05
4/26/2020,Otsego,2,62,38,1134,59493,3,0.04838709677419355
4/27/2020,Otsego,3,65,33,1167,59493,3,0.046153846153846156
4/28/2020,Otsego,1,66,34,1201,59493,3,0.045454545454545456
4/29/2020,Otsego,1,67,45,1246,59493,3,0.04477611940298507
4/30/2020,Otsego,0,67,40,1286,59493,3,0.04477611940298507
5/1/2020,Otsego,0,67,88,1374,59493,3,0.04477611940298507
5/2/2020,Otsego,0,67,42,1416,59493,3,0.04477611940298507
5/3/2020,Otsego,0,67,36,1452,59493,3,0.04477611940298507
5/4/2020,Otsego,0,67,87,1539,59493,3,0.04477611940298507
5/5/2020,Otsego,0,67,70,1609,59493,3,0.04477611940298507
5/6/2020,Otsego,0,67,43,1652,59493,3,0.04477611940298507
5/7/2020,Otsego,0,67,44,1696,59493,3,0.04477611940298507
5/8/2020,Otsego,0,67,39,1735,59493,3,0.04477611940298507
5/9/2020,Otsego,0,67,46,1781,59493,3,0.04477611940298507
5/10/2020,Otsego,0,67,40,1821,59493,3,0.04477611940298507
5/11/2020,Otsego,0,67,62,1883,59493,3,0.04477611940298507
5/12/2020,Otsego,0,67,82,1965,59493,3,0.04477611940298507
5/13/2020,Otsego,0,67,45,2010,59493,3,0.04477611940298507
5/14/2020,Otsego,0,67,27,2037,59493,3,0.04477611940298507
5/15/2020,Otsego,0,67,181,2218,59493,3,0.04477611940298507
5/16/2020,Otsego,0,67,50,2268,59493,3,0.04477611940298507
5/17/2020,Otsego,0,67,79,2347,59493,3,0.04477611940298507
5/18/2020,Otsego,0,67,129,2476,59493,3,0.04477611940298507
5/19/2020,Otsego,0,67,124,2600,59493,3,0.04477611940298507
5/20/2020,Otsego,0,67,65,2665,59493,4,0.05970149253731343
5/21/2020,Otsego,0,67,102,2767,59493,4,0.05970149253731343
5/22/2020,Otsego,1,68,90,2857,59493,4,0.058823529411764705
5/23/2020,Otsego,1,69,51,2908,59493,4,0.057971014492753624
5/24/2020,Otsego,0,69,38,2946,59493,4,0.057971014492753624
5/25/2020,Otsego,0,69,17,2963,59493,4,0.057971014492753624
5/26/2020,Otsego,0,69,243,3206,59493,4,0.057971014492753624
5/27/2020,Otsego,1,70,191,3397,59493,4,0.05714285714285714
5/28/2020,Otsego,1,71,128,3525,59493,4,0.056338028169014086
5/29/2020,Otsego,0,71,127,3652,59493,4,0.056338028169014086
5/30/2020,Otsego,1,72,184,3836,59493,4,0.05555555555555555
5/31/2020,Otsego,0,72,93,3929,59493,4,0.05555555555555555
6/1/2020,Otsego,1,73,189,4118,59493,4,0.0547945205479452
6/2/2020,Otsego,0,73,183,4301,59493,4,0.0547945205479452
6/3/2020,Otsego,0,73,112,4413,59493,4,0.0547945205479452
6/4/2020,Otsego,0,73,132,4545,59493,4,0.0547945205479452
6/5/2020,Otsego,1,74,265,4810,59493,4,0.05405405405405406
6/6/2020,Otsego,0,74,163,4973,59493,4,0.05405405405405406
6/7/2020,Otsego,1,75,144,5117,59493,4,0.05333333333333334
6/8/2020,Otsego,0,75,238,5355,59493,4,0.05333333333333334
6/9/2020,Otsego,2,77,144,5499,59493,4,0.05194805194805195
6/10/2020,Otsego,1,78,187,5686,59493,4,0.05128205128205128
6/11/2020,Otsego,0,78,148,5834,59493,4,0.05128205128205128
6/12/2020,Otsego,2,80,204,6038,59493,4,0.05
6/13/2020,Otsego,0,80,54,6092,59493,4,0.05
6/14/2020,Otsego,0,80,172,6264,59493,4,0.05
6/15/2020,Otsego,1,81,260,6524,59493,4,0.04938271604938271
6/16/2020,Otsego,1,82,233,6757,59493,4,0.04878048780487805
6/17/2020,Otsego,0,82,165,6922,59493,4,0.04878048780487805
6/18/2020,Otsego,0,82,237,7159,59493,4,0.04878048780487805
6/19/2020,Otsego,0,82,122,7281,59493,4,0.04878048780487805
6/20/2020,Otsego,0,82,163,7444,59493,4,0.04878048780487805
6/21/2020,Otsego,1,83,138,7582,59493,4,0.04819277108433735
6/22/2020,Otsego,0,83,193,7775,59493,4,0.04819277108433735
6/23/2020,Otsego,0,83,86,7861,59493,4,0.04819277108433735
6/24/2020,Otsego,0,83,125,7986,59493,4,0.04819277108433735
6/25/2020,Otsego,0,83,128,8114,59493,4,0.04819277108433735
6/26/2020,Otsego,1,84,162,8276,59493,4,0.047619047619047616
6/27/2020,Otsego,0,84,141,8417,59493,4,0.047619047619047616
6/28/2020,Otsego,0,84,158,8575,59493,4,0.047619047619047616
6/29/2020,Otsego,0,84,155,8730,59493,4,0.047619047619047616
6/30/2020,Otsego,0,84,150,8880,59493,4,0.047619047619047616
7/1/2020,Otsego,0,84,120,9000,59493,4,0.047619047619047616
7/2/2020,Otsego,0,84,195,9195,59493,4,0.047619047619047616
7/3/2020,Otsego,2,86,112,9307,59493,4,0.046511627906976744
7/4/2020,Otsego,0,86,115,9422,59493,4,0.046511627906976744
7/5/2020,Otsego,0,86,99,9521,59493,4,0.046511627906976744
7/6/2020,Otsego,0,86,166,9687,59493,4,0.046511627906976744
7/7/2020,Otsego,0,86,68,9755,59493,4,0.046511627906976744
7/8/2020,Otsego,0,86,136,9891,59493,4,0.046511627906976744
7/9/2020,Otsego,2,88,127,10018,59493,4,0.045454545454545456
7/10/2020,Otsego,0,88,138,10156,59493,4,0.045454545454545456
7/11/2020,Otsego,1,89,139,10295,59493,4,0.0449438202247191
7/12/2020,Otsego,0,89,75,10370,59493,4,0.0449438202247191
7/13/2020,Otsego,1,90,175,10545,59493,4,0.044444444444444446
7/14/2020,Otsego,1,91,190,10735,59493,4,0.04395604395604396
7/15/2020,Otsego,1,92,171,10906,59493,4,0.043478260869565216
7/16/2020,Otsego,2,94,275,11181,59493,4,0.0425531914893617
7/17/2020,Otsego,0,94,255,11436,59493,4,0.0425531914893617
7/18/2020,Otsego,4,98,90,11526,59493,4,0.04081632653061224
7/19/2020,Otsego,0,98,125,11651,59493,4,0.04081632653061224
7/20/2020,Otsego,2,100,206,11857,59493,4,0.04
7/21/2020,Otsego,1,101,126,11983,59493,4,0.039603960396039604
7/22/2020,Otsego,1,102,148,12131,59493,4,0.0392156862745098
7/23/2020,Otsego,0,102,112,12243,59493,4,0.0392156862745098
7/24/2020,Otsego,1,103,160,12403,59493,4,0.038834951456310676
7/25/2020,Otsego,0,103,104,12507,59493,4,0.038834951456310676
7/26/2020,Otsego,0,103,102,12609,59493,4,0.038834951456310676
7/27/2020,Otsego,2,105,171,12780,59493,4,0.0380952380952381
7/28/2020,Otsego,2,107,124,12904,59493,4,0.037383177570093455
7/29/2020,Otsego,0,107,175,13079,59493,4,0.037383177570093455
7/30/2020,Otsego,5,112,249,13328,59493,4,0.03571428571428571
7/31/2020,Otsego,0,112,152,13480,59493,4,0.03571428571428571
8/1/2020,Otsego,0,112,153,13633,59493,4,0.03571428571428571
8/2/2020,Otsego,2,114,135,13768,59493,4,0.03508771929824561
8/3/2020,Otsego,1,115,218,13986,59493,4,0.034782608695652174
8/4/2020,Otsego,0,115,193,14179,59493,4,0.034782608695652174
8/5/2020,Otsego,0,115,72,14251,59493,4,0.034782608695652174
8/6/2020,Otsego,1,116,189,14440,59493,4,0.034482758620689655
8/7/2020,Otsego,0,116,271,14711,59493,4,0.034482758620689655
8/8/2020,Otsego,0,116,141,14852,59493,4,0.034482758620689655
8/9/2020,Otsego,0,116,145,14997,59493,4,0.034482758620689655
8/10/2020,Otsego,2,118,432,15429,59493,4,0.03389830508474576
8/11/2020,Otsego,0,118,160,15589,59493,4,0.03389830508474576
8/12/2020,Otsego,0,118,276,15865,59493,4,0.03389830508474576
8/13/2020,Otsego,0,118,157,16022,59493,4,0.03389830508474576
8/14/2020,Otsego,0,118,183,16205,59493,4,0.03389830508474576
8/15/2020,Otsego,0,118,116,16321,59493,4,0.03389830508474576
8/16/2020,Otsego,0,118,92,16413,59493,4,0.03389830508474576
8/17/2020,Otsego,2,120,203,16616,59493,4,0.03333333333333333
8/18/2020,Otsego,2,122,151,16767,59493,4,0.03278688524590164
8/19/2020,Otsego,1,123,219,16986,59493,4,0.032520325203252036
8/20/2020,Otsego,1,124,162,17148,59493,4,0.03225806451612903
8/21/2020,Otsego,0,124,181,17329,59493,4,0.03225806451612903
8/22/2020,Otsego,0,124,277,17606,59493,4,0.03225806451612903
8/23/2020,Otsego,0,124,199,17805,59493,4,0.03225806451612903
8/24/2020,Otsego,0,124,113,17918,59493,4,0.03225806451612903
8/25/2020,Otsego,0,124,190,18108,59493,4,0.03225806451612903
8/26/2020,Otsego,0,124,283,18391,59493,4,0.03225806451612903
8/27/2020,Otsego,1,125,201,18592,59493,4,0.032
8/28/2020,Otsego,9,134,272,18864,59493,4,0.029850746268656716
8/29/2020,Otsego,9,143,286,19150,59493,4,0.027972027972027972
8/30/2020,Otsego,1,144,103,19253,59493,4,0.027777777777777776
8/31/2020,Otsego,35,179,233,19486,59493,4,0.0223463687150838
9/1/2020,Otsego,10,189,240,19726,59493,4,0.021164021164021163
9/2/2020,Otsego,20,209,495,20221,59493,4,0.019138755980861243
9/3/2020,Otsego,26,235,568,20789,59493,4,0.01702127659574468
9/4/2020,Otsego,14,249,353,21142,59493,4,0.01606425702811245
9/5/2020,Otsego,19,268,495,21637,59493,4,0.014925373134328358
9/6/2020,Otsego,17,285,512,22149,59493,4,0.014035087719298246
9/7/2020,Otsego,3,288,183,22332,59493,4,0.013888888888888888
9/8/2020,Otsego,3,291,164,22496,59493,4,0.013745704467353952
9/9/2020,Otsego,0,291,125,22621,59493,4,0.013745704467353952
9/10/2020,Otsego,5,296,207,22828,59493,4,0.013513513513513514
9/11/2020,Otsego,16,312,248,23076,59493,4,0.01282051282051282
9/12/2020,Otsego,2,314,337,23413,59493,4,0.012738853503184714
9/13/2020,Otsego,0,314,107,23520,59493,4,0.012738853503184714
9/14/2020,Otsego,2,316,143,23663,59493,4,0.012658227848101266
9/15/2020,Otsego,2,318,172,23835,59493,4,0.012578616352201259
9/16/2020,Otsego,4,322,491,24326,59493,4,0.012422360248447204
9/17/2020,Otsego,2,324,178,24504,59493,4,0.012345679012345678
9/18/2020,Otsego,1,325,180,24684,59493,4,0.012307692307692308
9/19/2020,Otsego,7,332,199,24883,59493,4,0.012048192771084338
9/20/2020,Otsego,0,332,160,25043,59493,4,0.012048192771084338
9/21/2020,Otsego,0,332,193,25236,59493,4,0.012048192771084338
9/22/2020,Otsego,1,333,209,25445,59493,4,0.012012012012012012
9/23/2020,Otsego,2,335,301,25746,59493,4,0.011940298507462687
9/24/2020,Otsego,0,335,245,25991,59493,4,0.011940298507462687
9/25/2020,Otsego,3,338,285,26276,59493,4,0.011834319526627219
9/26/2020,Otsego,0,338,231,26507,59493,4,0.011834319526627219
9/27/2020,Otsego,2,340,152,26659,59493,4,0.011764705882352941
9/28/2020,Otsego,0,340,363,27022,59493,4,0.011764705882352941
9/29/2020,Otsego,1,341,454,27476,59493,4,0.011730205278592375
9/30/2020,Otsego,1,342,160,27636,59493,4,0.011695906432748537
10/1/2020,Otsego,2,344,216,27852,59493,4,0.011627906976744186
10/2/2020,Otsego,0,344,281,28133,59493,4,0.011627906976744186
10/3/2020,Otsego,2,346,206,28339,59493,4,0.011560693641618497
10/4/2020,Otsego,1,347,229,28568,59493,4,0.011527377521613832
10/5/2020,Otsego,6,353,621,29189,59493,4,0.0113314447592068
10/6/2020,Otsego,0,353,351,29540,59493,4,0.0113314447592068
10/7/2020,Otsego,1,354,296,29836,59493,4,0.011299435028248588
10/8/2020,Otsego,3,357,302,30138,59493,4,0.011204481792717087
10/9/2020,Otsego,2,359,233,30371,59493,4,0.011142061281337047
10/10/2020,Otsego,1,360,235,30606,59493,4,0.011111111111111112
10/11/2020,Otsego,0,360,148,30754,59493,4,0.011111111111111112
10/12/2020,Otsego,2,362,303,31057,59493,4,0.011049723756906077
10/13/2020,Otsego,0,362,671,31728,59493,4,0.011049723756906077
10/14/2020,Otsego,0,362,178,31906,59493,4,0.011049723756906077
10/15/2020,Otsego,0,362,178,32084,59493,4,0.011049723756906077
10/16/2020,Otsego,2,364,256,32340,59493,4,0.01098901098901099
10/17/2020,Otsego,0,364,190,32530,59493,4,0.01098901098901099
10/18/2020,Otsego,3,367,259,32789,59493,4,0.010899182561307902
10/19/2020,Otsego,1,368,775,33564,59493,4,0.010869565217391304
10/20/2020,Otsego,1,369,214,33778,59493,4,0.01084010840108401
10/21/2020,Otsego,5,374,185,33963,59493,4,0.0106951871657754
10/22/2020,Otsego,4,378,185,34148,59493,4,0.010582010582010581
10/23/2020,Otsego,6,384,228,34376,59493,4,0.010416666666666666
10/24/2020,Otsego,6,390,451,34827,59493,4,0.010256410256410256
10/25/2020,Otsego,3,393,268,35095,59493,4,0.010178117048346057
10/26/2020,Otsego,5,398,694,35789,59493,5,0.01256281407035176
10/27/2020,Otsego,2,400,470,36259,59493,5,0.0125
10/28/2020,Otsego,4,404,192,36451,59493,5,0.012376237623762377
10/29/2020,Otsego,6,410,250,36701,59493,5,0.012195121951219513
10/30/2020,Otsego,5,415,347,37048,59493,5,0.012048192771084338
10/31/2020,Otsego,6,421,216,37264,59493,5,0.011876484560570071
11/1/2020,Otsego,1,422,290,37554,59493,5,0.011848341232227487
11/2/2020,Otsego,0,422,214,37768,59493,5,0.011848341232227487
11/3/2020,Otsego,11,433,741,38509,59493,5,0.011547344110854504
11/4/2020,Otsego,4,437,594,39103,59493,5,0.011441647597254004
11/5/2020,Otsego,3,440,246,39349,59493,5,0.011363636363636364
11/6/2020,Otsego,2,442,328,39677,59493,5,0.011312217194570135
11/7/2020,Otsego,2,444,256,39933,59493,5,0.01126126126126126
11/8/2020,Otsego,5,449,188,40121,59493,5,0.011135857461024499
11/9/2020,Otsego,7,456,805,40926,59493,5,0.010964912280701754
11/10/2020,Otsego,0,456,943,41869,59493,5,0.010964912280701754
11/11/2020,Otsego,2,458,291,42160,59493,5,0.010917030567685589
11/12/2020,Otsego,1,459,116,42276,59493,5,0.010893246187363835
11/13/2020,Otsego,1,460,158,42434,59493,5,0.010869565217391304
11/14/2020,Otsego,3,463,193,42627,59493,5,0.01079913606911447
3/1/2020,Putnam,0,0,0,0,98320,0,NaN
3/2/2020,Putnam,0,0,0,0,98320,0,NaN
3/3/2020,Putnam,0,0,0,0,98320,0,NaN
3/4/2020,Putnam,0,0,0,0,98320,0,NaN
3/5/2020,Putnam,0,0,1,1,98320,0,NaN
3/6/2020,Putnam,0,0,0,1,98320,0,NaN
3/7/2020,Putnam,0,0,1,2,98320,0,NaN
3/8/2020,Putnam,0,0,0,2,98320,0,NaN
3/9/2020,Putnam,0,0,1,3,98320,0,NaN
3/10/2020,Putnam,0,0,0,3,98320,0,NaN
3/11/2020,Putnam,0,0,7,10,98320,0,NaN
3/12/2020,Putnam,0,0,1,11,98320,0,NaN
3/13/2020,Putnam,0,0,14,25,98320,0,NaN
3/14/2020,Putnam,0,0,3,28,98320,0,NaN
3/15/2020,Putnam,2,2,10,38,98320,0,0
3/16/2020,Putnam,0,2,5,43,98320,0,0
3/17/2020,Putnam,0,2,7,50,98320,0,0
3/18/2020,Putnam,3,5,32,82,98320,0,0
3/19/2020,Putnam,2,7,35,117,98320,0,0
3/20/2020,Putnam,15,22,79,196,98320,0,0
3/21/2020,Putnam,15,37,75,271,98320,0,0
3/22/2020,Putnam,8,45,47,318,98320,0,0
3/23/2020,Putnam,22,67,70,388,98320,0,0
3/24/2020,Putnam,16,83,51,439,98320,0,0
3/25/2020,Putnam,11,94,75,514,98320,0,0
3/26/2020,Putnam,17,111,47,561,98320,0,0
3/27/2020,Putnam,20,131,84,645,98320,0,0
3/28/2020,Putnam,13,144,41,686,98320,0,0
3/29/2020,Putnam,23,167,63,749,98320,0,0
3/30/2020,Putnam,19,186,71,820,98320,0,0
3/31/2020,Putnam,21,207,57,877,98320,0,0
4/1/2020,Putnam,9,216,46,923,98320,1,0.004629629629629629
4/2/2020,Putnam,36,252,90,1013,98320,1,0.003968253968253968
4/3/2020,Putnam,31,283,96,1109,98320,1,0.0035335689045936395
4/4/2020,Putnam,31,314,78,1187,98320,9,0.028662420382165606
4/5/2020,Putnam,31,345,122,1309,98320,11,0.03188405797101449
4/6/2020,Putnam,21,366,72,1381,98320,12,0.03278688524590164
4/7/2020,Putnam,37,403,115,1496,98320,13,0.03225806451612903
4/8/2020,Putnam,35,438,158,1654,98320,15,0.03424657534246575
4/9/2020,Putnam,49,487,169,1823,98320,16,0.03285420944558522
4/10/2020,Putnam,7,494,18,1841,98320,18,0.03643724696356275
4/11/2020,Putnam,3,497,12,1853,98320,20,0.04024144869215292
4/12/2020,Putnam,5,502,8,1861,98320,23,0.045816733067729085
4/13/2020,Putnam,56,558,217,2078,98320,25,0.044802867383512544
4/14/2020,Putnam,13,571,43,2121,98320,31,0.0542907180385289
4/15/2020,Putnam,2,573,6,2127,98320,31,0.05410122164048865
4/16/2020,Putnam,5,578,11,2138,98320,32,0.05536332179930796
4/17/2020,Putnam,4,582,13,2151,98320,32,0.054982817869415807
4/18/2020,Putnam,10,592,37,2188,98320,32,0.05405405405405406
4/19/2020,Putnam,7,599,21,2209,98320,36,0.06010016694490818
4/20/2020,Putnam,6,605,30,2239,98320,37,0.06115702479338843
4/21/2020,Putnam,6,611,31,2270,98320,38,0.062193126022913256
4/22/2020,Putnam,4,615,19,2289,98320,38,0.061788617886178863
4/23/2020,Putnam,4,619,25,2314,98320,39,0.0630048465266559
4/24/2020,Putnam,266,885,1134,3448,98320,42,0.04745762711864407
4/25/2020,Putnam,19,904,112,3560,98320,42,0.046460176991150445
4/26/2020,Putnam,21,925,127,3687,98320,43,0.046486486486486484
4/27/2020,Putnam,7,932,82,3769,98320,43,0.046137339055793994
4/28/2020,Putnam,14,946,150,3919,98320,45,0.04756871035940803
4/29/2020,Putnam,24,970,251,4170,98320,45,0.04639175257731959
4/30/2020,Putnam,20,990,144,4314,98320,45,0.045454545454545456
5/1/2020,Putnam,13,1003,115,4429,98320,45,0.0448654037886341
5/2/2020,Putnam,10,1013,90,4519,98320,45,0.044422507403751234
5/3/2020,Putnam,13,1026,114,4633,98320,45,0.043859649122807015
5/4/2020,Putnam,5,1031,87,4720,98320,45,0.04364694471387003
5/5/2020,Putnam,9,1040,96,4816,98320,46,0.04423076923076923
5/6/2020,Putnam,26,1066,317,5133,98320,55,0.051594746716697934
5/7/2020,Putnam,8,1074,121,5254,98320,55,0.051210428305400374
5/8/2020,Putnam,6,1080,161,5415,98320,55,0.05092592592592592
5/9/2020,Putnam,9,1089,155,5570,98320,56,0.051423324150596875
5/10/2020,Putnam,9,1098,122,5692,98320,56,0.051001821493624776
5/11/2020,Putnam,0,1098,42,5734,98320,56,0.051001821493624776
5/12/2020,Putnam,10,1108,138,5872,98320,56,0.05054151624548736
5/13/2020,Putnam,7,1115,151,6023,98320,56,0.05022421524663677
5/14/2020,Putnam,6,1121,149,6172,98320,56,0.049955396966993755
5/15/2020,Putnam,6,1127,153,6325,98320,56,0.049689440993788817
5/16/2020,Putnam,9,1136,131,6456,98320,57,0.05017605633802817
5/17/2020,Putnam,5,1141,116,6572,98320,57,0.04995617879053462
5/18/2020,Putnam,18,1159,125,6697,98320,57,0.04918032786885246
5/19/2020,Putnam,9,1168,155,6852,98320,58,0.04965753424657534
5/20/2020,Putnam,7,1175,165,7017,98320,58,0.04936170212765958
5/21/2020,Putnam,12,1187,156,7173,98320,58,0.04886267902274642
5/22/2020,Putnam,13,1200,236,7409,98320,58,0.04833333333333333
5/23/2020,Putnam,8,1208,161,7570,98320,58,0.048013245033112585
5/24/2020,Putnam,6,1214,185,7755,98320,58,0.047775947281713346
5/25/2020,Putnam,8,1222,184,7939,98320,58,0.04746317512274959
5/26/2020,Putnam,5,1227,125,8064,98320,58,0.04726976365118175
5/27/2020,Putnam,9,1236,425,8489,98320,58,0.04692556634304207
5/28/2020,Putnam,5,1241,194,8683,98320,59,0.04754230459307011
5/29/2020,Putnam,7,1248,312,8995,98320,60,0.04807692307692308
5/30/2020,Putnam,4,1252,264,9259,98320,60,0.04792332268370607
5/31/2020,Putnam,5,1257,247,9506,98320,60,0.0477326968973747
6/1/2020,Putnam,5,1262,248,9754,98320,60,0.04754358161648178
6/2/2020,Putnam,2,1264,286,10040,98320,60,0.04746835443037975
6/3/2020,Putnam,4,1268,311,10351,98320,60,0.0473186119873817
6/4/2020,Putnam,2,1270,313,10664,98320,60,0.047244094488188976
6/5/2020,Putnam,4,1274,306,10970,98320,61,0.047880690737833596
6/6/2020,Putnam,3,1277,203,11173,98320,62,0.0485512920908379
6/7/2020,Putnam,2,1279,252,11425,98320,62,0.04847537138389367
6/8/2020,Putnam,1,1280,228,11653,98320,62,0.0484375
6/9/2020,Putnam,2,1282,296,11949,98320,62,0.0483619344773791
6/10/2020,Putnam,0,1282,319,12268,98320,62,0.0483619344773791
6/11/2020,Putnam,0,1282,253,12521,98320,62,0.0483619344773791
6/12/2020,Putnam,3,1285,329,12850,98320,62,0.04824902723735409
6/13/2020,Putnam,3,1288,209,13059,98320,62,0.04813664596273292
6/14/2020,Putnam,3,1291,214,13273,98320,62,0.048024786986831915
6/15/2020,Putnam,1,1292,193,13466,98320,62,0.047987616099071206
6/16/2020,Putnam,2,1294,324,13790,98320,62,0.04791344667697063
6/17/2020,Putnam,1,1295,185,13975,98320,62,0.047876447876447875
6/18/2020,Putnam,4,1299,432,14407,98320,62,0.04772902232486528
6/19/2020,Putnam,2,1301,248,14655,98320,62,0.04765564950038432
6/20/2020,Putnam,0,1301,241,14896,98320,62,0.04765564950038432
6/21/2020,Putnam,4,1305,253,15149,98320,62,0.0475095785440613
6/22/2020,Putnam,0,1305,194,15343,98320,62,0.0475095785440613
6/23/2020,Putnam,1,1306,226,15569,98320,62,0.04747320061255743
6/24/2020,Putnam,5,1311,343,15912,98320,62,0.04729214340198322
6/25/2020,Putnam,6,1317,216,16128,98320,62,0.047076689445709946
6/26/2020,Putnam,2,1319,376,16504,98320,62,0.04700530705079606
6/27/2020,Putnam,4,1323,199,16703,98320,63,0.047619047619047616
6/28/2020,Putnam,2,1325,213,16916,98320,63,0.047547169811320754
6/29/2020,Putnam,1,1326,174,17090,98320,63,0.04751131221719457
6/30/2020,Putnam,3,1329,271,17361,98320,63,0.04740406320541761
7/1/2020,Putnam,3,1332,373,17734,98320,63,0.0472972972972973
7/2/2020,Putnam,1,1333,308,18042,98320,63,0.047261815453863466
7/3/2020,Putnam,2,1335,219,18261,98320,63,0.04719101123595506
7/4/2020,Putnam,1,1336,231,18492,98320,63,0.04715568862275449
7/5/2020,Putnam,1,1337,217,18709,98320,63,0.04712041884816754
7/6/2020,Putnam,3,1340,214,18923,98320,63,0.04701492537313433
7/7/2020,Putnam,4,1344,256,19179,98320,63,0.046875
7/8/2020,Putnam,4,1348,422,19601,98320,63,0.04673590504451038
7/9/2020,Putnam,7,1355,357,19958,98320,63,0.04649446494464945
7/10/2020,Putnam,6,1361,438,20396,98320,63,0.046289493019838354
7/11/2020,Putnam,0,1361,323,20719,98320,63,0.046289493019838354
7/12/2020,Putnam,4,1365,293,21012,98320,63,0.046153846153846156
7/13/2020,Putnam,11,1376,291,21303,98320,63,0.04578488372093023
7/14/2020,Putnam,6,1382,236,21539,98320,63,0.045586107091172216
7/15/2020,Putnam,3,1385,398,21937,98320,63,0.04548736462093863
7/16/2020,Putnam,1,1386,539,22476,98320,63,0.045454545454545456
7/17/2020,Putnam,4,1390,424,22900,98320,63,0.045323741007194246
7/18/2020,Putnam,1,1391,286,23186,98320,63,0.04529115744069015
7/19/2020,Putnam,1,1392,218,23404,98320,63,0.04525862068965517
7/20/2020,Putnam,1,1393,279,23683,98320,63,0.04522613065326633
7/21/2020,Putnam,1,1394,296,23979,98320,63,0.04519368723098996
7/22/2020,Putnam,3,1397,320,24299,98320,63,0.04509663564781675
7/23/2020,Putnam,2,1399,385,24684,98320,63,0.04503216583273767
7/24/2020,Putnam,4,1403,299,24983,98320,63,0.04490377761938703
7/25/2020,Putnam,1,1404,230,25213,98320,63,0.04487179487179487
7/26/2020,Putnam,4,1408,256,25469,98320,63,0.044744318181818184
7/27/2020,Putnam,4,1412,282,25751,98320,63,0.04461756373937677
7/28/2020,Putnam,4,1416,295,26046,98320,63,0.04449152542372881
7/29/2020,Putnam,2,1418,422,26468,98320,63,0.04442877291960508
7/30/2020,Putnam,3,1421,286,26754,98320,63,0.04433497536945813
7/31/2020,Putnam,4,1425,309,27063,98320,63,0.04421052631578947
8/1/2020,Putnam,3,1428,213,27276,98320,63,0.04411764705882353
8/2/2020,Putnam,5,1433,222,27498,98320,63,0.04396371249127704
8/3/2020,Putnam,4,1437,245,27743,98320,63,0.04384133611691023
8/4/2020,Putnam,2,1439,292,28035,98320,63,0.04378040305767894
8/5/2020,Putnam,5,1444,337,28372,98320,63,0.04362880886426593
8/6/2020,Putnam,2,1446,288,28660,98320,63,0.043568464730290454
8/7/2020,Putnam,1,1447,320,28980,98320,63,0.043538355217691775
8/8/2020,Putnam,2,1449,276,29256,98320,63,0.043478260869565216
8/9/2020,Putnam,0,1449,256,29512,98320,63,0.043478260869565216
8/10/2020,Putnam,0,1449,310,29822,98320,63,0.043478260869565216
8/11/2020,Putnam,1,1450,267,30089,98320,63,0.043448275862068966
8/12/2020,Putnam,5,1455,360,30449,98320,63,0.04329896907216495
8/13/2020,Putnam,2,1457,365,30814,98320,63,0.043239533287577216
8/14/2020,Putnam,2,1459,498,31312,98320,63,0.04318026045236463
8/15/2020,Putnam,2,1461,454,31766,98320,63,0.043121149897330596
8/16/2020,Putnam,2,1463,266,32032,98320,63,0.0430622009569378
8/17/2020,Putnam,0,1463,318,32350,98320,63,0.0430622009569378
8/18/2020,Putnam,3,1466,346,32696,98320,63,0.042974079126875855
8/19/2020,Putnam,2,1468,354,33050,98320,63,0.042915531335149866
8/20/2020,Putnam,2,1470,411,33461,98320,63,0.04285714285714286
8/21/2020,Putnam,3,1473,401,33862,98320,63,0.04276985743380855
8/22/2020,Putnam,0,1473,361,34223,98320,63,0.04276985743380855
8/23/2020,Putnam,2,1475,294,34517,98320,63,0.04271186440677966
8/24/2020,Putnam,5,1480,233,34750,98320,63,0.04256756756756757
8/25/2020,Putnam,2,1482,336,35086,98320,63,0.04251012145748988
8/26/2020,Putnam,5,1487,403,35489,98320,63,0.04236718224613315
8/27/2020,Putnam,5,1492,381,35870,98320,63,0.04222520107238606
8/28/2020,Putnam,2,1494,426,36296,98320,63,0.04216867469879518
8/29/2020,Putnam,6,1500,396,36692,98320,63,0.042
8/30/2020,Putnam,1,1501,230,36922,98320,63,0.04197201865423051
8/31/2020,Putnam,4,1505,376,37298,98320,63,0.04186046511627907
9/1/2020,Putnam,5,1510,420,37718,98320,63,0.041721854304635764
9/2/2020,Putnam,8,1518,400,38118,98320,63,0.041501976284584984
9/3/2020,Putnam,5,1523,337,38455,98320,63,0.04136572554169402
9/4/2020,Putnam,5,1528,360,38815,98320,63,0.0412303664921466
9/5/2020,Putnam,3,1531,314,39129,98320,63,0.041149575440888306
9/6/2020,Putnam,3,1534,240,39369,98320,63,0.04106910039113429
9/7/2020,Putnam,5,1539,143,39512,98320,63,0.04093567251461988
9/8/2020,Putnam,2,1541,346,39858,98320,63,0.040882543802725504
9/9/2020,Putnam,0,1541,312,40170,98320,63,0.040882543802725504
9/10/2020,Putnam,9,1550,377,40547,98320,63,0.04064516129032258
9/11/2020,Putnam,4,1554,370,40917,98320,63,0.04054054054054054
9/12/2020,Putnam,3,1557,348,41265,98320,63,0.04046242774566474
9/13/2020,Putnam,4,1561,205,41470,98320,63,0.04035874439461883
9/14/2020,Putnam,3,1564,334,41804,98320,63,0.04028132992327366
9/15/2020,Putnam,1,1565,270,42074,98320,63,0.040255591054313096
9/16/2020,Putnam,2,1567,364,42438,98320,63,0.04020421186981493
9/17/2020,Putnam,2,1569,347,42785,98320,63,0.040152963671128104
9/18/2020,Putnam,4,1573,391,43176,98320,63,0.040050858232676415
9/19/2020,Putnam,1,1574,431,43607,98320,63,0.040025412960609914
9/20/2020,Putnam,3,1577,343,43950,98320,63,0.039949270767279645
9/21/2020,Putnam,6,1583,357,44307,98320,63,0.03979785217940619
9/22/2020,Putnam,4,1587,294,44601,98320,63,0.03969754253308128
9/23/2020,Putnam,2,1589,346,44947,98320,63,0.039647577092511016
9/24/2020,Putnam,5,1594,401,45348,98320,63,0.039523212045169384
9/25/2020,Putnam,3,1597,396,45744,98320,63,0.039448966812773954
9/26/2020,Putnam,2,1599,323,46067,98320,63,0.039399624765478425
9/27/2020,Putnam,5,1604,223,46290,98320,63,0.03927680798004988
9/28/2020,Putnam,8,1612,397,46687,98320,63,0.039081885856079406
9/29/2020,Putnam,5,1617,292,46979,98320,63,0.03896103896103896
9/30/2020,Putnam,12,1629,422,47401,98320,63,0.03867403314917127
10/1/2020,Putnam,8,1637,487,47888,98320,63,0.038485033598045205
10/2/2020,Putnam,9,1646,530,48418,98320,63,0.03827460510328068
10/3/2020,Putnam,4,1650,414,48832,98320,63,0.038181818181818185
10/4/2020,Putnam,2,1652,396,49228,98320,63,0.038135593220338986
10/5/2020,Putnam,4,1656,433,49661,98320,63,0.03804347826086957
10/6/2020,Putnam,5,1661,395,50056,98320,63,0.037928958458759786
10/7/2020,Putnam,8,1669,699,50755,98320,63,0.037747153984421807
10/8/2020,Putnam,4,1673,574,51329,98320,63,0.03765690376569038
10/9/2020,Putnam,2,1675,477,51806,98320,63,0.037611940298507465
10/10/2020,Putnam,8,1683,528,52334,98320,63,0.0374331550802139
10/11/2020,Putnam,6,1689,482,52816,98320,63,0.037300177619893425
10/12/2020,Putnam,9,1698,468,53284,98320,63,0.037102473498233215
10/13/2020,Putnam,7,1705,479,53763,98320,63,0.03695014662756598
10/14/2020,Putnam,5,1710,481,54244,98320,63,0.03684210526315789
10/15/2020,Putnam,6,1716,587,54831,98320,63,0.03671328671328671
10/16/2020,Putnam,15,1731,531,55362,98320,63,0.036395147313691506
10/17/2020,Putnam,5,1736,501,55863,98320,63,0.036290322580645164
10/18/2020,Putnam,3,1739,509,56372,98320,63,0.03622771707878091
10/19/2020,Putnam,13,1752,490,56862,98320,63,0.03595890410958904
10/20/2020,Putnam,3,1755,411,57273,98320,63,0.035897435897435895
10/21/2020,Putnam,13,1768,594,57867,98320,63,0.035633484162895926
10/22/2020,Putnam,12,1780,623,58490,98320,63,0.03539325842696629
10/23/2020,Putnam,8,1788,590,59080,98320,63,0.03523489932885906
10/24/2020,Putnam,6,1794,437,59517,98320,63,0.03511705685618729
10/25/2020,Putnam,6,1800,398,59915,98320,63,0.035
10/26/2020,Putnam,5,1805,454,60369,98320,63,0.034903047091412745
10/27/2020,Putnam,7,1812,522,60891,98320,63,0.0347682119205298
10/28/2020,Putnam,13,1825,755,61646,98320,63,0.03452054794520548
10/29/2020,Putnam,8,1833,460,62106,98320,63,0.03436988543371522
10/30/2020,Putnam,12,1845,585,62691,98320,64,0.034688346883468835
10/31/2020,Putnam,16,1861,461,63152,98320,64,0.03439011284255777
11/1/2020,Putnam,8,1869,508,63660,98320,64,0.03424291064740503
11/2/2020,Putnam,5,1874,454,64114,98320,64,0.03415154749199573
11/3/2020,Putnam,9,1883,528,64642,98320,64,0.033988316516197555
11/4/2020,Putnam,13,1896,652,65294,98320,64,0.03375527426160337
11/5/2020,Putnam,25,1921,562,65856,98320,64,0.03331598125976054
11/6/2020,Putnam,16,1937,535,66391,98320,64,0.03304078471863707
11/7/2020,Putnam,11,1948,549,66940,98320,64,0.03285420944558522
11/8/2020,Putnam,30,1978,665,67605,98320,64,0.032355915065722954
11/9/2020,Putnam,26,2004,507,68112,98320,64,0.031936127744510975
11/10/2020,Putnam,26,2030,481,68593,98320,64,0.03152709359605911
11/11/2020,Putnam,29,2059,701,69294,98320,64,0.03108305002428363
11/12/2020,Putnam,32,2091,589,69883,98320,64,0.030607364897178385
11/13/2020,Putnam,43,2134,669,70552,98320,64,0.02999062792877226
11/14/2020,Putnam,19,2153,634,71186,98320,64,0.029725963771481654
3/1/2020,Queens,0,0,0,0,2253858,0,NaN
3/2/2020,Queens,0,0,0,0,2253858,0,NaN
3/3/2020,Queens,0,0,2,2,2253858,0,NaN
3/4/2020,Queens,0,0,0,2,2253858,0,NaN
3/5/2020,Queens,1,1,6,8,2253858,0,0
3/6/2020,Queens,1,2,10,18,2253858,0,0
3/7/2020,Queens,0,2,14,32,2253858,0,0
3/8/2020,Queens,1,3,13,45,2253858,0,0
3/9/2020,Queens,0,3,15,60,2253858,0,0
3/10/2020,Queens,4,7,18,78,2253858,0,0
3/11/2020,Queens,5,12,44,122,2253858,0,0
3/12/2020,Queens,15,27,74,196,2253858,0,0
3/13/2020,Queens,30,57,154,350,2253858,0,0
3/14/2020,Queens,18,75,110,460,2253858,0,0
3/15/2020,Queens,49,124,198,658,2253858,0,0
3/16/2020,Queens,38,162,136,794,2253858,0,0
3/17/2020,Queens,123,285,371,1165,2253858,0,0
3/18/2020,Queens,336,621,768,1933,2253858,0,0
3/19/2020,Queens,519,1140,1179,3112,2253858,0,0
3/20/2020,Queens,491,1631,1218,4330,2253858,0,0
3/21/2020,Queens,843,2474,1927,6257,2253858,0,0
3/22/2020,Queens,1152,3626,2048,8305,2253858,21,0.005791505791505791
3/23/2020,Queens,839,4465,1518,9823,2253858,40,0.008958566629339306
3/24/2020,Queens,1010,5475,1736,11559,2253858,60,0.010958904109589041
3/25/2020,Queens,1238,6713,2110,13669,2253858,92,0.013704751973782214
3/26/2020,Queens,1324,8037,2115,15784,2253858,124,0.015428642528306582
3/27/2020,Queens,1238,9275,2055,17839,2253858,149,0.016064690026954178
3/28/2020,Queens,1136,10411,1845,19684,2253858,216,0.020747286523868983
3/29/2020,Queens,1258,11669,1915,21599,2253858,253,0.021681378010112263
3/30/2020,Queens,2022,13691,3325,24924,2253858,305,0.022277408516543716
3/31/2020,Queens,1211,14902,1871,26795,2253858,376,0.025231512548651188
4/1/2020,Queens,1366,16268,2157,28952,2253858,447,0.027477255962626013
4/2/2020,Queens,1899,18167,3048,32000,2253858,499,0.027467385919524412
4/3/2020,Queens,1947,20114,3407,35407,2253858,590,0.02933280302277021
4/4/2020,Queens,1322,21436,2255,37662,2253858,685,0.03195558872924053
4/5/2020,Queens,1697,23133,2730,40392,2253858,813,0.035144598625340424
4/6/2020,Queens,1707,24840,2864,43256,2253858,948,0.03816425120772947
4/7/2020,Queens,1408,26248,2884,46140,2253858,1129,0.043012800975312404
4/8/2020,Queens,1504,27752,2831,48971,2253858,1344,0.048428942058230035
4/9/2020,Queens,1551,29303,2941,51912,2253858,1400,0.04777667815582022
4/10/2020,Queens,1988,31291,3803,55715,2253858,1759,0.05621424690805663
4/11/2020,Queens,1544,32835,3219,58934,2253858,1848,0.05628140703517588
4/12/2020,Queens,1150,33985,2481,61415,2253858,2116,0.06226276298366926
4/13/2020,Queens,1068,35053,2430,63845,2253858,2116,0.060365731891706846
4/14/2020,Queens,1712,36765,3674,67519,2253858,2790,0.07588739290085679
4/15/2020,Queens,1153,37918,3144,70663,2253858,2980,0.07859064296640118
4/16/2020,Queens,1173,39091,3056,73719,2253858,3143,0.08040213859967768
4/17/2020,Queens,1125,40216,3347,77066,2253858,3250,0.08081360652476627
4/18/2020,Queens,1021,41237,3338,80404,2253858,3360,0.0814802240706162
4/19/2020,Queens,786,42023,2428,82832,2253858,3644,0.08671441829474336
4/20/2020,Queens,799,42822,2498,85330,2253858,3776,0.08817897342487506
4/21/2020,Queens,891,43713,3058,88388,2253858,3978,0.09100267654931027
4/22/2020,Queens,1191,44904,4142,92530,2253858,4130,0.09197398895421344
4/23/2020,Queens,1483,46387,5468,97998,2253858,4260,0.09183607476232565
4/24/2020,Queens,1474,47861,5296,103294,2253858,4422,0.09239255343599173
4/25/2020,Queens,884,48745,3676,106970,2253858,4571,0.0937737203815776
4/26/2020,Queens,654,49399,2829,109799,2253858,4677,0.094678029919634
4/27/2020,Queens,530,49929,2628,112427,2253858,4749,0.09511506339001383
4/28/2020,Queens,812,50741,4061,116488,2253858,4838,0.09534695808123608
4/29/2020,Queens,890,51631,4201,120689,2253858,4943,0.09573705719432124
4/30/2020,Queens,643,52274,3689,124378,2253858,5033,0.09628113402456288
5/1/2020,Queens,765,53039,4517,128895,2253858,5111,0.0963630536020664
5/2/2020,Queens,601,53640,3755,132650,2253858,5184,0.09664429530201342
5/3/2020,Queens,450,54090,2696,135346,2253858,5279,0.09759659826215566
5/4/2020,Queens,358,54448,2633,137979,2253858,5337,0.09802012929767852
5/5/2020,Queens,432,54880,3591,141570,2253858,5372,0.09788629737609329
5/6/2020,Queens,570,55450,4505,146075,2253858,5490,0.09900811541929666
5/7/2020,Queens,494,55944,3992,150067,2253858,5559,0.09936722436722437
5/8/2020,Queens,549,56493,4596,154663,2253858,5613,0.09935744251500186
5/9/2020,Queens,369,56862,3416,158079,2253858,5674,0.0997854454644578
5/10/2020,Queens,318,57180,2937,161016,2253858,5716,0.0999650227352221
5/11/2020,Queens,211,57391,2552,163568,2253858,5755,0.10027704692373368
5/12/2020,Queens,357,57748,3829,167397,2253858,5785,0.10017662949366211
5/13/2020,Queens,336,58084,4439,171836,2253858,5823,0.10025136009916673
5/14/2020,Queens,432,58516,4879,176715,2253858,5846,0.09990429967872035
5/15/2020,Queens,325,58841,4644,181359,2253858,5877,0.09987933583725633
5/16/2020,Queens,291,59132,4209,185568,2253858,5905,0.09986132720016234
5/17/2020,Queens,192,59324,3226,188794,2253858,5939,0.10011125345559976
5/18/2020,Queens,184,59508,3363,192157,2253858,5964,0.10022181891510386
5/19/2020,Queens,244,59752,4581,196738,2253858,5982,0.10011380372205114
5/20/2020,Queens,273,60025,5151,201889,2253858,6013,0.10017492711370263
5/21/2020,Queens,211,60236,5181,207070,2253858,6044,0.10033866790623547
5/22/2020,Queens,186,60422,5388,212458,2253858,6080,0.10062559994703915
5/23/2020,Queens,214,60636,5270,217728,2253858,6106,0.10069925456824329
5/24/2020,Queens,192,60828,4448,222176,2253858,6129,0.10075951864273032
5/25/2020,Queens,132,60960,3789,225965,2253858,6142,0.10075459317585302
5/26/2020,Queens,165,61125,4201,230166,2253858,6158,0.10074437627811861
5/27/2020,Queens,275,61400,9126,239292,2253858,6167,0.10043973941368078
5/28/2020,Queens,244,61644,8480,247772,2253858,6191,0.10043150996041789
5/29/2020,Queens,183,61827,7088,254860,2253858,6215,0.10052242547754217
5/30/2020,Queens,148,61975,6226,261086,2253858,6225,0.10044372730939895
5/31/2020,Queens,119,62094,5906,266992,2253858,6245,0.10057332431474861
6/1/2020,Queens,199,62293,7231,274223,2253858,6271,0.10066941710946656
6/2/2020,Queens,132,62425,6319,280542,2253858,6274,0.10050460552663196
6/3/2020,Queens,117,62542,6451,286993,2253858,6287,0.10052444757123213
6/4/2020,Queens,150,62692,6695,293688,2253858,6309,0.10063484974159383
6/5/2020,Queens,158,62850,7672,301360,2253858,6326,0.10065234685759746
6/6/2020,Queens,113,62963,6497,307857,2253858,6346,0.10078935247685149
6/7/2020,Queens,134,63097,6514,314371,2253858,6357,0.10074963944403062
6/8/2020,Queens,97,63194,5227,319598,2253858,6362,0.10067411463113586
6/9/2020,Queens,132,63326,7770,327368,2253858,6373,0.10063796860689132
6/10/2020,Queens,106,63432,6796,334164,2253858,6389,0.10072203304325893
6/11/2020,Queens,141,63573,7566,341730,2253858,6404,0.10073458858320355
6/12/2020,Queens,154,63727,7817,349547,2253858,6429,0.10088345599196573
6/13/2020,Queens,95,63822,6737,356284,2253858,6437,0.10085863808717997
6/14/2020,Queens,110,63932,7488,363772,2253858,6447,0.10084151911405868
6/15/2020,Queens,110,64042,7036,370808,2253858,6452,0.10074638518472252
6/16/2020,Queens,134,64176,8317,379125,2253858,6456,0.1005983545250561
6/17/2020,Queens,92,64268,8696,387821,2253858,6463,0.10056326632227547
6/18/2020,Queens,112,64380,9082,396903,2253858,6463,0.10038831935383659
6/19/2020,Queens,106,64486,9753,406656,2253858,6487,0.10059547808826722
6/20/2020,Queens,135,64621,9115,415771,2253858,6492,0.1004626978845886
6/21/2020,Queens,91,64712,8237,424008,2253858,6509,0.1005841265916677
6/22/2020,Queens,85,64797,6537,430545,2253858,6532,0.10080713613284566
6/23/2020,Queens,84,64881,6683,437228,2253858,6562,0.10113900833834251
6/24/2020,Queens,106,64987,7723,444951,2253858,6572,0.10112791789127056
6/25/2020,Queens,102,65089,6943,451894,2253858,6580,0.10109235047396642
6/26/2020,Queens,86,65175,9718,461612,2253858,6589,0.1010970464135021
6/27/2020,Queens,101,65276,7681,469293,2253858,6600,0.10110913658925179
6/28/2020,Queens,49,65325,4737,474030,2253858,6609,0.10117106773823192
6/29/2020,Queens,66,65391,5589,479619,2253858,6609,0.101068954443272
6/30/2020,Queens,64,65455,6065,485684,2253858,7057,0.10781452906577038
7/1/2020,Queens,113,65568,8286,493970,2253858,7059,0.10765922401171303
7/2/2020,Queens,137,65705,8116,502086,2253858,7063,0.10749562438170611
7/3/2020,Queens,95,65800,7211,509297,2253858,7070,0.1074468085106383
7/4/2020,Queens,76,65876,7211,516508,2253858,7074,0.10738356912988038
7/5/2020,Queens,52,65928,5745,522253,2253858,7082,0.10742021599320471
7/6/2020,Queens,96,66024,6329,528582,2253858,7087,0.1073397552405186
7/7/2020,Queens,75,66099,6297,534879,2253858,7088,0.10723308975930045
7/8/2020,Queens,75,66174,7104,541983,2253858,7090,0.10714177773747997
7/9/2020,Queens,67,66241,7807,549790,2253858,7095,0.1071088902643378
7/10/2020,Queens,82,66323,7981,557771,2253858,7099,0.10703677457292342
7/11/2020,Queens,87,66410,6788,564559,2253858,7099,0.10689655172413794
7/12/2020,Queens,56,66466,5880,570439,2253858,7099,0.10680648752745765
7/13/2020,Queens,78,66544,5537,575976,2253858,7108,0.10681654243808608
7/14/2020,Queens,99,66643,7205,583181,2253858,7111,0.1067028795222304
7/15/2020,Queens,92,66735,8387,591568,2253858,7116,0.10663070352888289
7/16/2020,Queens,94,66829,8943,600511,2253858,7121,0.10655553726675546
7/17/2020,Queens,92,66921,6870,607381,2253858,7124,0.10645387845369914
7/18/2020,Queens,86,67007,5405,612786,2253858,7128,0.10637694569224111
7/19/2020,Queens,72,67079,5736,618522,2253858,7131,0.10630748818557223
7/20/2020,Queens,115,67194,7288,625810,2253858,7137,0.10621484061076882
7/21/2020,Queens,71,67265,7508,633318,2253858,7148,0.10626626031368468
7/22/2020,Queens,109,67374,7517,640835,2253858,7148,0.10609433906254638
7/23/2020,Queens,84,67458,8063,648898,2253858,7158,0.10611046873610247
7/24/2020,Queens,74,67532,7012,655910,2253858,7159,0.1060090031392525
7/25/2020,Queens,63,67595,4878,660788,2253858,7159,0.10591020045861381
7/26/2020,Queens,84,67679,6560,667348,2253858,7165,0.10586740347818378
7/27/2020,Queens,60,67739,5574,672922,2253858,7166,0.10578839368753598
7/28/2020,Queens,81,67820,7112,680034,2253858,7167,0.10567679150693012
7/29/2020,Queens,74,67894,6889,686923,2253858,7169,0.10559106843020001
7/30/2020,Queens,74,67968,7561,694484,2253858,7173,0.10553495762711865
7/31/2020,Queens,73,68041,9722,704206,2253858,7175,0.10545112505695095
8/1/2020,Queens,60,68101,6641,710847,2253858,7177,0.1053875860853732
8/2/2020,Queens,65,68166,6268,717115,2253858,7180,0.10533110348267465
8/3/2020,Queens,59,68225,7005,724120,2253858,7184,0.10529864419201172
8/4/2020,Queens,72,68297,7698,731818,2253858,7186,0.10521692021611491
8/5/2020,Queens,71,68368,7812,739630,2253858,7188,0.10513690615492628
8/6/2020,Queens,84,68452,7539,747169,2253858,7189,0.10502249751650791
8/7/2020,Queens,96,68548,9235,756404,2253858,7192,0.10491918072007936
8/8/2020,Queens,56,68604,7162,763566,2253858,7195,0.10487726663168329
8/9/2020,Queens,66,68670,6807,770373,2253858,7196,0.10479102956167176
8/10/2020,Queens,63,68733,7556,777929,2253858,7196,0.10469497912211019
8/11/2020,Queens,96,68829,11290,789219,2253858,7199,0.1045925409347804
8/12/2020,Queens,96,68925,10584,799803,2253858,7201,0.1044758795792528
8/13/2020,Queens,98,69023,9426,809229,2253858,7205,0.10438549469017575
8/14/2020,Queens,75,69098,9481,818710,2253858,7207,0.104301137514834
8/15/2020,Queens,76,69174,8964,827674,2253858,7207,0.10418654407725446
8/16/2020,Queens,71,69245,6531,834205,2253858,7210,0.1041230413748285
8/17/2020,Queens,63,69308,7562,841767,2253858,7210,0.1040283949904773
8/18/2020,Queens,76,69384,8697,850464,2253858,7210,0.10391444713478612
8/19/2020,Queens,67,69451,7919,858383,2253858,7211,0.10382859858029402
8/20/2020,Queens,87,69538,9593,867976,2253858,7211,0.10369869711524635
8/21/2020,Queens,85,69623,9862,877838,2253858,7212,0.10358645849791018
8/22/2020,Queens,71,69694,8018,885856,2253858,7213,0.10349527936407725
8/23/2020,Queens,51,69745,6730,892586,2253858,7217,0.10347695175281382
8/24/2020,Queens,60,69805,7615,900201,2253858,7217,0.10338800945491011
8/25/2020,Queens,65,69870,7377,907578,2253858,7217,0.1032918276799771
8/26/2020,Queens,90,69960,9322,916900,2253858,7217,0.10315894797026873
8/27/2020,Queens,74,70034,10803,927703,2253858,7217,0.10304994716851815
8/28/2020,Queens,64,70098,9345,937048,2253858,7220,0.10299865902022882
8/29/2020,Queens,64,70162,9956,947004,2253858,7221,0.10291895898064479
8/30/2020,Queens,60,70222,7758,954762,2253858,7222,0.10284526216855117
8/31/2020,Queens,66,70288,7895,962657,2253858,7222,0.10274869109947644
9/1/2020,Queens,56,70344,8305,970962,2253858,7224,0.10269532582736267
9/2/2020,Queens,69,70413,8540,979502,2253858,7228,0.10265149901296636
9/3/2020,Queens,83,70496,10286,989788,2253858,7230,0.10255901044030867
9/4/2020,Queens,53,70549,9134,998922,2253858,7231,0.10249613743639173
9/5/2020,Queens,76,70625,10158,1009080,2253858,7231,0.1023858407079646
9/6/2020,Queens,50,70675,6321,1015401,2253858,7231,0.10231340643792006
9/7/2020,Queens,91,70766,6495,1021896,2253858,7231,0.10218183873611622
9/8/2020,Queens,58,70824,7078,1028974,2253858,7231,0.10209815881622049
9/9/2020,Queens,93,70917,8086,1037060,2253858,7231,0.1019642680880466
9/10/2020,Queens,61,70978,8437,1045497,2253858,7231,0.10187663783144073
9/11/2020,Queens,62,71040,10532,1056029,2253858,7231,0.10178772522522522
9/12/2020,Queens,71,71111,7349,1063378,2253858,7231,0.1016860963845256
9/13/2020,Queens,69,71180,6247,1069625,2253858,7231,0.10158752458555774
9/14/2020,Queens,74,71254,6868,1076493,2253858,7231,0.10148202206191934
9/15/2020,Queens,55,71309,6732,1083225,2253858,7231,0.10140374987729459
9/16/2020,Queens,83,71392,8034,1091259,2253858,7235,0.10134188704616764
9/17/2020,Queens,82,71474,9319,1100578,2253858,7238,0.10126759381033662
9/18/2020,Queens,103,71577,12199,1112777,2253858,7239,0.10113583972505134
9/19/2020,Queens,105,71682,11181,1123958,2253858,7243,0.1010434976702659
9/20/2020,Queens,70,71752,6174,1130132,2253858,7243,0.10094492139591928
9/21/2020,Queens,66,71818,8528,1138660,2253858,7244,0.10086607814196998
9/22/2020,Queens,63,71881,5881,1144541,2253858,7244,0.10077767421154409
9/23/2020,Queens,97,71978,9524,1154065,2253858,7244,0.10064186279140848
9/24/2020,Queens,73,72051,9253,1163318,2253858,7246,0.10056765346768261
9/25/2020,Queens,91,72142,9255,1172573,2253858,7246,0.10044079731640376
9/26/2020,Queens,91,72233,7316,1179889,2253858,7247,0.1003281048828098
9/27/2020,Queens,90,72323,5591,1185480,2253858,7248,0.10021708170291609
9/28/2020,Queens,142,72465,9734,1195214,2253858,7250,0.10004829917891396
9/29/2020,Queens,91,72556,7756,1202970,2253858,7252,0.09995038315232373
9/30/2020,Queens,136,72692,10673,1213643,2253858,7253,0.09977714191382821
10/1/2020,Queens,171,72863,9883,1223526,2253858,7256,0.09958415107805059
10/2/2020,Queens,149,73012,12449,1235975,2253858,7262,0.09946310195584288
10/3/2020,Queens,119,73131,8946,1244921,2253858,7262,0.09930125391420874
10/4/2020,Queens,114,73245,6926,1251847,2253858,7263,0.0991603522424739
10/5/2020,Queens,138,73383,10477,1262324,2253858,7266,0.09901475818650096
10/6/2020,Queens,154,73537,9125,1271449,2253858,7267,0.09882100167262739
10/7/2020,Queens,205,73742,16090,1287539,2253858,7273,0.09862764774484012
10/8/2020,Queens,147,73889,12861,1300400,2253858,7274,0.09844496474441392
10/9/2020,Queens,140,74029,11706,1312106,2253858,7276,0.09828580691350687
10/10/2020,Queens,121,74150,10479,1322585,2253858,7276,0.0981254214430209
10/11/2020,Queens,115,74265,8192,1330777,2253858,7276,0.09797347337238269
10/12/2020,Queens,139,74404,10358,1341135,2253858,7278,0.09781732164937369
10/13/2020,Queens,106,74510,9123,1350258,2253858,7279,0.09769158502214467
10/14/2020,Queens,122,74632,12286,1362544,2253858,7281,0.0975586879622682
10/15/2020,Queens,166,74798,14007,1376551,2253858,7282,0.09735554426588947
10/16/2020,Queens,200,74998,15397,1391948,2253858,7282,0.09709592255793488
10/17/2020,Queens,111,75109,12025,1403973,2253858,7285,0.09699237108735305
10/18/2020,Queens,127,75236,7700,1411673,2253858,7286,0.09684193737040778
10/19/2020,Queens,108,75344,7980,1419653,2253858,7288,0.09672966659588023
10/20/2020,Queens,199,75543,11487,1431140,2253858,7288,0.09647485538037939
10/21/2020,Queens,155,75698,11723,1442863,2253858,7288,0.09627731247853312
10/22/2020,Queens,155,75853,14182,1457045,2253858,7289,0.09609376029952671
10/23/2020,Queens,204,76057,14656,1471701,2253858,7290,0.095849165757261
10/24/2020,Queens,163,76220,11488,1483189,2253858,7290,0.09564418787719758
10/25/2020,Queens,96,76316,7857,1491046,2253858,7291,0.09553697782902668
10/26/2020,Queens,207,76523,9832,1500878,2253858,7292,0.09529161167230767
10/27/2020,Queens,173,76696,11638,1512516,2253858,7293,0.09508970480859497
10/28/2020,Queens,284,76980,16839,1529355,2253858,7293,0.09473889321901793
10/29/2020,Queens,233,77213,14012,1543367,2253858,7294,0.09446595780503284
10/30/2020,Queens,194,77407,12985,1556352,2253858,7294,0.09422920407715064
10/31/2020,Queens,242,77649,14087,1570439,2253858,7295,0.09394840886553593
11/1/2020,Queens,185,77834,10316,1580755,2253858,7297,0.0937508029909808
11/2/2020,Queens,179,78013,11616,1592371,2253858,7297,0.09353569276915386
11/3/2020,Queens,174,78187,14754,1607125,2253858,7297,0.09332753526801131
11/4/2020,Queens,253,78440,16122,1623247,2253858,7299,0.09305201427842938
11/5/2020,Queens,297,78737,15147,1638394,2253858,7301,0.092726418329375
11/6/2020,Queens,306,79043,14315,1652709,2253858,7301,0.09236744556760244
11/7/2020,Queens,361,79404,15509,1668218,2253858,7302,0.09196010276560375
11/8/2020,Queens,298,79702,10970,1679188,2253858,7303,0.09162881734460866
11/9/2020,Queens,338,80040,10461,1689649,2253858,7307,0.09129185407296352
11/10/2020,Queens,515,80555,15355,1705004,2253858,7310,0.09074545341692011
11/11/2020,Queens,454,81009,16285,1721289,2253858,7317,0.09032329741139873
11/12/2020,Queens,477,81486,17329,1738618,2253858,7319,0.089819110031171
11/13/2020,Queens,485,81971,16970,1755588,2253858,7319,0.08928767490941919
11/14/2020,Queens,385,82356,15490,1771078,2253858,7321,0.08889455534508718
3/1/2020,Rensselaer,0,0,0,0,158714,0,NaN
3/2/2020,Rensselaer,0,0,0,0,158714,0,NaN
3/3/2020,Rensselaer,0,0,0,0,158714,0,NaN
3/4/2020,Rensselaer,0,0,2,2,158714,0,NaN
3/5/2020,Rensselaer,0,0,0,2,158714,0,NaN
3/6/2020,Rensselaer,0,0,0,2,158714,0,NaN
3/7/2020,Rensselaer,0,0,2,4,158714,0,NaN
3/8/2020,Rensselaer,0,0,0,4,158714,0,NaN
3/9/2020,Rensselaer,0,0,1,5,158714,0,NaN
3/10/2020,Rensselaer,0,0,1,6,158714,0,NaN
3/11/2020,Rensselaer,0,0,1,7,158714,0,NaN
3/12/2020,Rensselaer,0,0,2,9,158714,0,NaN
3/13/2020,Rensselaer,0,0,11,20,158714,0,NaN
3/14/2020,Rensselaer,0,0,40,60,158714,0,NaN
3/15/2020,Rensselaer,0,0,50,110,158714,0,NaN
3/16/2020,Rensselaer,1,1,39,149,158714,0,0
3/17/2020,Rensselaer,3,4,70,219,158714,0,0
3/18/2020,Rensselaer,2,6,136,355,158714,0,0
3/19/2020,Rensselaer,2,8,156,511,158714,0,0
3/20/2020,Rensselaer,12,20,166,677,158714,0,0
3/21/2020,Rensselaer,6,26,173,850,158714,0,0
3/22/2020,Rensselaer,3,29,78,928,158714,0,0
3/23/2020,Rensselaer,1,30,47,975,158714,0,0
3/24/2020,Rensselaer,1,31,26,1001,158714,0,0
3/25/2020,Rensselaer,1,32,22,1023,158714,0,0
3/26/2020,Rensselaer,3,35,26,1049,158714,0,0
3/27/2020,Rensselaer,3,38,37,1086,158714,0,0
3/28/2020,Rensselaer,1,39,12,1098,158714,0,0
3/29/2020,Rensselaer,1,40,25,1123,158714,0,0
3/30/2020,Rensselaer,1,41,20,1143,158714,0,0
3/31/2020,Rensselaer,2,43,19,1162,158714,0,0
4/1/2020,Rensselaer,10,53,42,1204,158714,0,0
4/2/2020,Rensselaer,3,56,31,1235,158714,1,0.017857142857142856
4/3/2020,Rensselaer,2,58,18,1253,158714,1,0.017241379310344827
4/4/2020,Rensselaer,2,60,48,1301,158714,1,0.016666666666666666
4/5/2020,Rensselaer,2,62,29,1330,158714,1,0.016129032258064516
4/6/2020,Rensselaer,5,67,30,1360,158714,2,0.029850746268656716
4/7/2020,Rensselaer,8,75,53,1413,158714,2,0.02666666666666667
4/8/2020,Rensselaer,4,79,52,1465,158714,5,0.06329113924050633
4/9/2020,Rensselaer,12,91,101,1566,158714,5,0.054945054945054944
4/10/2020,Rensselaer,5,96,40,1606,158714,5,0.052083333333333336
4/11/2020,Rensselaer,9,105,65,1671,158714,5,0.047619047619047616
4/12/2020,Rensselaer,8,113,61,1732,158714,5,0.04424778761061947
4/13/2020,Rensselaer,7,120,79,1811,158714,5,0.041666666666666664
4/14/2020,Rensselaer,4,124,42,1853,158714,5,0.04032258064516129
4/15/2020,Rensselaer,13,137,106,1959,158714,6,0.043795620437956206
4/16/2020,Rensselaer,13,150,100,2059,158714,6,0.04
4/17/2020,Rensselaer,14,164,135,2194,158714,6,0.036585365853658534
4/18/2020,Rensselaer,9,173,117,2311,158714,6,0.03468208092485549
4/19/2020,Rensselaer,4,177,51,2362,158714,6,0.03389830508474576
4/20/2020,Rensselaer,6,183,50,2412,158714,6,0.03278688524590164
4/21/2020,Rensselaer,3,186,49,2461,158714,7,0.03763440860215054
4/22/2020,Rensselaer,5,191,52,2513,158714,7,0.03664921465968586
4/23/2020,Rensselaer,7,198,80,2593,158714,7,0.03535353535353535
4/24/2020,Rensselaer,23,221,209,2802,158714,11,0.049773755656108594
4/25/2020,Rensselaer,21,242,151,2953,158714,11,0.045454545454545456
4/26/2020,Rensselaer,4,246,83,3036,158714,11,0.044715447154471545
4/27/2020,Rensselaer,4,250,39,3075,158714,11,0.044
4/28/2020,Rensselaer,12,262,91,3166,158714,11,0.04198473282442748
4/29/2020,Rensselaer,25,287,142,3308,158714,11,0.03832752613240418
4/30/2020,Rensselaer,11,298,101,3409,158714,12,0.040268456375838924
5/1/2020,Rensselaer,13,311,112,3521,158714,12,0.03858520900321544
5/2/2020,Rensselaer,11,322,170,3691,158714,14,0.043478260869565216
5/3/2020,Rensselaer,15,337,148,3839,158714,16,0.04747774480712166
5/4/2020,Rensselaer,2,339,71,3910,158714,16,0.0471976401179941
5/5/2020,Rensselaer,8,347,126,4036,158714,16,0.04610951008645533
5/6/2020,Rensselaer,20,367,159,4195,158714,21,0.05722070844686648
5/7/2020,Rensselaer,13,380,194,4389,158714,21,0.05526315789473684
5/8/2020,Rensselaer,27,407,187,4576,158714,21,0.051597051597051594
5/9/2020,Rensselaer,2,409,248,4824,158714,22,0.05378973105134474
5/10/2020,Rensselaer,2,411,62,4886,158714,22,0.0535279805352798
5/11/2020,Rensselaer,5,416,91,4977,158714,23,0.055288461538461536
5/12/2020,Rensselaer,4,420,429,5406,158714,23,0.05476190476190476
5/13/2020,Rensselaer,3,423,278,5684,158714,23,0.054373522458628844
5/14/2020,Rensselaer,5,428,204,5888,158714,23,0.053738317757009345
5/15/2020,Rensselaer,10,438,225,6113,158714,23,0.05251141552511415
5/16/2020,Rensselaer,1,439,113,6226,158714,23,0.05239179954441914
5/17/2020,Rensselaer,5,444,198,6424,158714,25,0.05630630630630631
5/18/2020,Rensselaer,0,444,76,6500,158714,25,0.05630630630630631
5/19/2020,Rensselaer,9,453,292,6792,158714,25,0.05518763796909492
5/20/2020,Rensselaer,3,456,403,7195,158714,25,0.05482456140350877
5/21/2020,Rensselaer,4,460,379,7574,158714,25,0.05434782608695652
5/22/2020,Rensselaer,3,463,386,7960,158714,25,0.05399568034557235
5/23/2020,Rensselaer,0,463,363,8323,158714,25,0.05399568034557235
5/24/2020,Rensselaer,2,465,123,8446,158714,25,0.053763440860215055
5/25/2020,Rensselaer,1,466,158,8604,158714,25,0.0536480686695279
5/26/2020,Rensselaer,0,466,150,8754,158714,25,0.0536480686695279
5/27/2020,Rensselaer,3,469,405,9159,158714,25,0.053304904051172705
5/28/2020,Rensselaer,9,478,319,9478,158714,25,0.05230125523012552
5/29/2020,Rensselaer,8,486,337,9815,158714,25,0.051440329218107
5/30/2020,Rensselaer,5,491,313,10128,158714,25,0.05091649694501019
5/31/2020,Rensselaer,1,492,274,10402,158714,25,0.0508130081300813
6/1/2020,Rensselaer,1,493,168,10570,158714,25,0.05070993914807302
6/2/2020,Rensselaer,2,495,426,10996,158714,25,0.050505050505050504
6/3/2020,Rensselaer,0,495,312,11308,158714,26,0.052525252525252523
6/4/2020,Rensselaer,2,497,592,11900,158714,26,0.052313883299798795
6/5/2020,Rensselaer,2,499,332,12232,158714,26,0.052104208416833664
6/6/2020,Rensselaer,3,502,421,12653,158714,26,0.05179282868525897
6/7/2020,Rensselaer,1,503,517,13170,158714,26,0.05168986083499006
6/8/2020,Rensselaer,2,505,182,13352,158714,26,0.05148514851485148
6/9/2020,Rensselaer,2,507,316,13668,158714,26,0.05128205128205128
6/10/2020,Rensselaer,1,508,299,13967,158714,27,0.0531496062992126
6/11/2020,Rensselaer,2,510,665,14632,158714,27,0.052941176470588235
6/12/2020,Rensselaer,1,511,261,14893,158714,27,0.05283757338551859
6/13/2020,Rensselaer,2,513,262,15155,158714,27,0.05263157894736842
6/14/2020,Rensselaer,1,514,309,15464,158714,27,0.05252918287937743
6/15/2020,Rensselaer,0,514,252,15716,158714,27,0.05252918287937743
6/16/2020,Rensselaer,1,515,199,15915,158714,28,0.05436893203883495
6/17/2020,Rensselaer,0,515,383,16298,158714,30,0.05825242718446602
6/18/2020,Rensselaer,4,519,413,16711,158714,30,0.057803468208092484
6/19/2020,Rensselaer,2,521,374,17085,158714,30,0.05758157389635317
6/20/2020,Rensselaer,3,524,401,17486,158714,31,0.05916030534351145
6/21/2020,Rensselaer,4,528,361,17847,158714,31,0.058712121212121215
6/22/2020,Rensselaer,5,533,197,18044,158714,31,0.058161350844277676
6/23/2020,Rensselaer,1,534,277,18321,158714,31,0.05805243445692884
6/24/2020,Rensselaer,7,541,450,18771,158714,31,0.05730129390018484
6/25/2020,Rensselaer,8,549,350,19121,158714,32,0.058287795992714025
6/26/2020,Rensselaer,1,550,468,19589,158714,32,0.05818181818181818
6/27/2020,Rensselaer,1,551,359,19948,158714,32,0.05807622504537205
6/28/2020,Rensselaer,2,553,375,20323,158714,32,0.05786618444846293
6/29/2020,Rensselaer,0,553,306,20629,158714,32,0.05786618444846293
6/30/2020,Rensselaer,2,555,195,20824,158714,32,0.05765765765765766
7/1/2020,Rensselaer,1,556,287,21111,158714,32,0.05755395683453238
7/2/2020,Rensselaer,3,559,425,21536,158714,32,0.057245080500894455
7/3/2020,Rensselaer,4,563,612,22148,158714,32,0.056838365896980464
7/4/2020,Rensselaer,2,565,475,22623,158714,32,0.05663716814159292
7/5/2020,Rensselaer,3,568,389,23012,158714,32,0.056338028169014086
7/6/2020,Rensselaer,3,571,162,23174,158714,33,0.05779334500875657
7/7/2020,Rensselaer,9,580,304,23478,158714,33,0.056896551724137934
7/8/2020,Rensselaer,6,586,399,23877,158714,33,0.05631399317406143
7/9/2020,Rensselaer,2,588,252,24129,158714,33,0.05612244897959184
7/10/2020,Rensselaer,5,593,331,24460,158714,33,0.05564924114671164
7/11/2020,Rensselaer,23,616,378,24838,158714,33,0.05357142857142857
7/12/2020,Rensselaer,1,617,317,25155,158714,33,0.05348460291734198
7/13/2020,Rensselaer,8,625,416,25571,158714,33,0.0528
7/14/2020,Rensselaer,7,632,409,25980,158714,33,0.05221518987341772
7/15/2020,Rensselaer,7,639,495,26475,158714,33,0.051643192488262914
7/16/2020,Rensselaer,4,643,442,26917,158714,33,0.05132192846034215
7/17/2020,Rensselaer,7,650,358,27275,158714,33,0.05076923076923077
7/18/2020,Rensselaer,1,651,225,27500,158714,34,0.05222734254992319
7/19/2020,Rensselaer,2,653,295,27795,158714,35,0.05359877488514548
7/20/2020,Rensselaer,5,658,476,28271,158714,35,0.05319148936170213
7/21/2020,Rensselaer,10,668,558,28829,158714,35,0.05239520958083832
7/22/2020,Rensselaer,1,669,486,29315,158714,35,0.052316890881913304
7/23/2020,Rensselaer,7,676,429,29744,158714,35,0.051775147928994084
7/24/2020,Rensselaer,5,681,396,30140,158714,35,0.0513950073421439
7/25/2020,Rensselaer,3,684,364,30504,158714,35,0.05116959064327485
7/26/2020,Rensselaer,3,687,624,31128,158714,35,0.050946142649199416
7/27/2020,Rensselaer,3,690,356,31484,158714,35,0.050724637681159424
7/28/2020,Rensselaer,4,694,345,31829,158714,35,0.05043227665706052
7/29/2020,Rensselaer,24,718,309,32138,158714,35,0.04874651810584958
7/30/2020,Rensselaer,6,724,413,32551,158714,35,0.04834254143646409
7/31/2020,Rensselaer,10,734,478,33029,158714,35,0.047683923705722074
8/1/2020,Rensselaer,2,736,265,33294,158714,35,0.04755434782608696
8/2/2020,Rensselaer,4,740,293,33587,158714,35,0.0472972972972973
8/3/2020,Rensselaer,8,748,491,34078,158714,35,0.04679144385026738
8/4/2020,Rensselaer,7,755,480,34558,158714,35,0.046357615894039736
8/5/2020,Rensselaer,3,758,431,34989,158714,35,0.04617414248021108
8/6/2020,Rensselaer,1,759,371,35360,158714,35,0.0461133069828722
8/7/2020,Rensselaer,2,761,241,35601,158714,35,0.045992115637319315
8/8/2020,Rensselaer,4,765,435,36036,158714,36,0.047058823529411764
8/9/2020,Rensselaer,1,766,282,36318,158714,37,0.048302872062663184
8/10/2020,Rensselaer,4,770,435,36753,158714,38,0.04935064935064935
8/11/2020,Rensselaer,10,780,608,37361,158714,38,0.04871794871794872
8/12/2020,Rensselaer,2,782,610,37971,158714,38,0.04859335038363171
8/13/2020,Rensselaer,3,785,520,38491,158714,39,0.049681528662420385
8/14/2020,Rensselaer,4,789,420,38911,158714,39,0.049429657794676805
8/15/2020,Rensselaer,6,795,637,39548,158714,39,0.04905660377358491
8/16/2020,Rensselaer,0,795,304,39852,158714,40,0.050314465408805034
8/17/2020,Rensselaer,6,801,422,40274,158714,41,0.05118601747815231
8/18/2020,Rensselaer,3,804,439,40713,158714,41,0.05099502487562189
8/19/2020,Rensselaer,5,809,475,41188,158714,41,0.05067985166872682
8/20/2020,Rensselaer,1,810,593,41781,158714,41,0.050617283950617285
8/21/2020,Rensselaer,3,813,498,42279,158714,41,0.05043050430504305
8/22/2020,Rensselaer,4,817,563,42842,158714,41,0.05018359853121175
8/23/2020,Rensselaer,1,818,310,43152,158714,41,0.05012224938875306
8/24/2020,Rensselaer,1,819,363,43515,158714,41,0.050061050061050064
8/25/2020,Rensselaer,3,822,392,43907,158714,41,0.049878345498783457
8/26/2020,Rensselaer,1,823,343,44250,158714,41,0.04981773997569866
8/27/2020,Rensselaer,3,826,564,44814,158714,41,0.04963680387409201
8/28/2020,Rensselaer,4,830,405,45219,158714,41,0.04939759036144578
8/29/2020,Rensselaer,3,833,708,45927,158714,41,0.04921968787515006
8/30/2020,Rensselaer,5,838,311,46238,158714,41,0.04892601431980907
8/31/2020,Rensselaer,3,841,309,46547,158714,41,0.04875148632580262
9/1/2020,Rensselaer,3,844,446,46993,158714,41,0.0485781990521327
9/2/2020,Rensselaer,4,848,501,47494,158714,42,0.049528301886792456
9/3/2020,Rensselaer,6,854,379,47873,158714,42,0.04918032786885246
9/4/2020,Rensselaer,4,858,540,48413,158714,42,0.04895104895104895
9/5/2020,Rensselaer,1,859,485,48898,158714,42,0.048894062863795114
9/6/2020,Rensselaer,1,860,217,49115,158714,42,0.04883720930232558
9/7/2020,Rensselaer,5,865,284,49399,158714,42,0.048554913294797684
9/8/2020,Rensselaer,1,866,262,49661,158714,42,0.04849884526558892
9/9/2020,Rensselaer,1,867,295,49956,158714,42,0.04844290657439446
9/10/2020,Rensselaer,3,870,600,50556,158714,42,0.04827586206896552
9/11/2020,Rensselaer,6,876,492,51048,158714,42,0.04794520547945205
9/12/2020,Rensselaer,3,879,407,51455,158714,42,0.04778156996587031
9/13/2020,Rensselaer,0,879,501,51956,158714,42,0.04778156996587031
9/14/2020,Rensselaer,5,884,498,52454,158714,42,0.04751131221719457
9/15/2020,Rensselaer,3,887,357,52811,158714,42,0.04735062006764374
9/16/2020,Rensselaer,5,892,260,53071,158714,42,0.04708520179372197
9/17/2020,Rensselaer,3,895,571,53642,158714,42,0.04692737430167598
9/18/2020,Rensselaer,1,896,397,54039,158714,42,0.046875
9/19/2020,Rensselaer,3,899,808,54847,158714,42,0.04671857619577308
9/20/2020,Rensselaer,2,901,309,55156,158714,42,0.04661487236403995
9/21/2020,Rensselaer,0,901,445,55601,158714,42,0.04661487236403995
9/22/2020,Rensselaer,1,902,286,55887,158714,42,0.04656319290465632
9/23/2020,Rensselaer,1,903,460,56347,158714,42,0.046511627906976744
9/24/2020,Rensselaer,2,905,505,56852,158714,42,0.04640883977900553
9/25/2020,Rensselaer,3,908,649,57501,158714,42,0.046255506607929514
9/26/2020,Rensselaer,3,911,585,58086,158714,42,0.04610318331503842
9/27/2020,Rensselaer,2,913,342,58428,158714,42,0.04600219058050383
9/28/2020,Rensselaer,3,916,369,58797,158714,42,0.04585152838427948
9/29/2020,Rensselaer,3,919,1882,60679,158714,42,0.04570184983677911
9/30/2020,Rensselaer,4,923,2239,62918,158714,42,0.04550379198266522
10/1/2020,Rensselaer,8,931,1480,64398,158714,42,0.045112781954887216
10/2/2020,Rensselaer,6,937,1930,66328,158714,42,0.044823906083244394
10/3/2020,Rensselaer,7,944,619,66947,158714,42,0.04449152542372881
10/4/2020,Rensselaer,1,945,215,67162,158714,42,0.044444444444444446
10/5/2020,Rensselaer,7,952,404,67566,158714,42,0.04411764705882353
10/6/2020,Rensselaer,5,957,2055,69621,158714,42,0.0438871473354232
10/7/2020,Rensselaer,1,958,2408,72029,158714,42,0.04384133611691023
10/8/2020,Rensselaer,6,964,1612,73641,158714,42,0.043568464730290454
10/9/2020,Rensselaer,6,970,2154,75795,158714,42,0.04329896907216495
10/10/2020,Rensselaer,10,980,692,76487,158714,42,0.04285714285714286
10/11/2020,Rensselaer,5,985,540,77027,158714,42,0.04263959390862944
10/12/2020,Rensselaer,9,994,440,77467,158714,42,0.04225352112676056
10/13/2020,Rensselaer,8,1002,1599,79066,158714,42,0.041916167664670656
10/14/2020,Rensselaer,5,1007,2540,81606,158714,42,0.041708043694141016
10/15/2020,Rensselaer,13,1020,1815,83421,158714,42,0.041176470588235294
10/16/2020,Rensselaer,1,1021,764,84185,158714,42,0.04113614103819784
10/17/2020,Rensselaer,6,1027,818,85003,158714,42,0.04089581304771178
10/18/2020,Rensselaer,7,1034,338,85341,158714,42,0.04061895551257253
10/19/2020,Rensselaer,6,1040,442,85783,158714,42,0.04038461538461539
10/20/2020,Rensselaer,7,1047,2034,87817,158714,42,0.04011461318051576
10/21/2020,Rensselaer,11,1058,2518,90335,158714,42,0.03969754253308128
10/22/2020,Rensselaer,6,1064,984,91319,158714,42,0.039473684210526314
10/23/2020,Rensselaer,9,1073,2668,93987,158714,42,0.0391425908667288
10/24/2020,Rensselaer,7,1080,4893,98880,158714,42,0.03888888888888889
10/25/2020,Rensselaer,8,1088,296,99176,158714,42,0.03860294117647059
10/26/2020,Rensselaer,6,1094,569,99745,158714,42,0.038391224862888484
10/27/2020,Rensselaer,5,1099,526,100271,158714,42,0.03821656050955414
10/28/2020,Rensselaer,11,1110,1019,101290,158714,42,0.03783783783783784
10/29/2020,Rensselaer,1,1111,1702,102992,158714,43,0.0387038703870387
10/30/2020,Rensselaer,5,1116,2365,105357,158714,43,0.03853046594982079
10/31/2020,Rensselaer,8,1124,2407,107764,158714,43,0.03825622775800712
11/1/2020,Rensselaer,7,1131,421,108185,158714,43,0.03801945181255526
11/2/2020,Rensselaer,4,1135,516,108701,158714,43,0.03788546255506608
11/3/2020,Rensselaer,7,1142,2052,110753,158714,43,0.03765323992994746
11/4/2020,Rensselaer,19,1161,868,111621,158714,43,0.037037037037037035
11/5/2020,Rensselaer,14,1175,1527,113148,158714,44,0.0374468085106383
11/6/2020,Rensselaer,9,1184,2444,115592,158714,44,0.037162162162162164
11/7/2020,Rensselaer,14,1198,858,116450,158714,44,0.03672787979966611
11/8/2020,Rensselaer,15,1213,2238,118688,158714,44,0.036273701566364384
11/9/2020,Rensselaer,17,1230,585,119273,158714,44,0.03577235772357724
11/10/2020,Rensselaer,13,1243,2134,121407,158714,44,0.035398230088495575
11/11/2020,Rensselaer,15,1258,1307,122714,158714,44,0.034976152623211444
11/12/2020,Rensselaer,20,1278,1605,124319,158714,45,0.035211267605633804
11/13/2020,Rensselaer,26,1304,2508,126827,158714,45,0.03450920245398773
11/14/2020,Rensselaer,17,1321,496,127323,158714,45,0.03406510219530658
3/1/2020,Richmond,0,0,0,0,476143,0,NaN
3/2/2020,Richmond,0,0,0,0,476143,0,NaN
3/3/2020,Richmond,0,0,0,0,476143,0,NaN
3/4/2020,Richmond,0,0,0,0,476143,0,NaN
3/5/2020,Richmond,0,0,0,0,476143,0,NaN
3/6/2020,Richmond,0,0,3,3,476143,0,NaN
3/7/2020,Richmond,0,0,2,5,476143,0,NaN
3/8/2020,Richmond,0,0,0,5,476143,0,NaN
3/9/2020,Richmond,0,0,6,11,476143,0,NaN
3/10/2020,Richmond,1,1,5,16,476143,0,0
3/11/2020,Richmond,1,2,5,21,476143,0,0
3/12/2020,Richmond,4,6,16,37,476143,0,0
3/13/2020,Richmond,5,11,34,71,476143,0,0
3/14/2020,Richmond,3,14,29,100,476143,0,0
3/15/2020,Richmond,6,20,27,127,476143,0,0
3/16/2020,Richmond,11,31,35,162,476143,0,0
3/17/2020,Richmond,26,57,61,223,476143,0,0
3/18/2020,Richmond,33,90,110,333,476143,0,0
3/19/2020,Richmond,116,206,272,605,476143,0,0
3/20/2020,Richmond,109,315,334,939,476143,0,0
3/21/2020,Richmond,207,522,645,1584,476143,0,0
3/22/2020,Richmond,193,715,417,2001,476143,4,0.005594405594405594
3/23/2020,Richmond,200,915,487,2488,476143,4,0.004371584699453552
3/24/2020,Richmond,110,1025,223,2711,476143,4,0.003902439024390244
3/25/2020,Richmond,164,1189,293,3004,476143,21,0.017661900756938603
3/26/2020,Richmond,223,1412,413,3417,476143,26,0.018413597733711047
3/27/2020,Richmond,415,1827,847,4264,476143,33,0.0180623973727422
3/28/2020,Richmond,402,2229,878,5142,476143,43,0.019291161956034097
3/29/2020,Richmond,336,2565,711,5853,476143,46,0.01793372319688109
3/30/2020,Richmond,324,2889,691,6544,476143,58,0.020076150917272412
3/31/2020,Richmond,299,3188,616,7160,476143,67,0.021016311166875783
4/1/2020,Richmond,279,3467,559,7719,476143,73,0.021055667724257283
4/2/2020,Richmond,287,3754,563,8282,476143,78,0.02077783697389451
4/3/2020,Richmond,319,4073,679,8961,476143,96,0.02356985023324331
4/4/2020,Richmond,218,4291,513,9474,476143,118,0.02749941738522489
4/5/2020,Richmond,288,4579,600,10074,476143,150,0.032758244158113126
4/6/2020,Richmond,218,4797,605,10679,476143,172,0.03585574317281635
4/7/2020,Richmond,546,5343,1262,11941,476143,196,0.03668351113606588
4/8/2020,Richmond,641,5984,1528,13469,476143,229,0.03826871657754011
4/9/2020,Richmond,500,6484,1212,14681,476143,246,0.03793954349167181
4/10/2020,Richmond,376,6860,807,15488,476143,289,0.04212827988338192
4/11/2020,Richmond,456,7316,1030,16518,476143,305,0.04168944778567523
4/12/2020,Richmond,352,7668,887,17405,476143,330,0.04303599374021909
4/13/2020,Richmond,292,7960,725,18130,476143,343,0.04309045226130653
4/14/2020,Richmond,338,8298,743,18873,476143,406,0.04892745239816823
4/15/2020,Richmond,386,8684,1184,20057,476143,425,0.04894058037770613
4/16/2020,Richmond,347,9031,1084,21141,476143,451,0.049939098660170524
4/17/2020,Richmond,302,9333,1106,22247,476143,468,0.05014464802314368
4/18/2020,Richmond,341,9674,1288,23535,476143,484,0.05003101095720488
4/19/2020,Richmond,239,9913,874,24409,476143,524,0.0528598809643902
4/20/2020,Richmond,208,10121,882,25291,476143,544,0.053749629483252646
4/21/2020,Richmond,224,10345,998,26289,476143,566,0.05471242145964234
4/22/2020,Richmond,245,10590,1031,27320,476143,588,0.055524079320113315
4/23/2020,Richmond,293,10883,1272,28592,476143,611,0.05614260773683727
4/24/2020,Richmond,246,11129,1011,29603,476143,634,0.056968281067481356
4/25/2020,Richmond,154,11283,882,30485,476143,659,0.05840645218470265
4/26/2020,Richmond,140,11423,658,31143,476143,672,0.05882867898100324
4/27/2020,Richmond,93,11516,567,31710,476143,686,0.05956929489406044
4/28/2020,Richmond,144,11660,935,32645,476143,698,0.05986277873070326
4/29/2020,Richmond,151,11811,841,33486,476143,710,0.060113453560240455
4/30/2020,Richmond,126,11937,849,34335,476143,720,0.06031666247800955
5/1/2020,Richmond,157,12094,918,35253,476143,730,0.0603605093434761
5/2/2020,Richmond,101,12195,729,35982,476143,737,0.06043460434604346
5/3/2020,Richmond,60,12255,549,36531,476143,769,0.062749898000816
5/4/2020,Richmond,62,12317,573,37104,476143,782,0.06348948607615491
5/5/2020,Richmond,84,12401,702,37806,476143,795,0.06410773324731876
5/6/2020,Richmond,105,12506,828,38634,476143,813,0.06500879577802655
5/7/2020,Richmond,72,12578,672,39306,476143,828,0.06582922563205597
5/8/2020,Richmond,72,12650,832,40138,476143,841,0.06648221343873517
5/9/2020,Richmond,52,12702,717,40855,476143,852,0.0670760510155881
5/10/2020,Richmond,45,12747,493,41348,476143,866,0.06793755393425904
5/11/2020,Richmond,22,12769,517,41865,476143,880,0.06891690813689404
5/12/2020,Richmond,41,12810,806,42671,476143,884,0.06900858704137393
5/13/2020,Richmond,51,12861,869,43540,476143,891,0.06927921623512946
5/14/2020,Richmond,48,12909,812,44352,476143,900,0.06971880083662561
5/15/2020,Richmond,65,12974,843,45195,476143,914,0.07044858948666564
5/16/2020,Richmond,37,13011,713,45908,476143,921,0.07078625778187687
5/17/2020,Richmond,36,13047,571,46479,476143,930,0.07128075419636698
5/18/2020,Richmond,22,13069,621,47100,476143,935,0.07154334685132757
5/19/2020,Richmond,31,13100,751,47851,476143,937,0.07152671755725191
5/20/2020,Richmond,40,13140,908,48759,476143,942,0.07168949771689498
5/21/2020,Richmond,31,13171,877,49636,476143,946,0.07182446283501633
5/22/2020,Richmond,44,13215,1232,50868,476143,954,0.07219069239500568
5/23/2020,Richmond,51,13266,1120,51988,476143,964,0.07266696818935625
5/24/2020,Richmond,21,13287,732,52720,476143,966,0.07270264167983743
5/25/2020,Richmond,38,13325,1047,53767,476143,968,0.0726454033771107
5/26/2020,Richmond,23,13348,720,54487,476143,971,0.07274498052142643
5/27/2020,Richmond,56,13404,1623,56110,476143,972,0.07251566696508505
5/28/2020,Richmond,51,13455,1731,57841,476143,978,0.07268673355629877
5/29/2020,Richmond,50,13505,1376,59217,476143,984,0.0728619029988893
5/30/2020,Richmond,17,13522,1214,60431,476143,987,0.07299216092294039
5/31/2020,Richmond,15,13537,1200,61631,476143,990,0.07313289502844057
6/1/2020,Richmond,25,13562,972,62603,476143,994,0.07329302462763604
6/2/2020,Richmond,23,13585,991,63594,476143,994,0.07316893632683107
6/3/2020,Richmond,36,13621,1784,65378,476143,996,0.07312238455326334
6/4/2020,Richmond,42,13663,1576,66954,476143,1002,0.07333674888384689
6/5/2020,Richmond,28,13691,1886,68840,476143,1006,0.07347892776276387
6/6/2020,Richmond,26,13717,1379,70219,476143,1010,0.07363126047969673
6/7/2020,Richmond,10,13727,1182,71401,476143,1014,0.07386901726524368
6/8/2020,Richmond,20,13747,896,72297,476143,1014,0.07376154797410345
6/9/2020,Richmond,14,13761,1144,73441,476143,1015,0.07375917447859894
6/10/2020,Richmond,19,13780,1290,74731,476143,1018,0.07387518142235124
6/11/2020,Richmond,20,13800,1547,76278,476143,1019,0.07384057971014493
6/12/2020,Richmond,17,13817,1596,77874,476143,1020,0.07382210320619527
6/13/2020,Richmond,40,13857,1365,79239,476143,1021,0.07368117197084506
6/14/2020,Richmond,21,13878,1391,80630,476143,1022,0.07364173512033434
6/15/2020,Richmond,10,13888,2387,83017,476143,1024,0.07373271889400922
6/16/2020,Richmond,5,13893,1328,84345,476143,1025,0.07377816166414741
6/17/2020,Richmond,7,13900,1579,85924,476143,1026,0.07381294964028777
6/18/2020,Richmond,17,13917,2306,88230,476143,1029,0.0739383487820651
6/19/2020,Richmond,27,13944,1882,90112,476143,1031,0.073938611589214
6/20/2020,Richmond,14,13958,1749,91861,476143,1031,0.07386445049434016
6/21/2020,Richmond,13,13971,1507,93368,476143,1033,0.07393887338057405
6/22/2020,Richmond,12,13983,1121,94489,476143,1033,0.07387542015304298
6/23/2020,Richmond,11,13994,1894,96383,476143,1033,0.07381735029298271
6/24/2020,Richmond,26,14020,2032,98415,476143,1033,0.07368045649072753
6/25/2020,Richmond,17,14037,1707,100122,476143,1035,0.07373370378285958
6/26/2020,Richmond,15,14052,1697,101819,476143,1039,0.07393965271847423
6/27/2020,Richmond,21,14073,1581,103400,476143,1041,0.07397143466211895
6/28/2020,Richmond,9,14082,979,104379,476143,1041,0.07392415850021304
6/29/2020,Richmond,11,14093,1749,106128,476143,1041,0.07386645852550912
6/30/2020,Richmond,16,14109,1304,107432,476143,1049,0.07434970586150684
7/1/2020,Richmond,16,14125,1787,109219,476143,1050,0.074336283185840707
7/2/2020,Richmond,39,14164,1955,111174,476143,1053,0.07434340581756566
7/3/2020,Richmond,26,14190,1613,112787,476143,1056,0.07441860465116279
7/4/2020,Richmond,12,14202,1578,114365,476143,1060,0.07463737501760316
7/5/2020,Richmond,11,14213,1362,115727,476143,1061,0.07464996833884471
7/6/2020,Richmond,12,14225,1707,117434,476143,1061,0.07458699472759227
7/7/2020,Richmond,18,14243,1406,118840,476143,1063,0.07463315312785228
7/8/2020,Richmond,19,14262,1592,120432,476143,1063,0.07453372598513533
7/9/2020,Richmond,23,14285,1874,122306,476143,1063,0.0744137206860343
7/10/2020,Richmond,23,14308,1837,124143,476143,1066,0.07450377411238468
7/11/2020,Richmond,21,14329,1681,125824,476143,1067,0.07446437294996161
7/12/2020,Richmond,12,14341,1495,127319,476143,1068,0.07447179415661391
7/13/2020,Richmond,31,14372,1891,129210,476143,1072,0.07458947954355692
7/14/2020,Richmond,17,14389,1604,130814,476143,1072,0.07450135520189033
7/15/2020,Richmond,28,14417,1878,132692,476143,1072,0.07435666227370466
7/16/2020,Richmond,22,14439,2004,134696,476143,1074,0.07438188240182839
7/17/2020,Richmond,20,14459,1566,136262,476143,1074,0.07427899578117436
7/18/2020,Richmond,21,14480,1301,137563,476143,1075,0.0742403314917127
7/19/2020,Richmond,23,14503,1213,138776,476143,1075,0.07412259532510515
7/20/2020,Richmond,36,14539,2050,140826,476143,1075,0.07393906045807827
7/21/2020,Richmond,18,14557,1252,142078,476143,1075,0.07384763344095624
7/22/2020,Richmond,30,14587,1890,143968,476143,1075,0.0736957564955097
7/23/2020,Richmond,26,14613,2065,146033,476143,1075,0.07356463422979538
7/24/2020,Richmond,20,14633,1908,147941,476143,1075,0.07346408802022825
7/25/2020,Richmond,16,14649,1116,149057,476143,1075,0.07338384872687556
7/26/2020,Richmond,32,14681,1401,150458,476143,1075,0.07322389483005246
7/27/2020,Richmond,17,14698,1571,152029,476143,1075,0.07313920261260036
7/28/2020,Richmond,29,14727,1531,153560,476143,1075,0.07299517892306648
7/29/2020,Richmond,21,14748,1720,155280,476143,1075,0.07289123949010035
7/30/2020,Richmond,16,14764,1562,156842,476143,1075,0.072812246003793
7/31/2020,Richmond,17,14781,2229,159071,476143,1076,0.0727961572288749
8/1/2020,Richmond,24,14805,1599,160670,476143,1076,0.07267814927389396
8/2/2020,Richmond,17,14822,1421,162091,476143,1076,0.07259479152610984
8/3/2020,Richmond,18,14840,1840,163931,476143,1077,0.07257412398921832
8/4/2020,Richmond,14,14854,1492,165423,476143,1077,0.0725057223643463
8/5/2020,Richmond,23,14877,1916,167339,476143,1077,0.07239362774752975
8/6/2020,Richmond,14,14891,1679,169018,476143,1077,0.0723255657779867
8/7/2020,Richmond,18,14909,2154,171172,476143,1077,0.0722382453551546
8/8/2020,Richmond,12,14921,1395,172567,476143,1077,0.07218014878359359
8/9/2020,Richmond,13,14934,1656,174223,476143,1077,0.07211731619124147
8/10/2020,Richmond,19,14953,2137,176360,476143,1077,0.07202568046545843
8/11/2020,Richmond,21,14974,2162,178522,476143,1077,0.07192466942700682
8/12/2020,Richmond,24,14998,2896,181418,476143,1077,0.071809574609948
8/13/2020,Richmond,19,15017,2232,183650,476143,1077,0.07171871878537657
8/14/2020,Richmond,29,15046,2189,185839,476143,1077,0.07158048650804201
8/15/2020,Richmond,20,15066,1946,187785,476143,1077,0.07148546395858224
8/16/2020,Richmond,7,15073,1454,189239,476143,1079,0.07158495322762555
8/17/2020,Richmond,14,15087,1440,190679,476143,1079,0.07151852588321071
8/18/2020,Richmond,14,15101,2347,193026,476143,1079,0.0714522217071717
8/19/2020,Richmond,17,15118,2464,195490,476143,1079,0.07137187458658553
8/20/2020,Richmond,11,15129,2418,197908,476143,1080,0.07138607971445568
8/21/2020,Richmond,13,15142,2419,200327,476143,1081,0.07139083344340245
8/22/2020,Richmond,20,15162,2047,202374,476143,1081,0.07129666270940509
8/23/2020,Richmond,15,15177,1899,204273,476143,1081,0.07122619753574488
8/24/2020,Richmond,12,15189,1977,206250,476143,1082,0.07123576272302325
8/25/2020,Richmond,17,15206,2296,208546,476143,1082,0.07115612258319085
8/26/2020,Richmond,18,15224,1950,210496,476143,1082,0.0710719915922228
8/27/2020,Richmond,15,15239,2716,213212,476143,1083,0.07106765535796312
8/28/2020,Richmond,13,15252,2633,215845,476143,1083,0.07100708103855233
8/29/2020,Richmond,17,15269,2346,218191,476143,1083,0.07092802410111991
8/30/2020,Richmond,19,15288,1528,219719,476143,1083,0.07083987441130299
8/31/2020,Richmond,20,15308,2469,222188,476143,1083,0.07074732166187614
9/1/2020,Richmond,24,15332,2045,224233,476143,1083,0.07063657709366032
9/2/2020,Richmond,18,15350,2887,227120,476143,1083,0.07055374592833877
9/3/2020,Richmond,19,15369,2641,229761,476143,1084,0.07053158956340685
9/4/2020,Richmond,24,15393,2553,232314,476143,1084,0.07042162021698174
9/5/2020,Richmond,27,15420,2668,234982,476143,1084,0.07029831387808042
9/6/2020,Richmond,31,15451,1846,236828,476143,1084,0.0701572713740211
9/7/2020,Richmond,15,15466,1483,238311,476143,1084,0.07008922798396483
9/8/2020,Richmond,20,15486,1827,240138,476143,1084,0.06999870851091308
9/9/2020,Richmond,24,15510,2525,242663,476143,1084,0.06989039329464862
9/10/2020,Richmond,27,15537,1967,244630,476143,1084,0.06976893866254746
9/11/2020,Richmond,28,15565,3042,247672,476143,1084,0.06964343077417283
9/12/2020,Richmond,17,15582,1740,249412,476143,1084,0.06956744962135798
9/13/2020,Richmond,22,15604,1601,251013,476143,1084,0.0694693668290182
9/14/2020,Richmond,27,15631,2318,253331,476143,1084,0.06934936984198067
9/15/2020,Richmond,11,15642,1532,254863,476143,1084,0.06930060094617056
9/16/2020,Richmond,24,15666,2426,257289,476143,1084,0.06919443380569386
9/17/2020,Richmond,23,15689,2017,259306,476143,1084,0.06909299509210275
9/18/2020,Richmond,24,15713,2718,262024,476143,1085,0.0690511041812512
9/19/2020,Richmond,17,15730,2408,264432,476143,1085,0.06897647806738716
9/20/2020,Richmond,23,15753,1329,265761,476143,1085,0.06887576969466133
9/21/2020,Richmond,33,15786,2287,268048,476143,1085,0.06873178765995186
9/22/2020,Richmond,13,15799,1076,269124,476143,1085,0.06867523260965884
9/23/2020,Richmond,24,15823,2677,271801,476143,1085,0.0685710674334829
9/24/2020,Richmond,14,15837,2118,273919,476143,1085,0.06851045021152996
9/25/2020,Richmond,30,15867,2524,276443,476143,1086,0.06844394025335603
9/26/2020,Richmond,23,15890,2226,278669,476143,1086,0.06834487098804279
9/27/2020,Richmond,23,15913,1743,280412,476143,1086,0.06824608810406586
9/28/2020,Richmond,37,15950,2385,282797,476143,1086,0.06808777429467085
9/29/2020,Richmond,39,15989,1763,284560,476143,1086,0.06792169616611421
9/30/2020,Richmond,36,16025,2281,286841,476143,1086,0.06776911076443058
10/1/2020,Richmond,36,16061,2341,289182,476143,1086,0.06761720938920367
10/2/2020,Richmond,46,16107,3278,292460,476143,1086,0.06742410132240641
10/3/2020,Richmond,30,16137,2661,295121,476143,1086,0.06729875441531884
10/4/2020,Richmond,20,16157,1760,296881,476143,1086,0.0672154484124528
10/5/2020,Richmond,52,16209,2812,299693,476143,1086,0.06699981491763835
10/6/2020,Richmond,31,16240,2182,301875,476143,1088,0.06699507389162561
10/7/2020,Richmond,54,16294,3978,305853,476143,1088,0.0667730452927458
10/8/2020,Richmond,30,16324,2487,308340,476143,1088,0.0666503308012742
10/9/2020,Richmond,49,16373,3396,311736,476143,1088,0.06645086422769193
10/10/2020,Richmond,28,16401,2812,314548,476143,1088,0.06633741845009451
10/11/2020,Richmond,33,16434,2630,317178,476143,1088,0.06620421078252403
10/12/2020,Richmond,62,16496,3099,320277,476143,1088,0.06595538312318137
10/13/2020,Richmond,26,16522,2079,322356,476143,1089,0.0659121171770972
10/14/2020,Richmond,37,16559,2715,325071,476143,1089,0.06576484087203334
10/15/2020,Richmond,46,16605,3256,328327,476143,1089,0.06558265582655827
10/16/2020,Richmond,65,16670,4789,333116,476143,1089,0.06532693461307738
10/17/2020,Richmond,50,16720,3621,336737,476143,1089,0.06513157894736842
10/18/2020,Richmond,26,16746,1988,338725,476143,1091,0.06514988654006927
10/19/2020,Richmond,36,16782,2376,341101,476143,1091,0.0650101299010845
10/20/2020,Richmond,78,16860,3394,344495,476143,1091,0.06470937129300118
10/21/2020,Richmond,32,16892,2803,347298,476143,1092,0.0646459862656879
10/22/2020,Richmond,37,16929,3598,350896,476143,1093,0.06456376631815228
10/23/2020,Richmond,75,17004,3988,354884,476143,1094,0.06433780286991296
10/24/2020,Richmond,44,17048,2919,357803,476143,1094,0.06417175035194744
10/25/2020,Richmond,37,17085,1832,359635,476143,1094,0.06403277729002048
10/26/2020,Richmond,89,17174,4278,363913,476143,1094,0.06370094328636311
10/27/2020,Richmond,78,17252,2959,366872,476143,1095,0.06347090192441456
10/28/2020,Richmond,107,17359,4394,371266,476143,1095,0.06307967048793134
10/29/2020,Richmond,98,17457,3388,374654,476143,1095,0.06272555421893797
10/30/2020,Richmond,78,17535,3642,378296,476143,1095,0.06244653550042772
10/31/2020,Richmond,109,17644,3817,382113,476143,1095,0.062060757197914304
11/1/2020,Richmond,59,17703,2396,384509,476143,1095,0.06185392306388748
11/2/2020,Richmond,74,17777,3050,387559,476143,1097,0.061708949766552286
11/3/2020,Richmond,49,17826,2344,389903,476143,1097,0.061539324582071134
11/4/2020,Richmond,115,17941,3848,393751,476143,1098,0.061200601973134164
11/5/2020,Richmond,191,18132,5425,399176,476143,1099,0.06061107434370174
11/6/2020,Richmond,137,18269,4565,403741,476143,1100,0.06021128687941321
11/7/2020,Richmond,128,18397,4448,408189,476143,1100,0.05979235744958417
11/8/2020,Richmond,126,18523,3301,411490,476143,1101,0.05943961561302165
11/9/2020,Richmond,138,18661,3175,414665,476143,1101,0.05900005358769626
11/10/2020,Richmond,215,18876,4472,419137,476143,1102,0.058381012926467475
11/11/2020,Richmond,160,19036,4292,423429,476143,1104,0.05799537718007985
11/12/2020,Richmond,229,19265,4967,428396,476143,1104,0.057305995328315595
11/13/2020,Richmond,226,19491,5081,433477,476143,1104,0.0566415268585501
11/14/2020,Richmond,151,19642,4355,437832,476143,1105,0.056257000305467875
3/1/2020,Rockland,0,0,0,0,325789,0,NaN
3/2/2020,Rockland,0,0,0,0,325789,0,NaN
3/3/2020,Rockland,0,0,0,0,325789,0,NaN
3/4/2020,Rockland,0,0,0,0,325789,0,NaN
3/5/2020,Rockland,0,0,0,0,325789,0,NaN
3/6/2020,Rockland,1,1,1,1,325789,0,0
3/7/2020,Rockland,0,1,0,1,325789,0,0
3/8/2020,Rockland,0,1,2,3,325789,0,0
3/9/2020,Rockland,3,4,7,10,325789,0,0
3/10/2020,Rockland,0,4,2,12,325789,0,0
3/11/2020,Rockland,2,6,2,14,325789,0,0
3/12/2020,Rockland,2,8,5,19,325789,0,0
3/13/2020,Rockland,1,9,8,27,325789,0,0
3/14/2020,Rockland,3,12,21,48,325789,1,0.08333333333333333
3/15/2020,Rockland,1,13,35,83,325789,1,0.07692307692307693
3/16/2020,Rockland,9,22,39,122,325789,1,0.045454545454545456
3/17/2020,Rockland,8,30,29,151,325789,2,0.06666666666666667
3/18/2020,Rockland,23,53,58,209,325789,2,0.03773584905660377
3/19/2020,Rockland,48,101,192,401,325789,2,0.019801980198019802
3/20/2020,Rockland,161,262,569,970,325789,2,0.007633587786259542
3/21/2020,Rockland,193,455,604,1574,325789,2,0.004395604395604396
3/22/2020,Rockland,137,592,393,1967,325789,3,0.005067567567567568
3/23/2020,Rockland,79,671,315,2282,325789,3,0.004470938897168405
3/24/2020,Rockland,297,968,592,2874,325789,5,0.005165289256198347
3/25/2020,Rockland,229,1197,567,3441,325789,7,0.005847953216374269
3/26/2020,Rockland,260,1457,588,4029,325789,7,0.004804392587508579
3/27/2020,Rockland,439,1896,1078,5107,325789,7,0.003691983122362869
3/28/2020,Rockland,313,2209,827,5934,325789,7,0.003168854685377999
3/29/2020,Rockland,302,2511,604,6538,325789,8,0.0031859816806053365
3/30/2020,Rockland,352,2863,739,7277,325789,18,0.0062871114215857496
3/31/2020,Rockland,458,3321,930,8207,325789,18,0.005420054200542005
4/1/2020,Rockland,430,3751,904,9111,325789,29,0.007731271660890429
4/2/2020,Rockland,538,4289,997,10108,325789,42,0.0097924924224761
4/3/2020,Rockland,583,4872,1124,11232,325789,69,0.01416256157635468
4/4/2020,Rockland,454,5326,880,12112,325789,69,0.012955313556139693
4/5/2020,Rockland,377,5703,732,12844,325789,69,0.01209889531825355
4/6/2020,Rockland,287,5990,662,13506,325789,76,0.012687813021702838
4/7/2020,Rockland,423,6413,1027,14533,325789,90,0.014033993450803056
4/8/2020,Rockland,252,6665,648,15181,325789,98,0.014703675918979744
4/9/2020,Rockland,457,7122,1013,16194,325789,117,0.016427969671440605
4/10/2020,Rockland,355,7477,785,16979,325789,135,0.018055369800722216
4/11/2020,Rockland,244,7721,569,17548,325789,153,0.0198160859992229
4/12/2020,Rockland,244,7965,586,18134,325789,166,0.02084118016321406
4/13/2020,Rockland,370,8335,779,18913,325789,182,0.021835632873425315
4/14/2020,Rockland,139,8474,371,19284,325789,192,0.02265754071276847
4/15/2020,Rockland,278,8752,830,20114,325789,229,0.0261654478976234
4/16/2020,Rockland,235,8987,678,20792,325789,250,0.02781795927450762
4/17/2020,Rockland,184,9171,610,21402,325789,250,0.027259840802529713
4/18/2020,Rockland,193,9364,547,21949,325789,250,0.026697992310978216
4/19/2020,Rockland,93,9457,316,22265,325789,297,0.03140530823728455
4/20/2020,Rockland,111,9568,407,22672,325789,307,0.03208612040133779
4/21/2020,Rockland,131,9699,478,23150,325789,321,0.03309619548407052
4/22/2020,Rockland,129,9828,584,23734,325789,334,0.033984533984533986
4/23/2020,Rockland,263,10091,1255,24989,325789,349,0.03458527400654048
4/24/2020,Rockland,1000,11091,2606,27595,325789,362,0.03263907672887927
4/25/2020,Rockland,165,11256,677,28272,325789,369,0.032782515991471216
4/26/2020,Rockland,110,11366,565,28837,325789,377,0.03316910082702798
4/27/2020,Rockland,87,11453,537,29374,325789,384,0.03352833318781105
4/28/2020,Rockland,133,11586,528,29902,325789,387,0.033402382185396165
4/29/2020,Rockland,122,11708,691,30593,325789,392,0.033481380252818584
4/30/2020,Rockland,104,11812,823,31416,325789,398,0.03369454791737216
5/1/2020,Rockland,133,11945,779,32195,325789,403,0.03373796567601507
5/2/2020,Rockland,80,12025,598,32793,325789,408,0.03392931392931393
5/3/2020,Rockland,70,12095,476,33269,325789,411,0.03398098387763539
5/4/2020,Rockland,49,12144,437,33706,325789,413,0.03400856389986825
5/5/2020,Rockland,60,12204,401,34107,325789,416,0.034087184529662404
5/6/2020,Rockland,76,12280,852,34959,325789,433,0.03526058631921824
5/7/2020,Rockland,69,12349,740,35699,325789,436,0.03530650255081383
5/8/2020,Rockland,51,12400,669,36368,325789,437,0.035241935483870966
5/9/2020,Rockland,51,12451,582,36950,325789,443,0.03557947152839129
5/10/2020,Rockland,33,12484,564,37514,325789,449,0.035966036526754244
5/11/2020,Rockland,20,12504,368,37882,325789,453,0.03622840690978887
5/12/2020,Rockland,39,12543,637,38519,325789,460,0.0366738419835765
5/13/2020,Rockland,53,12596,1096,39615,325789,462,0.03667831057478565
5/14/2020,Rockland,41,12637,851,40466,325789,465,0.036796708079449236
5/15/2020,Rockland,51,12688,1035,41501,325789,468,0.036885245901639344
5/16/2020,Rockland,70,12758,779,42280,325789,474,0.03715315880232011
5/17/2020,Rockland,19,12777,486,42766,325789,475,0.037176175941144245
5/18/2020,Rockland,21,12798,338,43104,325789,479,0.03742772308173152
5/19/2020,Rockland,33,12831,577,43681,325789,482,0.0375652716078248
5/20/2020,Rockland,46,12877,1091,44772,325789,484,0.03758639434650928
5/21/2020,Rockland,28,12905,790,45562,325789,485,0.037582332429290974
5/22/2020,Rockland,29,12934,814,46376,325789,487,0.03765269831451987
5/23/2020,Rockland,29,12963,735,47111,325789,489,0.03772274936357325
5/24/2020,Rockland,33,12996,634,47745,325789,491,0.03778085564789166
5/25/2020,Rockland,23,13019,652,48397,325789,491,0.037714110146708654
5/26/2020,Rockland,28,13047,554,48951,325789,492,0.03770981834904576
5/27/2020,Rockland,29,13076,1115,50066,325789,492,0.037626185377791374
5/28/2020,Rockland,24,13100,1097,51163,325789,494,0.03770992366412214
5/29/2020,Rockland,28,13128,807,51970,325789,494,0.03762949421084705
5/30/2020,Rockland,23,13151,616,52586,325789,494,0.03756368337008593
5/31/2020,Rockland,34,13185,682,53268,325789,494,0.03746681835419037
6/1/2020,Rockland,38,13223,785,54053,325789,495,0.03743477274446041
6/2/2020,Rockland,36,13259,1088,55141,325789,500,0.03771023455765895
6/3/2020,Rockland,21,13280,969,56110,325789,501,0.03772590361445783
6/4/2020,Rockland,17,13297,1191,57301,325789,501,0.037677671655260585
6/5/2020,Rockland,18,13315,1030,58331,325789,502,0.03770184003004131
6/6/2020,Rockland,10,13325,795,59126,325789,502,0.03767354596622889
6/7/2020,Rockland,15,13340,761,59887,325789,502,0.0376311844077961
6/8/2020,Rockland,13,13353,847,60734,325789,502,0.03759454804163858
6/9/2020,Rockland,19,13372,843,61577,325789,502,0.037541130720909366
6/10/2020,Rockland,13,13385,976,62553,325789,503,0.03757937990287635
6/11/2020,Rockland,11,13396,905,63458,325789,503,0.03754852194684981
6/12/2020,Rockland,15,13411,885,64343,325789,503,0.037506524494817686
6/13/2020,Rockland,12,13423,876,65219,325789,503,0.03747299411457945
6/14/2020,Rockland,18,13441,797,66016,325789,503,0.03742281080276765
6/15/2020,Rockland,19,13460,770,66786,325789,503,0.03736998514115899
6/16/2020,Rockland,7,13467,683,67469,325789,505,0.037499071805153335
6/17/2020,Rockland,7,13474,918,68387,325789,506,0.03755380733264064
6/18/2020,Rockland,12,13486,1081,69468,325789,506,0.037520391517128875
6/19/2020,Rockland,9,13495,804,70272,325789,506,0.037495368655057426
6/20/2020,Rockland,9,13504,628,70900,325789,506,0.03747037914691943
6/21/2020,Rockland,10,13514,603,71503,325789,506,0.037442652064525676
6/22/2020,Rockland,15,13529,575,72078,325789,506,0.03740113829551334
6/23/2020,Rockland,5,13534,498,72576,325789,506,0.0373873208216344
6/24/2020,Rockland,15,13549,686,73262,325789,506,0.03734592958889955
6/25/2020,Rockland,8,13557,881,74143,325789,506,0.03732389171645644
6/26/2020,Rockland,9,13566,951,75094,325789,506,0.037299130178387145
6/27/2020,Rockland,10,13576,795,75889,325789,506,0.03727165586328816
6/28/2020,Rockland,4,13580,627,76516,325789,506,0.03726067746686303
6/29/2020,Rockland,10,13590,728,77244,325789,506,0.03723325974981604
6/30/2020,Rockland,12,13602,999,78243,325789,506,0.037200411704161156
7/1/2020,Rockland,10,13612,980,79223,325789,506,0.03717308257419923
7/2/2020,Rockland,11,13623,1109,80332,325789,506,0.037143066872201425
7/3/2020,Rockland,6,13629,636,80968,325789,506,0.03712671509281679
7/4/2020,Rockland,19,13648,1043,82011,325789,506,0.037075029308323564
7/5/2020,Rockland,8,13656,759,82770,325789,506,0.03705330990041008
7/6/2020,Rockland,12,13668,895,83665,325789,506,0.03702077846063798
7/7/2020,Rockland,11,13679,744,84409,325789,506,0.036991008114628264
7/8/2020,Rockland,4,13683,932,85341,325789,506,0.036980194401812466
7/9/2020,Rockland,8,13691,927,86268,325789,506,0.03695858593236433
7/10/2020,Rockland,9,13700,949,87217,325789,506,0.036934306569343066
7/11/2020,Rockland,16,13716,1039,88256,325789,506,0.03689122193059201
7/12/2020,Rockland,3,13719,555,88811,325789,506,0.036883154748888404
7/13/2020,Rockland,14,13733,1001,89812,325789,506,0.03684555450375009
7/14/2020,Rockland,10,13743,1127,90939,325789,506,0.03681874408789929
7/15/2020,Rockland,20,13763,975,91914,325789,506,0.036765240136598126
7/16/2020,Rockland,12,13775,1034,92948,325789,506,0.03673321234119782
7/17/2020,Rockland,9,13784,1038,93986,325789,506,0.03670922809053975
7/18/2020,Rockland,9,13793,497,94483,325789,506,0.036685275139563545
7/19/2020,Rockland,5,13798,497,94980,325789,506,0.03667198144658646
7/20/2020,Rockland,8,13806,651,95631,325789,506,0.036650731565985806
7/21/2020,Rockland,6,13812,900,96531,325789,506,0.03663481030987547
7/22/2020,Rockland,8,13820,719,97250,325789,506,0.03661360347322721
7/23/2020,Rockland,10,13830,1114,98364,325789,507,0.03665943600867679
7/24/2020,Rockland,7,13837,844,99208,325789,507,0.036640890366408906
7/25/2020,Rockland,2,13839,520,99728,325789,507,0.036635595057446346
7/26/2020,Rockland,2,13841,580,100308,325789,507,0.036630301278809334
7/27/2020,Rockland,4,13845,772,101080,325789,507,0.036619718309859155
7/28/2020,Rockland,7,13852,646,101726,325789,507,0.03660121282125325
7/29/2020,Rockland,8,13860,642,102368,325789,507,0.03658008658008658
7/30/2020,Rockland,4,13864,789,103157,325789,507,0.03656953260242354
7/31/2020,Rockland,16,13880,898,104055,325789,507,0.036527377521613835
8/1/2020,Rockland,2,13882,573,104628,325789,507,0.03652211496902464
8/2/2020,Rockland,3,13885,525,105153,325789,507,0.03651422398271516
8/3/2020,Rockland,8,13893,948,106101,325789,507,0.03649319801338804
8/4/2020,Rockland,10,13903,867,106968,325789,507,0.036466949579227505
8/5/2020,Rockland,15,13918,841,107809,325789,507,0.0364276476505245
8/6/2020,Rockland,7,13925,744,108553,325789,507,0.03640933572710951
8/7/2020,Rockland,11,13936,784,109337,325789,507,0.036380597014925374
8/8/2020,Rockland,6,13942,785,110122,325789,507,0.0363649404676517
8/9/2020,Rockland,7,13949,617,110739,325789,507,0.036346691519105315
8/10/2020,Rockland,5,13954,1150,111889,325789,507,0.03633366776551526
8/11/2020,Rockland,12,13966,1261,113150,325789,507,0.036302448804238864
8/12/2020,Rockland,7,13973,1042,114192,325789,507,0.03628426250626208
8/13/2020,Rockland,8,13981,959,115151,325789,507,0.03626350046491667
8/14/2020,Rockland,16,13997,1160,116311,325789,507,0.03622204758162463
8/15/2020,Rockland,10,14007,852,117163,325789,507,0.036196187620475474
8/16/2020,Rockland,4,14011,638,117801,325789,507,0.03618585397187924
8/17/2020,Rockland,42,14053,911,118712,325789,507,0.036077705827937095
8/18/2020,Rockland,14,14067,1153,119865,325789,507,0.03604179995734698
8/19/2020,Rockland,22,14089,1063,120928,325789,507,0.035985520618922566
8/20/2020,Rockland,17,14106,1229,122157,325789,507,0.035942152275627394
8/21/2020,Rockland,12,14118,1382,123539,325789,508,0.03598243377248902
8/22/2020,Rockland,11,14129,997,124536,325789,508,0.03595441998726025
8/23/2020,Rockland,10,14139,782,125318,325789,508,0.03592899073484688
8/24/2020,Rockland,10,14149,837,126155,325789,508,0.03590359742738003
8/25/2020,Rockland,12,14161,1016,127171,325789,508,0.03587317279853118
8/26/2020,Rockland,22,14183,963,128134,325789,508,0.035817528026510614
8/27/2020,Rockland,14,14197,1165,129299,325789,508,0.03578220750862858
8/28/2020,Rockland,21,14218,1251,130550,325789,508,0.03572935715290477
8/29/2020,Rockland,15,14233,1733,132283,325789,508,0.0356917023817888
8/30/2020,Rockland,22,14255,723,133006,325789,508,0.03563661873027008
8/31/2020,Rockland,16,14271,900,133906,325789,508,0.03559666456450144
9/1/2020,Rockland,34,14305,2290,136196,325789,508,0.03551205872072702
9/2/2020,Rockland,29,14334,1283,137479,325789,508,0.03544021208315892
9/3/2020,Rockland,24,14358,1148,138627,325789,508,0.03538097228026187
9/4/2020,Rockland,24,14382,1299,139926,325789,508,0.035321930190515924
9/5/2020,Rockland,14,14396,950,140876,325789,508,0.03528757988330092
9/6/2020,Rockland,22,14418,607,141483,325789,508,0.035233735608267445
9/7/2020,Rockland,21,14439,505,141988,325789,508,0.03518249186231733
9/8/2020,Rockland,20,14459,1253,143241,325789,508,0.035133826682343175
9/9/2020,Rockland,21,14480,1169,144410,325789,508,0.03508287292817679
9/10/2020,Rockland,30,14510,1434,145844,325789,509,0.03507925568573397
9/11/2020,Rockland,20,14530,1225,147069,325789,509,0.03503097040605643
9/12/2020,Rockland,17,14547,745,147814,325789,509,0.034990032309067165
9/13/2020,Rockland,34,14581,715,148529,325789,509,0.03490844249365613
9/14/2020,Rockland,36,14617,1571,150100,325789,509,0.034822466990490526
9/15/2020,Rockland,43,14660,1135,151235,325789,509,0.03472032742155525
9/16/2020,Rockland,38,14698,1256,152491,325789,509,0.034630561981221934
9/17/2020,Rockland,49,14747,1402,153893,325789,509,0.03451549467688343
9/18/2020,Rockland,54,14801,1453,155346,325789,509,0.034389568272414024
9/19/2020,Rockland,22,14823,946,156292,325789,509,0.034338527963300274
9/20/2020,Rockland,10,14833,654,156946,325789,509,0.03431537787366008
9/21/2020,Rockland,58,14891,1763,158709,325789,509,0.03418172050231683
9/22/2020,Rockland,63,14954,1341,160050,325789,509,0.03403771566136151
9/23/2020,Rockland,44,14998,1308,161358,325789,509,0.03393785838111748
9/24/2020,Rockland,47,15045,1070,162428,325789,509,0.033831837819873714
9/25/2020,Rockland,55,15100,1477,163905,325789,509,0.03370860927152318
9/26/2020,Rockland,67,15167,993,164898,325789,509,0.03355970198457177
9/27/2020,Rockland,110,15277,859,165757,325789,509,0.03331805982850036
9/28/2020,Rockland,65,15342,1811,167568,325789,509,0.03317690001303611
9/29/2020,Rockland,110,15452,1680,169248,325789,509,0.03294071964794201
9/30/2020,Rockland,184,15636,2143,171391,325789,509,0.0325530826298286
10/1/2020,Rockland,213,15849,2790,174181,325789,509,0.03211559088901508
10/2/2020,Rockland,124,15973,2078,176259,325789,509,0.03186627433794528
10/3/2020,Rockland,43,16016,1115,177374,325789,509,0.03178071928071928
10/4/2020,Rockland,55,16071,888,178262,325789,509,0.03167195569659635
10/5/2020,Rockland,119,16190,1633,179895,325789,509,0.03143915997529339
10/6/2020,Rockland,66,16256,1478,181373,325789,509,0.031311515748031496
10/7/2020,Rockland,198,16454,2760,184133,325789,509,0.03093472711802601
10/8/2020,Rockland,145,16599,2577,186710,325789,509,0.030664497861316947
10/9/2020,Rockland,91,16690,2330,189040,325789,509,0.0304973037747154
10/10/2020,Rockland,27,16717,1283,190323,325789,509,0.030448046898366932
10/11/2020,Rockland,43,16760,1046,191369,325789,509,0.030369928400954652
10/12/2020,Rockland,69,16829,3169,194538,325789,509,0.03024540970943015
10/13/2020,Rockland,62,16891,1552,196090,325789,509,0.03013439109584986
10/14/2020,Rockland,81,16972,2254,198344,325789,509,0.02999057270798963
10/15/2020,Rockland,91,17063,2005,200349,325789,509,0.02983062767391432
10/16/2020,Rockland,62,17125,2420,202769,325789,509,0.029722627737226278
10/17/2020,Rockland,46,17171,2138,204907,325789,509,0.02964300273717314
10/18/2020,Rockland,36,17207,1631,206538,325789,509,0.02958098448305922
10/19/2020,Rockland,62,17269,3034,209572,325789,510,0.02953268863281024
10/20/2020,Rockland,184,17453,3576,213148,325789,510,0.029221337305907293
10/21/2020,Rockland,71,17524,4181,217329,325789,510,0.029102944533211595
10/22/2020,Rockland,57,17581,2649,219978,325789,511,0.029065468403390023
10/23/2020,Rockland,54,17635,3304,223282,325789,512,0.02903317266798979
10/24/2020,Rockland,50,17685,1857,225139,325789,512,0.028951088493073224
10/25/2020,Rockland,75,17760,1344,226483,325789,512,0.02882882882882883
10/26/2020,Rockland,72,17832,2631,229114,325789,512,0.028712427097353072
10/27/2020,Rockland,111,17943,3399,232513,325789,512,0.028534804659198575
10/28/2020,Rockland,81,18024,2769,235282,325789,512,0.028406569019085663
10/29/2020,Rockland,86,18110,2878,238160,325789,513,0.028326891220320265
10/30/2020,Rockland,67,18177,2202,240362,325789,513,0.028222478956923584
10/31/2020,Rockland,88,18265,2331,242693,325789,513,0.028086504243087874
11/1/2020,Rockland,88,18353,1588,244281,325789,513,0.02795183348771318
11/2/2020,Rockland,113,18466,3596,247877,325789,514,0.0278349398895267
11/3/2020,Rockland,115,18581,3055,250932,325789,514,0.027662666164361444
11/4/2020,Rockland,102,18683,3091,254023,325789,514,0.027511641599314886
11/5/2020,Rockland,73,18756,3378,257401,325789,514,0.027404563872894007
11/6/2020,Rockland,98,18854,3773,261174,325789,514,0.027262119444149784
11/7/2020,Rockland,56,18910,1464,262638,325789,514,0.027181385510312003
11/8/2020,Rockland,85,18995,2084,264722,325789,514,0.02705975256646486
11/9/2020,Rockland,138,19133,3251,267973,325789,516,0.026969110960121258
11/10/2020,Rockland,144,19277,3903,271876,325789,516,0.026767650568034446
11/11/2020,Rockland,137,19414,4093,275969,325789,516,0.026578757597609973
11/12/2020,Rockland,153,19567,4310,280279,325789,517,0.026422037103286146
11/13/2020,Rockland,156,19723,4635,284914,325789,517,0.026213050752928055
11/14/2020,Rockland,120,19843,3911,288825,325789,518,0.026104923650657662
3/1/2020,Saratoga,0,0,0,0,229863,0,NaN
3/2/2020,Saratoga,0,0,0,0,229863,0,NaN
3/3/2020,Saratoga,0,0,0,0,229863,0,NaN
3/4/2020,Saratoga,0,0,0,0,229863,0,NaN
3/5/2020,Saratoga,0,0,0,0,229863,0,NaN
3/6/2020,Saratoga,0,0,0,0,229863,0,NaN
3/7/2020,Saratoga,0,0,1,1,229863,0,NaN
3/8/2020,Saratoga,0,0,0,1,229863,0,NaN
3/9/2020,Saratoga,2,2,9,10,229863,0,0
3/10/2020,Saratoga,0,2,2,12,229863,0,0
3/11/2020,Saratoga,1,3,31,43,229863,0,0
3/12/2020,Saratoga,0,3,32,75,229863,0,0
3/13/2020,Saratoga,0,3,41,116,229863,0,0
3/14/2020,Saratoga,0,3,45,161,229863,0,0
3/15/2020,Saratoga,2,5,66,227,229863,0,0
3/16/2020,Saratoga,4,9,55,282,229863,0,0
3/17/2020,Saratoga,5,14,76,358,229863,0,0
3/18/2020,Saratoga,4,18,156,514,229863,0,0
3/19/2020,Saratoga,6,24,102,616,229863,0,0
3/20/2020,Saratoga,11,35,279,895,229863,0,0
3/21/2020,Saratoga,6,41,143,1038,229863,0,0
3/22/2020,Saratoga,12,53,164,1202,229863,0,0
3/23/2020,Saratoga,7,60,76,1278,229863,0,0
3/24/2020,Saratoga,4,64,69,1347,229863,0,0
3/25/2020,Saratoga,9,73,55,1402,229863,0,0
3/26/2020,Saratoga,9,82,69,1471,229863,0,0
3/27/2020,Saratoga,14,96,82,1553,229863,0,0
3/28/2020,Saratoga,6,102,51,1604,229863,0,0
3/29/2020,Saratoga,3,105,15,1619,229863,0,0
3/30/2020,Saratoga,3,108,23,1642,229863,0,0
3/31/2020,Saratoga,14,122,78,1720,229863,0,0
4/1/2020,Saratoga,10,132,69,1789,229863,0,0
4/2/2020,Saratoga,9,141,53,1842,229863,0,0
4/3/2020,Saratoga,0,141,57,1899,229863,0,0
4/4/2020,Saratoga,7,148,110,2009,229863,0,0
4/5/2020,Saratoga,5,153,34,2043,229863,0,0
4/6/2020,Saratoga,2,155,40,2083,229863,0,0
4/7/2020,Saratoga,7,162,73,2156,229863,1,0.006172839506172839
4/8/2020,Saratoga,10,172,113,2269,229863,1,0.005813953488372093
4/9/2020,Saratoga,10,182,154,2423,229863,1,0.005494505494505495
4/10/2020,Saratoga,5,187,68,2491,229863,5,0.026737967914438502
4/11/2020,Saratoga,9,196,88,2579,229863,5,0.025510204081632654
4/12/2020,Saratoga,5,201,61,2640,229863,5,0.024875621890547265
4/13/2020,Saratoga,23,224,193,2833,229863,6,0.026785714285714284
4/14/2020,Saratoga,3,227,71,2904,229863,6,0.02643171806167401
4/15/2020,Saratoga,4,231,92,2996,229863,6,0.025974025974025976
4/16/2020,Saratoga,5,236,77,3073,229863,6,0.025423728813559324
4/17/2020,Saratoga,8,244,98,3171,229863,6,0.02459016393442623
4/18/2020,Saratoga,7,251,105,3276,229863,6,0.02390438247011952
4/19/2020,Saratoga,3,254,32,3308,229863,9,0.03543307086614173
4/20/2020,Saratoga,3,257,42,3350,229863,10,0.038910505836575876
4/21/2020,Saratoga,7,264,101,3451,229863,10,0.03787878787878788
4/22/2020,Saratoga,1,265,52,3503,229863,10,0.03773584905660377
4/23/2020,Saratoga,13,278,127,3630,229863,10,0.03597122302158273
4/24/2020,Saratoga,42,320,642,4272,229863,10,0.03125
4/25/2020,Saratoga,10,330,217,4489,229863,11,0.03333333333333333
4/26/2020,Saratoga,6,336,114,4603,229863,11,0.03273809523809524
4/27/2020,Saratoga,7,343,116,4719,229863,11,0.03206997084548105
4/28/2020,Saratoga,3,346,125,4844,229863,11,0.031791907514450865
4/29/2020,Saratoga,8,354,195,5039,229863,11,0.031073446327683617
4/30/2020,Saratoga,4,358,171,5210,229863,13,0.036312849162011177
5/1/2020,Saratoga,3,361,173,5383,229863,13,0.036011080332409975
5/2/2020,Saratoga,2,363,203,5586,229863,13,0.03581267217630854
5/3/2020,Saratoga,4,367,103,5689,229863,13,0.035422343324250684
5/4/2020,Saratoga,1,368,115,5804,229863,13,0.035326086956521736
5/5/2020,Saratoga,3,371,173,5977,229863,13,0.03504043126684636
5/6/2020,Saratoga,3,374,157,6134,229863,13,0.034759358288770054
5/7/2020,Saratoga,14,388,174,6308,229863,13,0.03350515463917526
5/8/2020,Saratoga,11,399,179,6487,229863,13,0.03258145363408521
5/9/2020,Saratoga,3,402,183,6670,229863,13,0.03233830845771144
5/10/2020,Saratoga,1,403,170,6840,229863,13,0.03225806451612903
5/11/2020,Saratoga,4,407,154,6994,229863,13,0.03194103194103194
5/12/2020,Saratoga,3,410,196,7190,229863,13,0.03170731707317073
5/13/2020,Saratoga,5,415,280,7470,229863,13,0.03132530120481928
5/14/2020,Saratoga,6,421,266,7736,229863,13,0.030878859857482184
5/15/2020,Saratoga,2,423,358,8094,229863,13,0.030732860520094562
5/16/2020,Saratoga,5,428,560,8654,229863,13,0.030373831775700934
5/17/2020,Saratoga,6,434,242,8896,229863,13,0.029953917050691243
5/18/2020,Saratoga,2,436,139,9035,229863,14,0.03211009174311927
5/19/2020,Saratoga,2,438,267,9302,229863,14,0.0319634703196347
5/20/2020,Saratoga,2,440,458,9760,229863,14,0.031818181818181815
5/21/2020,Saratoga,8,448,351,10111,229863,14,0.03125
5/22/2020,Saratoga,4,452,254,10365,229863,14,0.030973451327433628
5/23/2020,Saratoga,4,456,316,10681,229863,14,0.03070175438596491
5/24/2020,Saratoga,5,461,185,10866,229863,14,0.03036876355748373
5/25/2020,Saratoga,2,463,312,11178,229863,14,0.03023758099352052
5/26/2020,Saratoga,2,465,285,11463,229863,14,0.030107526881720432
5/27/2020,Saratoga,3,468,292,11755,229863,14,0.029914529914529916
5/28/2020,Saratoga,5,473,511,12266,229863,14,0.02959830866807611
5/29/2020,Saratoga,4,477,518,12784,229863,14,0.029350104821802937
5/30/2020,Saratoga,3,480,399,13183,229863,14,0.029166666666666667
5/31/2020,Saratoga,3,483,487,13670,229863,14,0.028985507246376812
6/1/2020,Saratoga,1,484,317,13987,229863,14,0.028925619834710745
6/2/2020,Saratoga,5,489,609,14596,229863,14,0.028629856850715747
6/3/2020,Saratoga,4,493,741,15337,229863,14,0.028397565922920892
6/4/2020,Saratoga,3,496,574,15911,229863,14,0.028225806451612902
6/5/2020,Saratoga,5,501,610,16521,229863,14,0.027944111776447105
6/6/2020,Saratoga,1,502,520,17041,229863,14,0.027888446215139442
6/7/2020,Saratoga,2,504,654,17695,229863,15,0.02976190476190476
6/8/2020,Saratoga,7,511,396,18091,229863,15,0.029354207436399216
6/9/2020,Saratoga,0,511,495,18586,229863,15,0.029354207436399216
6/10/2020,Saratoga,2,513,577,19163,229863,15,0.029239766081871343
6/11/2020,Saratoga,1,514,693,19856,229863,15,0.029182879377431907
6/12/2020,Saratoga,0,514,357,20213,229863,15,0.029182879377431907
6/13/2020,Saratoga,1,515,437,20650,229863,15,0.02912621359223301
6/14/2020,Saratoga,2,517,568,21218,229863,15,0.029013539651837523
6/15/2020,Saratoga,5,522,425,21643,229863,15,0.028735632183908046
6/16/2020,Saratoga,1,523,435,22078,229863,15,0.028680688336520075
6/17/2020,Saratoga,3,526,488,22566,229863,15,0.028517110266159697
6/18/2020,Saratoga,2,528,546,23112,229863,15,0.028409090909090908
6/19/2020,Saratoga,3,531,561,23673,229863,15,0.02824858757062147
6/20/2020,Saratoga,2,533,492,24165,229863,15,0.028142589118198873
6/21/2020,Saratoga,2,535,543,24708,229863,15,0.028037383177570093
6/22/2020,Saratoga,3,538,273,24981,229863,15,0.027881040892193308
6/23/2020,Saratoga,0,538,470,25451,229863,15,0.027881040892193308
6/24/2020,Saratoga,2,540,389,25840,229863,15,0.027777777777777776
6/25/2020,Saratoga,0,540,564,26404,229863,15,0.027777777777777776
6/26/2020,Saratoga,6,546,589,26993,229863,15,0.027472527472527472
6/27/2020,Saratoga,2,548,517,27510,229863,15,0.02737226277372263
6/28/2020,Saratoga,1,549,531,28041,229863,15,0.0273224043715847
6/29/2020,Saratoga,0,549,283,28324,229863,15,0.0273224043715847
6/30/2020,Saratoga,1,550,246,28570,229863,15,0.02727272727272727
7/1/2020,Saratoga,5,555,444,29014,229863,15,0.02702702702702703
7/2/2020,Saratoga,6,561,512,29526,229863,15,0.026737967914438502
7/3/2020,Saratoga,1,562,518,30044,229863,15,0.026690391459074734
7/4/2020,Saratoga,4,566,516,30560,229863,15,0.026501766784452298
7/5/2020,Saratoga,6,572,431,30991,229863,15,0.026223776223776224
7/6/2020,Saratoga,6,578,267,31258,229863,15,0.025951557093425604
7/7/2020,Saratoga,4,582,539,31797,229863,15,0.02577319587628866
7/8/2020,Saratoga,3,585,555,32352,229863,15,0.02564102564102564
7/9/2020,Saratoga,2,587,419,32771,229863,15,0.02555366269165247
7/10/2020,Saratoga,8,595,524,33295,229863,15,0.025210084033613446
7/11/2020,Saratoga,7,602,506,33801,229863,15,0.024916943521594685
7/12/2020,Saratoga,8,610,480,34281,229863,15,0.02459016393442623
7/13/2020,Saratoga,6,616,577,34858,229863,15,0.024350649350649352
7/14/2020,Saratoga,7,623,531,35389,229863,15,0.024077046548956663
7/15/2020,Saratoga,1,624,483,35872,229863,15,0.02403846153846154
7/16/2020,Saratoga,6,630,494,36366,229863,15,0.023809523809523808
7/17/2020,Saratoga,5,635,893,37259,229863,15,0.023622047244094488
7/18/2020,Saratoga,2,637,479,37738,229863,15,0.023547880690737835
7/19/2020,Saratoga,2,639,412,38150,229863,15,0.023474178403755867
7/20/2020,Saratoga,7,646,782,38932,229863,15,0.02321981424148607
7/21/2020,Saratoga,4,650,556,39488,229863,15,0.023076923076923078
7/22/2020,Saratoga,13,663,890,40378,229863,15,0.02262443438914027
7/23/2020,Saratoga,2,665,546,40924,229863,15,0.022556390977443608
7/24/2020,Saratoga,14,679,889,41813,229863,15,0.022091310751104567
7/25/2020,Saratoga,6,685,795,42608,229863,15,0.021897810218978103
7/26/2020,Saratoga,3,688,521,43129,229863,15,0.02180232558139535
7/27/2020,Saratoga,3,691,639,43768,229863,15,0.02170767004341534
7/28/2020,Saratoga,10,701,462,44230,229863,15,0.021398002853067047
7/29/2020,Saratoga,8,709,537,44767,229863,15,0.021156558533145273
7/30/2020,Saratoga,6,715,540,45307,229863,15,0.02097902097902098
7/31/2020,Saratoga,11,726,1028,46335,229863,15,0.02066115702479339
8/1/2020,Saratoga,6,732,603,46938,229863,15,0.020491803278688523
8/2/2020,Saratoga,1,733,426,47364,229863,15,0.020463847203274217
8/3/2020,Saratoga,6,739,841,48205,229863,15,0.02029769959404601
8/4/2020,Saratoga,5,744,681,48886,229863,15,0.020161290322580645
8/5/2020,Saratoga,3,747,576,49462,229863,15,0.020080321285140562
8/6/2020,Saratoga,5,752,826,50288,229863,15,0.0199468085106383
8/7/2020,Saratoga,3,755,506,50794,229863,15,0.019867549668874173
8/8/2020,Saratoga,2,757,685,51479,229863,15,0.019815059445178335
8/9/2020,Saratoga,3,760,451,51930,229863,15,0.019736842105263157
8/10/2020,Saratoga,7,767,749,52679,229863,15,0.01955671447196871
8/11/2020,Saratoga,1,768,601,53280,229863,15,0.01953125
8/12/2020,Saratoga,6,774,831,54111,229863,15,0.01937984496124031
8/13/2020,Saratoga,8,782,728,54839,229863,15,0.01918158567774936
8/14/2020,Saratoga,1,783,789,55628,229863,15,0.019157088122605363
8/15/2020,Saratoga,9,792,720,56348,229863,15,0.01893939393939394
8/16/2020,Saratoga,3,795,498,56846,229863,15,0.018867924528301886
8/17/2020,Saratoga,5,800,934,57780,229863,15,0.01875
8/18/2020,Saratoga,0,800,1088,58868,229863,15,0.01875
8/19/2020,Saratoga,2,802,1221,60089,229863,15,0.018703241895261846
8/20/2020,Saratoga,6,808,1254,61343,229863,15,0.018564356435643563
8/21/2020,Saratoga,5,813,1228,62571,229863,15,0.01845018450184502
8/22/2020,Saratoga,2,815,981,63552,229863,15,0.018404907975460124
8/23/2020,Saratoga,1,816,438,63990,229863,15,0.01838235294117647
8/24/2020,Saratoga,8,824,679,64669,229863,15,0.01820388349514563
8/25/2020,Saratoga,0,824,1137,65806,229863,15,0.01820388349514563
8/26/2020,Saratoga,5,829,1175,66981,229863,15,0.018094089264173704
8/27/2020,Saratoga,3,832,661,67642,229863,15,0.018028846153846152
8/28/2020,Saratoga,0,832,1292,68934,229863,15,0.018028846153846152
8/29/2020,Saratoga,10,842,1102,70036,229863,15,0.017814726840855107
8/30/2020,Saratoga,2,844,800,70836,229863,15,0.017772511848341232
8/31/2020,Saratoga,2,846,379,71215,229863,15,0.01773049645390071
9/1/2020,Saratoga,6,852,1239,72454,229863,15,0.017605633802816902
9/2/2020,Saratoga,11,863,1102,73556,229863,15,0.01738122827346466
9/3/2020,Saratoga,5,868,1151,74707,229863,15,0.01728110599078341
9/4/2020,Saratoga,9,877,1075,75782,229863,15,0.01710376282782212
9/5/2020,Saratoga,12,889,1108,76890,229863,15,0.01687289088863892
9/6/2020,Saratoga,4,893,420,77310,229863,15,0.0167973124300112
9/7/2020,Saratoga,7,900,470,77780,229863,15,0.016666666666666666
9/8/2020,Saratoga,11,911,910,78690,229863,15,0.01646542261251372
9/9/2020,Saratoga,7,918,376,79066,229863,15,0.016339869281045753
9/10/2020,Saratoga,25,943,1731,80797,229863,15,0.015906680805938492
9/11/2020,Saratoga,12,955,1702,82499,229863,15,0.015706806282722512
9/12/2020,Saratoga,6,961,958,83457,229863,15,0.015608740894901144
9/13/2020,Saratoga,3,964,642,84099,229863,15,0.015560165975103735
9/14/2020,Saratoga,1,965,471,84570,229863,15,0.015544041450777202
9/15/2020,Saratoga,5,970,1298,85868,229863,15,0.015463917525773196
9/16/2020,Saratoga,6,976,1190,87058,229863,15,0.015368852459016393
9/17/2020,Saratoga,9,985,1305,88363,229863,15,0.015228426395939087
9/18/2020,Saratoga,5,990,1188,89551,229863,15,0.015151515151515152
9/19/2020,Saratoga,8,998,1375,90926,229863,15,0.01503006012024048
9/20/2020,Saratoga,6,1004,511,91437,229863,15,0.014940239043824702
9/21/2020,Saratoga,2,1006,728,92165,229863,15,0.014910536779324055
9/22/2020,Saratoga,8,1014,690,92855,229863,15,0.014792899408284023
9/23/2020,Saratoga,3,1017,1849,94704,229863,15,0.014749262536873156
9/24/2020,Saratoga,14,1031,1044,95748,229863,15,0.014548981571290009
9/25/2020,Saratoga,5,1036,1322,97070,229863,15,0.01447876447876448
9/26/2020,Saratoga,8,1044,1862,98932,229863,15,0.014367816091954023
9/27/2020,Saratoga,8,1052,650,99582,229863,15,0.014258555133079848
9/28/2020,Saratoga,8,1060,643,100225,229863,15,0.014150943396226415
9/29/2020,Saratoga,6,1066,1286,101511,229863,15,0.014071294559099437
9/30/2020,Saratoga,7,1073,1305,102816,229863,15,0.013979496738117428
10/1/2020,Saratoga,10,1083,1421,104237,229863,15,0.013850415512465374
10/2/2020,Saratoga,7,1090,1172,105409,229863,15,0.013761467889908258
10/3/2020,Saratoga,5,1095,1666,107075,229863,15,0.0136986301369863
10/4/2020,Saratoga,5,1100,1001,108076,229863,15,0.013636363636363636
10/5/2020,Saratoga,3,1103,1206,109282,229863,15,0.013599274705349048
10/6/2020,Saratoga,8,1111,1036,110318,229863,15,0.013501350135013501
10/7/2020,Saratoga,11,1122,1426,111744,229863,15,0.013368983957219251
10/8/2020,Saratoga,17,1139,1587,113331,229863,15,0.013169446883230905
10/9/2020,Saratoga,2,1141,1133,114464,229863,15,0.013146362839614373
10/10/2020,Saratoga,8,1149,1012,115476,229863,15,0.013054830287206266
10/11/2020,Saratoga,9,1158,1961,117437,229863,15,0.012953367875647668
10/12/2020,Saratoga,10,1168,1397,118834,229863,15,0.012842465753424657
10/13/2020,Saratoga,6,1174,745,119579,229863,15,0.012776831345826235
10/14/2020,Saratoga,8,1182,1150,120729,229863,15,0.012690355329949238
10/15/2020,Saratoga,8,1190,991,121720,229863,15,0.012605042016806723
10/16/2020,Saratoga,12,1202,1463,123183,229863,15,0.012479201331114808
10/17/2020,Saratoga,5,1207,1762,124945,229863,15,0.012427506213753107
10/18/2020,Saratoga,6,1213,1148,126093,229863,15,0.01236603462489695
10/19/2020,Saratoga,6,1219,1462,127555,229863,15,0.012305168170631665
10/20/2020,Saratoga,10,1229,1103,128658,229863,15,0.012205044751830757
10/21/2020,Saratoga,15,1244,1060,129718,229863,15,0.012057877813504822
10/22/2020,Saratoga,21,1265,1125,130843,229863,15,0.011857707509881422
10/23/2020,Saratoga,30,1295,1240,132083,229863,15,0.011583011583011582
10/24/2020,Saratoga,13,1308,1772,133855,229863,15,0.011467889908256881
10/25/2020,Saratoga,11,1319,1278,135133,229863,15,0.011372251705837756
10/26/2020,Saratoga,15,1334,1577,136710,229863,17,0.012743628185907047
10/27/2020,Saratoga,11,1345,1168,137878,229863,17,0.012639405204460967
10/28/2020,Saratoga,20,1365,1314,139192,229863,17,0.012454212454212455
10/29/2020,Saratoga,18,1383,1073,140265,229863,17,0.012292118582791034
10/30/2020,Saratoga,22,1405,1349,141614,229863,17,0.012099644128113879
10/31/2020,Saratoga,18,1423,2115,143729,229863,17,0.011946591707659873
11/1/2020,Saratoga,15,1438,1029,144758,229863,17,0.011821974965229486
11/2/2020,Saratoga,10,1448,1765,146523,229863,17,0.011740331491712707
11/3/2020,Saratoga,10,1458,1375,147898,229863,17,0.011659807956104253
11/4/2020,Saratoga,24,1482,1362,149260,229863,17,0.011470985155195682
11/5/2020,Saratoga,21,1503,1255,150515,229863,17,0.011310711909514305
11/6/2020,Saratoga,17,1520,976,151491,229863,17,0.01118421052631579
11/7/2020,Saratoga,21,1541,2204,153695,229863,17,0.011031797534068787
11/8/2020,Saratoga,12,1553,1032,154727,229863,17,0.010946555054732776
11/9/2020,Saratoga,14,1567,1463,156190,229863,17,0.010848755583918315
11/10/2020,Saratoga,16,1583,1390,157580,229863,17,0.010739102969046115
11/11/2020,Saratoga,28,1611,1495,159075,229863,17,0.010552451893234015
11/12/2020,Saratoga,31,1642,1258,160333,229863,17,0.010353227771010963
11/13/2020,Saratoga,24,1666,1065,161398,229863,17,0.01020408163265306
11/14/2020,Saratoga,14,1680,729,162127,229863,17,0.01011904761904762
3/1/2020,Schenectady,0,0,0,0,155299,0,NaN
3/2/2020,Schenectady,0,0,0,0,155299,0,NaN
3/3/2020,Schenectady,0,0,0,0,155299,0,NaN
3/4/2020,Schenectady,0,0,0,0,155299,0,NaN
3/5/2020,Schenectady,0,0,0,0,155299,0,NaN
3/6/2020,Schenectady,0,0,0,0,155299,0,NaN
3/7/2020,Schenectady,0,0,0,0,155299,0,NaN
3/8/2020,Schenectady,0,0,1,1,155299,0,NaN
3/9/2020,Schenectady,0,0,2,3,155299,0,NaN
3/10/2020,Schenectady,0,0,0,3,155299,0,NaN
3/11/2020,Schenectady,0,0,12,15,155299,0,NaN
3/12/2020,Schenectady,0,0,5,20,155299,0,NaN
3/13/2020,Schenectady,1,1,20,40,155299,0,0
3/14/2020,Schenectady,1,2,54,94,155299,0,0
3/15/2020,Schenectady,2,4,42,136,155299,0,0
3/16/2020,Schenectady,1,5,27,163,155299,0,0
3/17/2020,Schenectady,9,14,98,261,155299,0,0
3/18/2020,Schenectady,4,18,131,392,155299,0,0
3/19/2020,Schenectady,3,21,115,507,155299,0,0
3/20/2020,Schenectady,11,32,157,664,155299,0,0
3/21/2020,Schenectady,7,39,123,787,155299,0,0
3/22/2020,Schenectady,5,44,62,849,155299,0,0
3/23/2020,Schenectady,2,46,50,899,155299,0,0
3/24/2020,Schenectady,9,55,53,952,155299,0,0
3/25/2020,Schenectady,7,62,32,984,155299,0,0
3/26/2020,Schenectady,4,66,41,1025,155299,1,0.015151515151515152
3/27/2020,Schenectady,6,72,43,1068,155299,1,0.013888888888888888
3/28/2020,Schenectady,4,76,28,1096,155299,1,0.013157894736842105
3/29/2020,Schenectady,4,80,12,1108,155299,1,0.0125
3/30/2020,Schenectady,5,85,33,1141,155299,1,0.011764705882352941
3/31/2020,Schenectady,8,93,22,1163,155299,1,0.010752688172043012
4/1/2020,Schenectady,8,101,31,1194,155299,1,0.009900990099009901
4/2/2020,Schenectady,9,110,42,1236,155299,5,0.045454545454545456
4/3/2020,Schenectady,7,117,38,1274,155299,5,0.042735042735042736
4/4/2020,Schenectady,11,128,64,1338,155299,6,0.046875
4/5/2020,Schenectady,10,138,64,1402,155299,6,0.043478260869565216
4/6/2020,Schenectady,7,145,35,1437,155299,7,0.04827586206896552
4/7/2020,Schenectady,4,149,23,1460,155299,8,0.053691275167785234
4/8/2020,Schenectady,18,167,104,1564,155299,8,0.04790419161676647
4/9/2020,Schenectady,24,191,183,1747,155299,9,0.04712041884816754
4/10/2020,Schenectady,3,194,24,1771,155299,9,0.04639175257731959
4/11/2020,Schenectady,5,199,27,1798,155299,10,0.05025125628140704
4/12/2020,Schenectady,5,204,27,1825,155299,10,0.049019607843137254
4/13/2020,Schenectady,31,235,232,2057,155299,12,0.05106382978723404
4/14/2020,Schenectady,2,237,18,2075,155299,12,0.05063291139240506
4/15/2020,Schenectady,8,245,45,2120,155299,12,0.04897959183673469
4/16/2020,Schenectady,5,250,35,2155,155299,12,0.048
4/17/2020,Schenectady,9,259,38,2193,155299,12,0.04633204633204633
4/18/2020,Schenectady,9,268,36,2229,155299,12,0.04477611940298507
4/19/2020,Schenectady,1,269,23,2252,155299,13,0.048327137546468404
4/20/2020,Schenectady,4,273,23,2275,155299,13,0.047619047619047616
4/21/2020,Schenectady,7,280,24,2299,155299,13,0.04642857142857143
4/22/2020,Schenectady,8,288,47,2346,155299,14,0.04861111111111111
4/23/2020,Schenectady,9,297,33,2379,155299,16,0.05387205387205387
4/24/2020,Schenectady,134,431,964,3343,155299,18,0.04176334106728538
4/25/2020,Schenectady,18,449,186,3529,155299,18,0.0400890868596882
4/26/2020,Schenectady,8,457,96,3625,155299,19,0.04157549234135667
4/27/2020,Schenectady,12,469,119,3744,155299,19,0.04051172707889126
4/28/2020,Schenectady,10,479,184,3928,155299,22,0.04592901878914405
4/29/2020,Schenectady,22,501,246,4174,155299,22,0.043912175648702596
4/30/2020,Schenectady,13,514,195,4369,155299,22,0.042801556420233464
5/1/2020,Schenectady,7,521,194,4563,155299,22,0.04222648752399232
5/2/2020,Schenectady,6,527,146,4709,155299,22,0.04174573055028463
5/3/2020,Schenectady,8,535,126,4835,155299,22,0.041121495327102804
5/4/2020,Schenectady,2,537,98,4933,155299,22,0.040968342644320296
5/5/2020,Schenectady,14,551,178,5111,155299,23,0.041742286751361164
5/6/2020,Schenectady,0,551,194,5305,155299,23,0.041742286751361164
5/7/2020,Schenectady,7,558,144,5449,155299,23,0.04121863799283154
5/8/2020,Schenectady,13,571,204,5653,155299,23,0.040280210157618214
5/9/2020,Schenectady,0,571,199,5852,155299,23,0.040280210157618214
5/10/2020,Schenectady,4,575,113,5965,155299,23,0.04
5/11/2020,Schenectady,6,581,102,6067,155299,23,0.039586919104991396
5/12/2020,Schenectady,6,587,164,6231,155299,24,0.04088586030664395
5/13/2020,Schenectady,10,597,276,6507,155299,24,0.04020100502512563
5/14/2020,Schenectady,6,603,170,6677,155299,25,0.04145936981757877
5/15/2020,Schenectady,10,613,272,6949,155299,25,0.040783034257748776
5/16/2020,Schenectady,7,620,175,7124,155299,25,0.04032258064516129
5/17/2020,Schenectady,9,629,233,7357,155299,25,0.0397456279809221
5/18/2020,Schenectady,2,631,83,7440,155299,25,0.039619651347068144
5/19/2020,Schenectady,2,633,392,7832,155299,25,0.03949447077409163
5/20/2020,Schenectady,5,638,378,8210,155299,26,0.04075235109717868
5/21/2020,Schenectady,7,645,667,8877,155299,26,0.040310077519379844
5/22/2020,Schenectady,3,648,248,9125,155299,26,0.040123456790123455
5/23/2020,Schenectady,10,658,641,9766,155299,26,0.03951367781155015
5/24/2020,Schenectady,6,664,340,10106,155299,26,0.0391566265060241
5/25/2020,Schenectady,4,668,143,10249,155299,27,0.040419161676646706
5/26/2020,Schenectady,5,673,243,10492,155299,27,0.04011887072808321
5/27/2020,Schenectady,3,676,485,10977,155299,27,0.03994082840236687
5/28/2020,Schenectady,4,680,792,11769,155299,27,0.039705882352941174
5/29/2020,Schenectady,6,686,477,12246,155299,28,0.04081632653061224
5/30/2020,Schenectady,3,689,324,12570,155299,28,0.040638606676342524
5/31/2020,Schenectady,4,693,482,13052,155299,28,0.04040404040404041
6/1/2020,Schenectady,3,696,481,13533,155299,29,0.041666666666666664
6/2/2020,Schenectady,5,701,406,13939,155299,30,0.042796005706134094
6/3/2020,Schenectady,0,701,565,14504,155299,30,0.042796005706134094
6/4/2020,Schenectady,5,706,802,15306,155299,30,0.042492917847025496
6/5/2020,Schenectady,4,710,497,15803,155299,30,0.04225352112676056
6/6/2020,Schenectady,1,711,579,16382,155299,30,0.04219409282700422
6/7/2020,Schenectady,1,712,533,16915,155299,31,0.04353932584269663
6/8/2020,Schenectady,3,715,402,17317,155299,31,0.043356643356643354
6/9/2020,Schenectady,1,716,211,17528,155299,31,0.04329608938547486
6/10/2020,Schenectady,1,717,550,18078,155299,31,0.043235704323570434
6/11/2020,Schenectady,4,721,990,19068,155299,32,0.044382801664355064
6/12/2020,Schenectady,2,723,372,19440,155299,32,0.04426002766251729
6/13/2020,Schenectady,2,725,421,19861,155299,32,0.044137931034482755
6/14/2020,Schenectady,7,732,329,20190,155299,32,0.04371584699453552
6/15/2020,Schenectady,3,735,495,20685,155299,32,0.04353741496598639
6/16/2020,Schenectady,2,737,350,21035,155299,32,0.04341926729986431
6/17/2020,Schenectady,1,738,540,21575,155299,32,0.04336043360433604
6/18/2020,Schenectady,8,746,763,22338,155299,32,0.04289544235924933
6/19/2020,Schenectady,3,749,478,22816,155299,32,0.042723631508678236
6/20/2020,Schenectady,5,754,549,23365,155299,32,0.042440318302387266
6/21/2020,Schenectady,7,761,594,23959,155299,32,0.04204993429697766
6/22/2020,Schenectady,9,770,347,24306,155299,33,0.04285714285714286
6/23/2020,Schenectady,2,772,391,24697,155299,33,0.042746113989637305
6/24/2020,Schenectady,6,778,812,25509,155299,33,0.042416452442159386
6/25/2020,Schenectady,3,781,403,25912,155299,35,0.04481434058898848
6/26/2020,Schenectady,5,786,454,26366,155299,35,0.044529262086514
6/27/2020,Schenectady,6,792,385,26751,155299,35,0.04419191919191919
6/28/2020,Schenectady,7,799,393,27144,155299,35,0.04380475594493116
6/29/2020,Schenectady,1,800,295,27439,155299,35,0.04375
6/30/2020,Schenectady,5,805,247,27686,155299,35,0.043478260869565216
7/1/2020,Schenectady,11,816,690,28376,155299,35,0.0428921568627451
7/2/2020,Schenectady,8,824,395,28771,155299,35,0.04247572815533981
7/3/2020,Schenectady,7,831,418,29189,155299,35,0.0421179302045728
7/4/2020,Schenectady,3,834,559,29748,155299,35,0.04196642685851319
7/5/2020,Schenectady,4,838,471,30219,155299,35,0.041766109785202864
7/6/2020,Schenectady,5,843,340,30559,155299,36,0.042704626334519574
7/7/2020,Schenectady,1,844,297,30856,155299,36,0.04265402843601896
7/8/2020,Schenectady,4,848,413,31269,155299,36,0.04245283018867924
7/9/2020,Schenectady,4,852,436,31705,155299,36,0.04225352112676056
7/10/2020,Schenectady,4,856,447,32152,155299,36,0.04205607476635514
7/11/2020,Schenectady,8,864,385,32537,155299,36,0.041666666666666664
7/12/2020,Schenectady,4,868,488,33025,155299,36,0.041474654377880185
7/13/2020,Schenectady,15,883,495,33520,155299,36,0.04077010192525481
7/14/2020,Schenectady,8,891,476,33996,155299,36,0.04040404040404041
7/15/2020,Schenectady,5,896,445,34441,155299,36,0.04017857142857143
7/16/2020,Schenectady,6,902,489,34930,155299,36,0.03991130820399113
7/17/2020,Schenectady,8,910,639,35569,155299,36,0.03956043956043956
7/18/2020,Schenectady,5,915,203,35772,155299,36,0.03934426229508197
7/19/2020,Schenectady,0,915,249,36021,155299,36,0.03934426229508197
7/20/2020,Schenectady,11,926,661,36682,155299,36,0.038876889848812095
7/21/2020,Schenectady,10,936,497,37179,155299,36,0.038461538461538464
7/22/2020,Schenectady,10,946,476,37655,155299,36,0.03805496828752643
7/23/2020,Schenectady,9,955,441,38096,155299,36,0.03769633507853403
7/24/2020,Schenectady,20,975,590,38686,155299,38,0.038974358974358976
7/25/2020,Schenectady,12,987,466,39152,155299,38,0.03850050658561297
7/26/2020,Schenectady,3,990,260,39412,155299,38,0.03838383838383838
7/27/2020,Schenectady,8,998,543,39955,155299,38,0.03807615230460922
7/28/2020,Schenectady,12,1010,450,40405,155299,38,0.03762376237623762
7/29/2020,Schenectady,8,1018,512,40917,155299,38,0.03732809430255403
7/30/2020,Schenectady,5,1023,563,41480,155299,38,0.03714565004887586
7/31/2020,Schenectady,9,1032,666,42146,155299,39,0.0377906976744186
8/1/2020,Schenectady,3,1035,332,42478,155299,39,0.03768115942028986
8/2/2020,Schenectady,2,1037,298,42776,155299,39,0.037608486017357765
8/3/2020,Schenectady,4,1041,482,43258,155299,39,0.037463976945244955
8/4/2020,Schenectady,4,1045,518,43776,155299,39,0.03732057416267943
8/5/2020,Schenectady,5,1050,719,44495,155299,39,0.037142857142857144
8/6/2020,Schenectady,5,1055,662,45157,155299,39,0.03696682464454976
8/7/2020,Schenectady,3,1058,352,45509,155299,39,0.036862003780718335
8/8/2020,Schenectady,0,1058,399,45908,155299,39,0.036862003780718335
8/9/2020,Schenectady,2,1060,274,46182,155299,39,0.03679245283018868
8/10/2020,Schenectady,15,1075,523,46705,155299,39,0.03627906976744186
8/11/2020,Schenectady,4,1079,448,47153,155299,39,0.03614457831325301
8/12/2020,Schenectady,5,1084,749,47902,155299,39,0.035977859778597784
8/13/2020,Schenectady,8,1092,558,48460,155299,39,0.03571428571428571
8/14/2020,Schenectady,9,1101,647,49107,155299,40,0.03633060853769301
8/15/2020,Schenectady,18,1119,536,49643,155299,41,0.03663985701519214
8/16/2020,Schenectady,2,1121,324,49967,155299,41,0.036574487065120426
8/17/2020,Schenectady,9,1130,515,50482,155299,41,0.036283185840707964
8/18/2020,Schenectady,3,1133,386,50868,155299,41,0.03618711385701677
8/19/2020,Schenectady,10,1143,885,51753,155299,41,0.03587051618547681
8/20/2020,Schenectady,16,1159,825,52578,155299,41,0.03537532355478861
8/21/2020,Schenectady,13,1172,905,53483,155299,41,0.03498293515358362
8/22/2020,Schenectady,7,1179,567,54050,155299,41,0.03477523324851569
8/23/2020,Schenectady,3,1182,148,54198,155299,41,0.03468697123519458
8/24/2020,Schenectady,24,1206,542,54740,155299,41,0.03399668325041459
8/25/2020,Schenectady,5,1211,536,55276,155299,41,0.033856317093311314
8/26/2020,Schenectady,20,1231,813,56089,155299,41,0.03330625507717303
8/27/2020,Schenectady,2,1233,626,56715,155299,41,0.0332522303325223
8/28/2020,Schenectady,22,1255,949,57664,155299,42,0.03346613545816733
8/29/2020,Schenectady,5,1260,751,58415,155299,42,0.03333333333333333
8/30/2020,Schenectady,3,1263,440,58855,155299,43,0.034045922406967535
8/31/2020,Schenectady,8,1271,442,59297,155299,43,0.03383162863886703
9/1/2020,Schenectady,7,1278,769,60066,155299,43,0.033646322378716745
9/2/2020,Schenectady,12,1290,826,60892,155299,43,0.03333333333333333
9/3/2020,Schenectady,8,1298,829,61721,155299,44,0.03389830508474576
9/4/2020,Schenectady,1,1299,855,62576,155299,44,0.03387220939183987
9/5/2020,Schenectady,11,1310,778,63354,155299,44,0.03358778625954199
9/6/2020,Schenectady,4,1314,489,63843,155299,45,0.03424657534246575
9/7/2020,Schenectady,8,1322,536,64379,155299,45,0.0340393343419062
9/8/2020,Schenectady,2,1324,652,65031,155299,46,0.03474320241691843
9/9/2020,Schenectady,11,1335,520,65551,155299,46,0.03445692883895131
9/10/2020,Schenectady,8,1343,1235,66786,155299,46,0.03425167535368578
9/11/2020,Schenectady,8,1351,1410,68196,155299,46,0.034048852701702444
9/12/2020,Schenectady,5,1356,550,68746,155299,46,0.03392330383480826
9/13/2020,Schenectady,1,1357,219,68965,155299,46,0.03389830508474576
9/14/2020,Schenectady,1,1358,329,69294,155299,46,0.033873343151693665
9/15/2020,Schenectady,4,1362,884,70178,155299,46,0.033773861967694566
9/16/2020,Schenectady,10,1372,1199,71377,155299,46,0.033527696793002916
9/17/2020,Schenectady,2,1374,1111,72488,155299,46,0.033478893740902474
9/18/2020,Schenectady,3,1377,1213,73701,155299,46,0.03340595497458242
9/19/2020,Schenectady,3,1380,1112,74813,155299,46,0.03333333333333333
9/20/2020,Schenectady,3,1383,326,75139,155299,46,0.033261026753434564
9/21/2020,Schenectady,0,1383,451,75590,155299,46,0.033261026753434564
9/22/2020,Schenectady,5,1388,1006,76596,155299,46,0.03314121037463977
9/23/2020,Schenectady,7,1395,1193,77789,155299,46,0.032974910394265235
9/24/2020,Schenectady,3,1398,1096,78885,155299,46,0.032904148783977114
9/25/2020,Schenectady,1,1399,1364,80249,155299,46,0.032880629020729094
9/26/2020,Schenectady,3,1402,1461,81710,155299,46,0.03281027104136947
9/27/2020,Schenectady,1,1403,310,82020,155299,46,0.03278688524590164
9/28/2020,Schenectady,2,1405,481,82501,155299,46,0.032740213523131674
9/29/2020,Schenectady,5,1410,941,83442,155299,46,0.032624113475177303
9/30/2020,Schenectady,7,1417,1243,84685,155299,46,0.032462949894142556
10/1/2020,Schenectady,3,1420,1540,86225,155299,46,0.0323943661971831
10/2/2020,Schenectady,5,1425,1135,87360,155299,46,0.032280701754385965
10/3/2020,Schenectady,4,1429,1369,88729,155299,46,0.03219034289713086
10/4/2020,Schenectady,0,1429,380,89109,155299,47,0.032890132960111965
10/5/2020,Schenectady,1,1430,349,89458,155299,47,0.032867132867132866
10/6/2020,Schenectady,2,1432,634,90092,155299,47,0.03282122905027933
10/7/2020,Schenectady,6,1438,1564,91656,155299,47,0.03268428372739916
10/8/2020,Schenectady,7,1445,1590,93246,155299,47,0.032525951557093424
10/9/2020,Schenectady,6,1451,871,94117,155299,47,0.03239145416953825
10/10/2020,Schenectady,3,1454,1721,95838,155299,47,0.032324621733149934
10/11/2020,Schenectady,5,1459,429,96267,155299,47,0.03221384509938314
10/12/2020,Schenectady,2,1461,424,96691,155299,47,0.03216974674880219
10/13/2020,Schenectady,3,1464,488,97179,155299,47,0.03210382513661202
10/14/2020,Schenectady,13,1477,1309,98488,155299,47,0.03182125930941097
10/15/2020,Schenectady,8,1485,1071,99559,155299,48,0.03232323232323232
10/16/2020,Schenectady,6,1491,2493,102052,155299,48,0.03219315895372234
10/17/2020,Schenectady,7,1498,676,102728,155299,48,0.03204272363150868
10/18/2020,Schenectady,9,1507,376,103104,155299,48,0.03185136031851361
10/19/2020,Schenectady,3,1510,402,103506,155299,48,0.031788079470198675
10/20/2020,Schenectady,6,1516,1127,104633,155299,48,0.0316622691292876
10/21/2020,Schenectady,6,1522,1423,106056,155299,48,0.03153745072273324
10/22/2020,Schenectady,8,1530,1501,107557,155299,48,0.03137254901960784
10/23/2020,Schenectady,9,1539,1620,109177,155299,48,0.031189083820662766
10/24/2020,Schenectady,7,1546,583,109760,155299,48,0.031047865459249677
10/25/2020,Schenectady,3,1549,362,110122,155299,48,0.030987734021949646
10/26/2020,Schenectady,15,1564,986,111108,155299,48,0.030690537084398978
10/27/2020,Schenectady,6,1570,1025,112133,155299,48,0.030573248407643312
10/28/2020,Schenectady,9,1579,1238,113371,155299,48,0.030398986700443317
10/29/2020,Schenectady,12,1591,1707,115078,155299,48,0.03016970458830924
10/30/2020,Schenectady,9,1600,1766,116844,155299,48,0.03
10/31/2020,Schenectady,22,1622,871,117715,155299,48,0.029593094944512947
11/1/2020,Schenectady,9,1631,398,118113,155299,48,0.029429797670141016
11/2/2020,Schenectady,13,1644,694,118807,155299,48,0.029197080291970802
11/3/2020,Schenectady,6,1650,1162,119969,155299,48,0.02909090909090909
11/4/2020,Schenectady,16,1666,1393,121362,155299,48,0.028811524609843937
11/5/2020,Schenectady,21,1687,1543,122905,155299,50,0.02963841138114997
11/6/2020,Schenectady,14,1701,1637,124542,155299,51,0.029982363315696647
11/7/2020,Schenectady,15,1716,964,125506,155299,52,0.030303030303030304
11/8/2020,Schenectady,17,1733,517,126023,155299,52,0.030005770340450086
11/9/2020,Schenectady,25,1758,520,126543,155299,52,0.02957906712172924
11/10/2020,Schenectady,19,1777,1069,127612,155299,52,0.029262802476083285
11/11/2020,Schenectady,25,1802,1813,129425,155299,52,0.02885682574916759
11/12/2020,Schenectady,26,1828,1583,131008,155299,52,0.028446389496717725
11/13/2020,Schenectady,32,1860,1969,132977,155299,52,0.02795698924731183
11/14/2020,Schenectady,11,1871,447,133424,155299,52,0.02779262426509888
3/1/2020,Schoharie,0,0,0,0,30999,0,NaN
3/2/2020,Schoharie,0,0,0,0,30999,0,NaN
3/3/2020,Schoharie,0,0,0,0,30999,0,NaN
3/4/2020,Schoharie,0,0,0,0,30999,0,NaN
3/5/2020,Schoharie,0,0,0,0,30999,0,NaN
3/6/2020,Schoharie,0,0,0,0,30999,0,NaN
3/7/2020,Schoharie,0,0,0,0,30999,0,NaN
3/8/2020,Schoharie,0,0,0,0,30999,0,NaN
3/9/2020,Schoharie,0,0,0,0,30999,0,NaN
3/10/2020,Schoharie,0,0,0,0,30999,0,NaN
3/11/2020,Schoharie,0,0,2,2,30999,0,NaN
3/12/2020,Schoharie,0,0,1,3,30999,0,NaN
3/13/2020,Schoharie,0,0,0,3,30999,0,NaN
3/14/2020,Schoharie,0,0,0,3,30999,0,NaN
3/15/2020,Schoharie,0,0,0,3,30999,0,NaN
3/16/2020,Schoharie,0,0,0,3,30999,0,NaN
3/17/2020,Schoharie,0,0,8,11,30999,0,NaN
3/18/2020,Schoharie,1,1,8,19,30999,0,0
3/19/2020,Schoharie,0,1,10,29,30999,0,0
3/20/2020,Schoharie,0,1,16,45,30999,0,0
3/21/2020,Schoharie,0,1,6,51,30999,0,0
3/22/2020,Schoharie,0,1,3,54,30999,0,0
3/23/2020,Schoharie,0,1,1,55,30999,0,0
3/24/2020,Schoharie,1,2,3,58,30999,0,0
3/25/2020,Schoharie,0,2,2,60,30999,0,0
3/26/2020,Schoharie,1,3,3,63,30999,0,0
3/27/2020,Schoharie,2,5,9,72,30999,0,0
3/28/2020,Schoharie,0,5,5,77,30999,0,0
3/29/2020,Schoharie,1,6,3,80,30999,0,0
3/30/2020,Schoharie,0,6,4,84,30999,0,0
3/31/2020,Schoharie,2,8,7,91,30999,0,0
4/1/2020,Schoharie,0,8,10,101,30999,0,0
4/2/2020,Schoharie,1,9,5,106,30999,0,0
4/3/2020,Schoharie,1,10,21,127,30999,0,0
4/4/2020,Schoharie,1,11,16,143,30999,0,0
4/5/2020,Schoharie,0,11,17,160,30999,0,0
4/6/2020,Schoharie,1,12,19,179,30999,0,0
4/7/2020,Schoharie,0,12,20,199,30999,0,0
4/8/2020,Schoharie,0,12,8,207,30999,0,0
4/9/2020,Schoharie,0,12,16,223,30999,0,0
4/10/2020,Schoharie,0,12,5,228,30999,0,0
4/11/2020,Schoharie,0,12,2,230,30999,0,0
4/12/2020,Schoharie,0,12,4,234,30999,0,0
4/13/2020,Schoharie,8,20,59,293,30999,1,0.05
4/14/2020,Schoharie,0,20,1,294,30999,1,0.05
4/15/2020,Schoharie,0,20,5,299,30999,1,0.05
4/16/2020,Schoharie,0,20,0,299,30999,1,0.05
4/17/2020,Schoharie,0,20,1,300,30999,1,0.05
4/18/2020,Schoharie,0,20,2,302,30999,1,0.05
4/19/2020,Schoharie,0,20,4,306,30999,1,0.05
4/20/2020,Schoharie,0,20,4,310,30999,1,0.05
4/21/2020,Schoharie,0,20,0,310,30999,1,0.05
4/22/2020,Schoharie,1,21,8,318,30999,1,0.047619047619047616
4/23/2020,Schoharie,0,21,13,331,30999,1,0.047619047619047616
4/24/2020,Schoharie,12,33,177,508,30999,1,0.030303030303030304
4/25/2020,Schoharie,2,35,29,537,30999,1,0.02857142857142857
4/26/2020,Schoharie,0,35,15,552,30999,1,0.02857142857142857
4/27/2020,Schoharie,3,38,19,571,30999,1,0.02631578947368421
4/28/2020,Schoharie,1,39,21,592,30999,1,0.02564102564102564
4/29/2020,Schoharie,3,42,17,609,30999,1,0.023809523809523808
4/30/2020,Schoharie,1,43,24,633,30999,1,0.023255813953488372
5/1/2020,Schoharie,0,43,16,649,30999,1,0.023255813953488372
5/2/2020,Schoharie,2,45,20,669,30999,1,0.022222222222222223
5/3/2020,Schoharie,0,45,21,690,30999,1,0.022222222222222223
5/4/2020,Schoharie,0,45,29,719,30999,1,0.022222222222222223
5/5/2020,Schoharie,0,45,29,748,30999,1,0.022222222222222223
5/6/2020,Schoharie,0,45,20,768,30999,1,0.022222222222222223
5/7/2020,Schoharie,0,45,15,783,30999,1,0.022222222222222223
5/8/2020,Schoharie,1,46,32,815,30999,1,0.021739130434782608
5/9/2020,Schoharie,0,46,23,838,30999,1,0.021739130434782608
5/10/2020,Schoharie,0,46,19,857,30999,1,0.021739130434782608
5/11/2020,Schoharie,0,46,32,889,30999,2,0.043478260869565216
5/12/2020,Schoharie,1,47,27,916,30999,2,0.0425531914893617
5/13/2020,Schoharie,0,47,32,948,30999,2,0.0425531914893617
5/14/2020,Schoharie,0,47,8,956,30999,2,0.0425531914893617
5/15/2020,Schoharie,0,47,22,978,30999,2,0.0425531914893617
5/16/2020,Schoharie,0,47,39,1017,30999,2,0.0425531914893617
5/17/2020,Schoharie,1,48,36,1053,30999,2,0.041666666666666664
5/18/2020,Schoharie,0,48,21,1074,30999,2,0.041666666666666664
5/19/2020,Schoharie,0,48,34,1108,30999,2,0.041666666666666664
5/20/2020,Schoharie,1,49,33,1141,30999,2,0.04081632653061224
5/21/2020,Schoharie,0,49,27,1168,30999,2,0.04081632653061224
5/22/2020,Schoharie,0,49,23,1191,30999,2,0.04081632653061224
5/23/2020,Schoharie,0,49,29,1220,30999,2,0.04081632653061224
5/24/2020,Schoharie,0,49,21,1241,30999,2,0.04081632653061224
5/25/2020,Schoharie,0,49,12,1253,30999,2,0.04081632653061224
5/26/2020,Schoharie,0,49,46,1299,30999,2,0.04081632653061224
5/27/2020,Schoharie,0,49,74,1373,30999,2,0.04081632653061224
5/28/2020,Schoharie,0,49,32,1405,30999,2,0.04081632653061224
5/29/2020,Schoharie,1,50,32,1437,30999,2,0.04
5/30/2020,Schoharie,0,50,41,1478,30999,2,0.04
5/31/2020,Schoharie,0,50,47,1525,30999,2,0.04
6/1/2020,Schoharie,1,51,39,1564,30999,2,0.0392156862745098
6/2/2020,Schoharie,0,51,46,1610,30999,2,0.0392156862745098
6/3/2020,Schoharie,0,51,63,1673,30999,2,0.0392156862745098
6/4/2020,Schoharie,0,51,60,1733,30999,2,0.0392156862745098
6/5/2020,Schoharie,3,54,85,1818,30999,2,0.037037037037037035
6/6/2020,Schoharie,0,54,59,1877,30999,2,0.037037037037037035
6/7/2020,Schoharie,0,54,65,1942,30999,2,0.037037037037037035
6/8/2020,Schoharie,0,54,60,2002,30999,2,0.037037037037037035
6/9/2020,Schoharie,0,54,41,2043,30999,2,0.037037037037037035
6/10/2020,Schoharie,0,54,74,2117,30999,2,0.037037037037037035
6/11/2020,Schoharie,0,54,33,2150,30999,2,0.037037037037037035
6/12/2020,Schoharie,0,54,40,2190,30999,2,0.037037037037037035
6/13/2020,Schoharie,0,54,37,2227,30999,2,0.037037037037037035
6/14/2020,Schoharie,0,54,42,2269,30999,2,0.037037037037037035
6/15/2020,Schoharie,0,54,83,2352,30999,2,0.037037037037037035
6/16/2020,Schoharie,1,55,87,2439,30999,2,0.03636363636363636
6/17/2020,Schoharie,0,55,38,2477,30999,2,0.03636363636363636
6/18/2020,Schoharie,0,55,45,2522,30999,2,0.03636363636363636
6/19/2020,Schoharie,1,56,35,2557,30999,2,0.03571428571428571
6/20/2020,Schoharie,1,57,55,2612,30999,2,0.03508771929824561
6/21/2020,Schoharie,0,57,84,2696,30999,2,0.03508771929824561
6/22/2020,Schoharie,0,57,61,2757,30999,2,0.03508771929824561
6/23/2020,Schoharie,0,57,37,2794,30999,2,0.03508771929824561
6/24/2020,Schoharie,0,57,45,2839,30999,2,0.03508771929824561
6/25/2020,Schoharie,0,57,19,2858,30999,2,0.03508771929824561
6/26/2020,Schoharie,0,57,47,2905,30999,2,0.03508771929824561
6/27/2020,Schoharie,1,58,61,2966,30999,2,0.034482758620689655
6/28/2020,Schoharie,0,58,48,3014,30999,2,0.034482758620689655
6/29/2020,Schoharie,0,58,68,3082,30999,2,0.034482758620689655
6/30/2020,Schoharie,0,58,46,3128,30999,2,0.034482758620689655
7/1/2020,Schoharie,0,58,49,3177,30999,2,0.034482758620689655
7/2/2020,Schoharie,0,58,25,3202,30999,2,0.034482758620689655
7/3/2020,Schoharie,0,58,39,3241,30999,2,0.034482758620689655
7/4/2020,Schoharie,1,59,49,3290,30999,2,0.03389830508474576
7/5/2020,Schoharie,0,59,39,3329,30999,2,0.03389830508474576
7/6/2020,Schoharie,0,59,29,3358,30999,2,0.03389830508474576
7/7/2020,Schoharie,1,60,48,3406,30999,2,0.03333333333333333
7/8/2020,Schoharie,1,61,45,3451,30999,2,0.03278688524590164
7/9/2020,Schoharie,1,62,42,3493,30999,2,0.03225806451612903
7/10/2020,Schoharie,0,62,53,3546,30999,2,0.03225806451612903
7/11/2020,Schoharie,0,62,42,3588,30999,2,0.03225806451612903
7/12/2020,Schoharie,0,62,32,3620,30999,2,0.03225806451612903
7/13/2020,Schoharie,0,62,35,3655,30999,2,0.03225806451612903
7/14/2020,Schoharie,0,62,73,3728,30999,2,0.03225806451612903
7/15/2020,Schoharie,0,62,52,3780,30999,2,0.03225806451612903
7/16/2020,Schoharie,0,62,77,3857,30999,2,0.03225806451612903
7/17/2020,Schoharie,0,62,81,3938,30999,2,0.03225806451612903
7/18/2020,Schoharie,0,62,28,3966,30999,2,0.03225806451612903
7/19/2020,Schoharie,0,62,42,4008,30999,2,0.03225806451612903
7/20/2020,Schoharie,2,64,71,4079,30999,2,0.03125
7/21/2020,Schoharie,0,64,86,4165,30999,2,0.03125
7/22/2020,Schoharie,2,66,43,4208,30999,2,0.030303030303030304
7/23/2020,Schoharie,1,67,32,4240,30999,2,0.029850746268656716
7/24/2020,Schoharie,0,67,32,4272,30999,2,0.029850746268656716
7/25/2020,Schoharie,1,68,48,4320,30999,2,0.029411764705882353
7/26/2020,Schoharie,0,68,28,4348,30999,2,0.029411764705882353
7/27/2020,Schoharie,0,68,36,4384,30999,2,0.029411764705882353
7/28/2020,Schoharie,0,68,44,4428,30999,2,0.029411764705882353
7/29/2020,Schoharie,0,68,62,4490,30999,2,0.029411764705882353
7/30/2020,Schoharie,0,68,55,4545,30999,2,0.029411764705882353
7/31/2020,Schoharie,0,68,61,4606,30999,2,0.029411764705882353
8/1/2020,Schoharie,0,68,56,4662,30999,2,0.029411764705882353
8/2/2020,Schoharie,0,68,39,4701,30999,2,0.029411764705882353
8/3/2020,Schoharie,0,68,72,4773,30999,2,0.029411764705882353
8/4/2020,Schoharie,0,68,82,4855,30999,2,0.029411764705882353
8/5/2020,Schoharie,1,69,37,4892,30999,2,0.028985507246376812
8/6/2020,Schoharie,0,69,42,4934,30999,2,0.028985507246376812
8/7/2020,Schoharie,0,69,65,4999,30999,2,0.028985507246376812
8/8/2020,Schoharie,0,69,62,5061,30999,2,0.028985507246376812
8/9/2020,Schoharie,0,69,33,5094,30999,2,0.028985507246376812
8/10/2020,Schoharie,0,69,121,5215,30999,2,0.028985507246376812
8/11/2020,Schoharie,0,69,68,5283,30999,2,0.028985507246376812
8/12/2020,Schoharie,0,69,65,5348,30999,2,0.028985507246376812
8/13/2020,Schoharie,0,69,38,5386,30999,2,0.028985507246376812
8/14/2020,Schoharie,0,69,75,5461,30999,2,0.028985507246376812
8/15/2020,Schoharie,0,69,55,5516,30999,2,0.028985507246376812
8/16/2020,Schoharie,0,69,52,5568,30999,2,0.028985507246376812
8/17/2020,Schoharie,0,69,65,5633,30999,2,0.028985507246376812
8/18/2020,Schoharie,0,69,64,5697,30999,2,0.028985507246376812
8/19/2020,Schoharie,0,69,61,5758,30999,2,0.028985507246376812
8/20/2020,Schoharie,0,69,55,5813,30999,2,0.028985507246376812
8/21/2020,Schoharie,0,69,64,5877,30999,2,0.028985507246376812
8/22/2020,Schoharie,0,69,86,5963,30999,2,0.028985507246376812
8/23/2020,Schoharie,0,69,50,6013,30999,2,0.028985507246376812
8/24/2020,Schoharie,0,69,47,6060,30999,2,0.028985507246376812
8/25/2020,Schoharie,0,69,84,6144,30999,2,0.028985507246376812
8/26/2020,Schoharie,0,69,30,6174,30999,2,0.028985507246376812
8/27/2020,Schoharie,0,69,53,6227,30999,2,0.028985507246376812
8/28/2020,Schoharie,0,69,53,6280,30999,2,0.028985507246376812
8/29/2020,Schoharie,0,69,68,6348,30999,2,0.028985507246376812
8/30/2020,Schoharie,0,69,46,6394,30999,2,0.028985507246376812
8/31/2020,Schoharie,1,70,86,6480,30999,2,0.02857142857142857
9/1/2020,Schoharie,0,70,56,6536,30999,2,0.02857142857142857
9/2/2020,Schoharie,0,70,65,6601,30999,2,0.02857142857142857
9/3/2020,Schoharie,1,71,50,6651,30999,2,0.028169014084507043
9/4/2020,Schoharie,1,72,54,6705,30999,2,0.027777777777777776
9/5/2020,Schoharie,1,73,66,6771,30999,2,0.0273972602739726
9/6/2020,Schoharie,0,73,60,6831,30999,2,0.0273972602739726
9/7/2020,Schoharie,0,73,55,6886,30999,2,0.0273972602739726
9/8/2020,Schoharie,0,73,26,6912,30999,2,0.0273972602739726
9/9/2020,Schoharie,1,74,40,6952,30999,2,0.02702702702702703
9/10/2020,Schoharie,1,75,57,7009,30999,2,0.02666666666666667
9/11/2020,Schoharie,2,77,66,7075,30999,2,0.025974025974025976
9/12/2020,Schoharie,1,78,63,7138,30999,2,0.02564102564102564
9/13/2020,Schoharie,4,82,57,7195,30999,2,0.024390243902439025
9/14/2020,Schoharie,1,83,56,7251,30999,2,0.024096385542168676
9/15/2020,Schoharie,0,83,46,7297,30999,2,0.024096385542168676
9/16/2020,Schoharie,0,83,51,7348,30999,2,0.024096385542168676
9/17/2020,Schoharie,0,83,48,7396,30999,2,0.024096385542168676
9/18/2020,Schoharie,0,83,47,7443,30999,2,0.024096385542168676
9/19/2020,Schoharie,0,83,86,7529,30999,2,0.024096385542168676
9/20/2020,Schoharie,0,83,47,7576,30999,2,0.024096385542168676
9/21/2020,Schoharie,0,83,63,7639,30999,2,0.024096385542168676
9/22/2020,Schoharie,0,83,53,7692,30999,2,0.024096385542168676
9/23/2020,Schoharie,0,83,54,7746,30999,2,0.024096385542168676
9/24/2020,Schoharie,0,83,43,7789,30999,2,0.024096385542168676
9/25/2020,Schoharie,1,84,82,7871,30999,2,0.023809523809523808
9/26/2020,Schoharie,1,85,64,7935,30999,2,0.023529411764705882
9/27/2020,Schoharie,0,85,45,7980,30999,2,0.023529411764705882
9/28/2020,Schoharie,0,85,107,8087,30999,2,0.023529411764705882
9/29/2020,Schoharie,0,85,49,8136,30999,2,0.023529411764705882
9/30/2020,Schoharie,0,85,596,8732,30999,2,0.023529411764705882
10/1/2020,Schoharie,0,85,60,8792,30999,2,0.023529411764705882
10/2/2020,Schoharie,1,86,88,8880,30999,2,0.023255813953488372
10/3/2020,Schoharie,0,86,76,8956,30999,2,0.023255813953488372
10/4/2020,Schoharie,1,87,80,9036,30999,2,0.022988505747126436
10/5/2020,Schoharie,0,87,63,9099,30999,2,0.022988505747126436
10/6/2020,Schoharie,0,87,51,9150,30999,2,0.022988505747126436
10/7/2020,Schoharie,1,88,55,9205,30999,2,0.022727272727272728
10/8/2020,Schoharie,2,90,400,9605,30999,2,0.022222222222222223
10/9/2020,Schoharie,3,93,81,9686,30999,2,0.021505376344086023
10/10/2020,Schoharie,1,94,61,9747,30999,2,0.02127659574468085
10/11/2020,Schoharie,0,94,780,10527,30999,2,0.02127659574468085
10/12/2020,Schoharie,1,95,121,10648,30999,2,0.021052631578947368
10/13/2020,Schoharie,0,95,57,10705,30999,2,0.021052631578947368
10/14/2020,Schoharie,2,97,496,11201,30999,2,0.020618556701030927
10/15/2020,Schoharie,3,100,87,11288,30999,2,0.02
10/16/2020,Schoharie,0,100,88,11376,30999,2,0.02
10/17/2020,Schoharie,0,100,84,11460,30999,2,0.02
10/18/2020,Schoharie,0,100,94,11554,30999,2,0.02
10/19/2020,Schoharie,1,101,70,11624,30999,2,0.019801980198019802
10/20/2020,Schoharie,0,101,577,12201,30999,2,0.019801980198019802
10/21/2020,Schoharie,0,101,53,12254,30999,2,0.019801980198019802
10/22/2020,Schoharie,3,104,72,12326,30999,2,0.019230769230769232
10/23/2020,Schoharie,3,107,81,12407,30999,2,0.018691588785046728
10/24/2020,Schoharie,2,109,111,12518,30999,2,0.01834862385321101
10/25/2020,Schoharie,0,109,91,12609,30999,2,0.01834862385321101
10/26/2020,Schoharie,1,110,66,12675,30999,2,0.01818181818181818
10/27/2020,Schoharie,1,111,752,13427,30999,2,0.018018018018018018
10/28/2020,Schoharie,1,112,821,14248,30999,2,0.017857142857142856
10/29/2020,Schoharie,1,113,86,14334,30999,2,0.017699115044247787
10/30/2020,Schoharie,1,114,107,14441,30999,2,0.017543859649122806
10/31/2020,Schoharie,1,115,70,14511,30999,2,0.017391304347826087
11/1/2020,Schoharie,1,116,99,14610,30999,2,0.017241379310344827
11/2/2020,Schoharie,0,116,32,14642,30999,2,0.017241379310344827
11/3/2020,Schoharie,1,117,792,15434,30999,2,0.017094017094017096
11/4/2020,Schoharie,2,119,838,16272,30999,2,0.01680672268907563
11/5/2020,Schoharie,1,120,74,16346,30999,2,0.016666666666666666
11/6/2020,Schoharie,1,121,80,16426,30999,2,0.01652892561983471
11/7/2020,Schoharie,1,122,86,16512,30999,2,0.01639344262295082
11/8/2020,Schoharie,2,124,59,16571,30999,2,0.016129032258064516
11/9/2020,Schoharie,6,130,796,17367,30999,2,0.015384615384615385
11/10/2020,Schoharie,3,133,1031,18398,30999,2,0.015037593984962405
11/11/2020,Schoharie,4,137,123,18521,30999,2,0.014598540145985401
11/12/2020,Schoharie,4,141,96,18617,30999,2,0.014184397163120567
11/13/2020,Schoharie,0,141,80,18697,30999,2,0.014184397163120567
11/14/2020,Schoharie,2,143,65,18762,30999,2,0.013986013986013986
3/1/2020,Schuyler,0,0,0,0,17807,0,NaN
3/2/2020,Schuyler,0,0,0,0,17807,0,NaN
3/3/2020,Schuyler,0,0,0,0,17807,0,NaN
3/4/2020,Schuyler,0,0,0,0,17807,0,NaN
3/5/2020,Schuyler,0,0,0,0,17807,0,NaN
3/6/2020,Schuyler,0,0,0,0,17807,0,NaN
3/7/2020,Schuyler,0,0,0,0,17807,0,NaN
3/8/2020,Schuyler,0,0,0,0,17807,0,NaN
3/9/2020,Schuyler,0,0,0,0,17807,0,NaN
3/10/2020,Schuyler,0,0,0,0,17807,0,NaN
3/11/2020,Schuyler,0,0,0,0,17807,0,NaN
3/12/2020,Schuyler,0,0,0,0,17807,0,NaN
3/13/2020,Schuyler,0,0,0,0,17807,0,NaN
3/14/2020,Schuyler,0,0,1,1,17807,0,NaN
3/15/2020,Schuyler,0,0,1,2,17807,0,NaN
3/16/2020,Schuyler,0,0,2,4,17807,0,NaN
3/17/2020,Schuyler,0,0,0,4,17807,0,NaN
3/18/2020,Schuyler,0,0,1,5,17807,0,NaN
3/19/2020,Schuyler,0,0,0,5,17807,0,NaN
3/20/2020,Schuyler,0,0,9,14,17807,0,NaN
3/21/2020,Schuyler,0,0,3,17,17807,0,NaN
3/22/2020,Schuyler,0,0,7,24,17807,0,NaN
3/23/2020,Schuyler,0,0,8,32,17807,0,NaN
3/24/2020,Schuyler,0,0,0,32,17807,0,NaN
3/25/2020,Schuyler,0,0,1,33,17807,0,NaN
3/26/2020,Schuyler,0,0,8,41,17807,0,NaN
3/27/2020,Schuyler,1,1,6,47,17807,0,0
3/28/2020,Schuyler,0,1,7,54,17807,0,0
3/29/2020,Schuyler,1,2,6,60,17807,0,0
3/30/2020,Schuyler,0,2,6,66,17807,0,0
3/31/2020,Schuyler,0,2,1,67,17807,0,0
4/1/2020,Schuyler,1,3,8,75,17807,0,0
4/2/2020,Schuyler,0,3,13,88,17807,0,0
4/3/2020,Schuyler,1,4,5,93,17807,0,0
4/4/2020,Schuyler,0,4,2,95,17807,0,0
4/5/2020,Schuyler,0,4,9,104,17807,0,0
4/6/2020,Schuyler,0,4,4,108,17807,0,0
4/7/2020,Schuyler,0,4,12,120,17807,0,0
4/8/2020,Schuyler,0,4,20,140,17807,0,0
4/9/2020,Schuyler,1,5,4,144,17807,0,0
4/10/2020,Schuyler,0,5,7,151,17807,0,0
4/11/2020,Schuyler,0,5,1,152,17807,0,0
4/12/2020,Schuyler,0,5,1,153,17807,0,0
4/13/2020,Schuyler,1,6,11,164,17807,0,0
4/14/2020,Schuyler,0,6,0,164,17807,0,0
4/15/2020,Schuyler,0,6,5,169,17807,0,0
4/16/2020,Schuyler,0,6,8,177,17807,0,0
4/17/2020,Schuyler,0,6,4,181,17807,0,0
4/18/2020,Schuyler,0,6,0,181,17807,0,0
4/19/2020,Schuyler,1,7,4,185,17807,0,0
4/20/2020,Schuyler,0,7,4,189,17807,0,0
4/21/2020,Schuyler,0,7,10,199,17807,0,0
4/22/2020,Schuyler,0,7,108,307,17807,0,0
4/23/2020,Schuyler,0,7,18,325,17807,0,0
4/24/2020,Schuyler,0,7,38,363,17807,0,0
4/25/2020,Schuyler,0,7,10,373,17807,0,0
4/26/2020,Schuyler,0,7,9,382,17807,0,0
4/27/2020,Schuyler,0,7,8,390,17807,0,0
4/28/2020,Schuyler,0,7,15,405,17807,0,0
4/29/2020,Schuyler,0,7,7,412,17807,0,0
4/30/2020,Schuyler,0,7,6,418,17807,0,0
5/1/2020,Schuyler,0,7,7,425,17807,0,0
5/2/2020,Schuyler,0,7,2,427,17807,0,0
5/3/2020,Schuyler,0,7,12,439,17807,0,0
5/4/2020,Schuyler,0,7,5,444,17807,0,0
5/5/2020,Schuyler,0,7,31,475,17807,0,0
5/6/2020,Schuyler,0,7,12,487,17807,0,0
5/7/2020,Schuyler,0,7,9,496,17807,0,0
5/8/2020,Schuyler,0,7,38,534,17807,0,0
5/9/2020,Schuyler,0,7,31,565,17807,0,0
5/10/2020,Schuyler,0,7,14,579,17807,0,0
5/11/2020,Schuyler,1,8,17,596,17807,0,0
5/12/2020,Schuyler,0,8,32,628,17807,0,0
5/13/2020,Schuyler,0,8,46,674,17807,0,0
5/14/2020,Schuyler,0,8,18,692,17807,0,0
5/15/2020,Schuyler,0,8,52,744,17807,0,0
5/16/2020,Schuyler,1,9,32,776,17807,0,0
5/17/2020,Schuyler,1,10,55,831,17807,0,0
5/18/2020,Schuyler,0,10,57,888,17807,0,0
5/19/2020,Schuyler,0,10,44,932,17807,0,0
5/20/2020,Schuyler,0,10,42,974,17807,0,0
5/21/2020,Schuyler,1,11,49,1023,17807,0,0
5/22/2020,Schuyler,0,11,78,1101,17807,0,0
5/23/2020,Schuyler,0,11,45,1146,17807,0,0
5/24/2020,Schuyler,0,11,52,1198,17807,0,0
5/25/2020,Schuyler,0,11,14,1212,17807,0,0
5/26/2020,Schuyler,0,11,68,1280,17807,0,0
5/27/2020,Schuyler,0,11,41,1321,17807,0,0
5/28/2020,Schuyler,0,11,52,1373,17807,0,0
5/29/2020,Schuyler,0,11,64,1437,17807,0,0
5/30/2020,Schuyler,0,11,76,1513,17807,0,0
5/31/2020,Schuyler,0,11,30,1543,17807,0,0
6/1/2020,Schuyler,1,12,26,1569,17807,0,0
6/2/2020,Schuyler,0,12,40,1609,17807,0,0
6/3/2020,Schuyler,0,12,22,1631,17807,0,0
6/4/2020,Schuyler,0,12,32,1663,17807,0,0
6/5/2020,Schuyler,0,12,139,1802,17807,0,0
6/6/2020,Schuyler,0,12,47,1849,17807,0,0
6/7/2020,Schuyler,0,12,45,1894,17807,0,0
6/8/2020,Schuyler,0,12,81,1975,17807,0,0
6/9/2020,Schuyler,0,12,46,2021,17807,0,0
6/10/2020,Schuyler,0,12,47,2068,17807,0,0
6/11/2020,Schuyler,0,12,51,2119,17807,0,0
6/12/2020,Schuyler,0,12,67,2186,17807,0,0
6/13/2020,Schuyler,0,12,30,2216,17807,0,0
6/14/2020,Schuyler,0,12,43,2259,17807,0,0
6/15/2020,Schuyler,0,12,68,2327,17807,0,0
6/16/2020,Schuyler,0,12,59,2386,17807,0,0
6/17/2020,Schuyler,0,12,42,2428,17807,0,0
6/18/2020,Schuyler,0,12,67,2495,17807,0,0
6/19/2020,Schuyler,0,12,57,2552,17807,0,0
6/20/2020,Schuyler,0,12,31,2583,17807,0,0
6/21/2020,Schuyler,0,12,33,2616,17807,0,0
6/22/2020,Schuyler,0,12,63,2679,17807,0,0
6/23/2020,Schuyler,0,12,63,2742,17807,0,0
6/24/2020,Schuyler,0,12,26,2768,17807,0,0
6/25/2020,Schuyler,0,12,31,2799,17807,0,0
6/26/2020,Schuyler,0,12,69,2868,17807,0,0
6/27/2020,Schuyler,0,12,56,2924,17807,0,0
6/28/2020,Schuyler,0,12,36,2960,17807,0,0
6/29/2020,Schuyler,0,12,61,3021,17807,0,0
6/30/2020,Schuyler,1,13,44,3065,17807,0,0
7/1/2020,Schuyler,0,13,33,3098,17807,0,0
7/2/2020,Schuyler,0,13,27,3125,17807,0,0
7/3/2020,Schuyler,0,13,74,3199,17807,0,0
7/4/2020,Schuyler,0,13,47,3246,17807,0,0
7/5/2020,Schuyler,0,13,51,3297,17807,0,0
7/6/2020,Schuyler,0,13,38,3335,17807,0,0
7/7/2020,Schuyler,0,13,46,3381,17807,0,0
7/8/2020,Schuyler,0,13,15,3396,17807,0,0
7/9/2020,Schuyler,0,13,47,3443,17807,0,0
7/10/2020,Schuyler,2,15,52,3495,17807,0,0
7/11/2020,Schuyler,0,15,93,3588,17807,0,0
7/12/2020,Schuyler,0,15,27,3615,17807,0,0
7/13/2020,Schuyler,0,15,70,3685,17807,0,0
7/14/2020,Schuyler,0,15,48,3733,17807,0,0
7/15/2020,Schuyler,0,15,134,3867,17807,0,0
7/16/2020,Schuyler,0,15,63,3930,17807,0,0
7/17/2020,Schuyler,1,16,67,3997,17807,0,0
7/18/2020,Schuyler,0,16,67,4064,17807,0,0
7/19/2020,Schuyler,4,20,19,4083,17807,0,0
7/20/2020,Schuyler,0,20,35,4118,17807,0,0
7/21/2020,Schuyler,0,20,99,4217,17807,0,0
7/22/2020,Schuyler,0,20,142,4359,17807,0,0
7/23/2020,Schuyler,0,20,69,4428,17807,0,0
7/24/2020,Schuyler,0,20,83,4511,17807,0,0
7/25/2020,Schuyler,0,20,51,4562,17807,0,0
7/26/2020,Schuyler,0,20,20,4582,17807,0,0
7/27/2020,Schuyler,0,20,23,4605,17807,0,0
7/28/2020,Schuyler,0,20,56,4661,17807,0,0
7/29/2020,Schuyler,0,20,99,4760,17807,0,0
7/30/2020,Schuyler,1,21,98,4858,17807,0,0
7/31/2020,Schuyler,1,22,66,4924,17807,0,0
8/1/2020,Schuyler,0,22,82,5006,17807,0,0
8/2/2020,Schuyler,0,22,9,5015,17807,0,0
8/3/2020,Schuyler,0,22,34,5049,17807,0,0
8/4/2020,Schuyler,0,22,43,5092,17807,0,0
8/5/2020,Schuyler,0,22,91,5183,17807,0,0
8/6/2020,Schuyler,0,22,116,5299,17807,0,0
8/7/2020,Schuyler,0,22,48,5347,17807,0,0
8/8/2020,Schuyler,0,22,101,5448,17807,0,0
8/9/2020,Schuyler,0,22,27,5475,17807,0,0
8/10/2020,Schuyler,0,22,44,5519,17807,0,0
8/11/2020,Schuyler,0,22,53,5572,17807,0,0
8/12/2020,Schuyler,0,22,43,5615,17807,0,0
8/13/2020,Schuyler,0,22,107,5722,17807,0,0
8/14/2020,Schuyler,1,23,69,5791,17807,0,0
8/15/2020,Schuyler,0,23,91,5882,17807,0,0
8/16/2020,Schuyler,0,23,56,5938,17807,0,0
8/17/2020,Schuyler,0,23,23,5961,17807,0,0
8/18/2020,Schuyler,0,23,58,6019,17807,0,0
8/19/2020,Schuyler,0,23,28,6047,17807,0,0
8/20/2020,Schuyler,1,24,157,6204,17807,0,0
8/21/2020,Schuyler,0,24,70,6274,17807,0,0
8/22/2020,Schuyler,0,24,65,6339,17807,0,0
8/23/2020,Schuyler,0,24,33,6372,17807,0,0
8/24/2020,Schuyler,0,24,19,6391,17807,0,0
8/25/2020,Schuyler,0,24,54,6445,17807,0,0
8/26/2020,Schuyler,0,24,97,6542,17807,0,0
8/27/2020,Schuyler,1,25,88,6630,17807,0,0
8/28/2020,Schuyler,1,26,62,6692,17807,0,0
8/29/2020,Schuyler,0,26,58,6750,17807,0,0
8/30/2020,Schuyler,0,26,20,6770,17807,0,0
8/31/2020,Schuyler,0,26,28,6798,17807,0,0
9/1/2020,Schuyler,0,26,47,6845,17807,0,0
9/2/2020,Schuyler,1,27,127,6972,17807,0,0
9/3/2020,Schuyler,0,27,68,7040,17807,0,0
9/4/2020,Schuyler,0,27,82,7122,17807,0,0
9/5/2020,Schuyler,1,28,127,7249,17807,0,0
9/6/2020,Schuyler,0,28,17,7266,17807,0,0
9/7/2020,Schuyler,1,29,42,7308,17807,0,0
9/8/2020,Schuyler,0,29,34,7342,17807,0,0
9/9/2020,Schuyler,0,29,84,7426,17807,0,0
9/10/2020,Schuyler,1,30,100,7526,17807,0,0
9/11/2020,Schuyler,2,32,114,7640,17807,0,0
9/12/2020,Schuyler,0,32,29,7669,17807,0,0
9/13/2020,Schuyler,0,32,63,7732,17807,0,0
9/14/2020,Schuyler,1,33,87,7819,17807,0,0
9/15/2020,Schuyler,0,33,85,7904,17807,0,0
9/16/2020,Schuyler,0,33,150,8054,17807,0,0
9/17/2020,Schuyler,4,37,99,8153,17807,0,0
9/18/2020,Schuyler,0,37,132,8285,17807,0,0
9/19/2020,Schuyler,1,38,109,8394,17807,0,0
9/20/2020,Schuyler,0,38,26,8420,17807,0,0
9/21/2020,Schuyler,1,39,52,8472,17807,0,0
9/22/2020,Schuyler,1,40,106,8578,17807,0,0
9/23/2020,Schuyler,0,40,130,8708,17807,0,0
9/24/2020,Schuyler,1,41,137,8845,17807,0,0
9/25/2020,Schuyler,0,41,112,8957,17807,0,0
9/26/2020,Schuyler,0,41,60,9017,17807,0,0
9/27/2020,Schuyler,0,41,23,9040,17807,0,0
9/28/2020,Schuyler,2,43,29,9069,17807,0,0
9/29/2020,Schuyler,0,43,86,9155,17807,0,0
9/30/2020,Schuyler,4,47,141,9296,17807,0,0
10/1/2020,Schuyler,2,49,110,9406,17807,0,0
10/2/2020,Schuyler,0,49,89,9495,17807,0,0
10/3/2020,Schuyler,2,51,103,9598,17807,0,0
10/4/2020,Schuyler,6,57,84,9682,17807,0,0
10/5/2020,Schuyler,1,58,65,9747,17807,0,0
10/6/2020,Schuyler,1,59,93,9840,17807,0,0
10/7/2020,Schuyler,3,62,178,10018,17807,0,0
10/8/2020,Schuyler,4,66,139,10157,17807,0,0
10/9/2020,Schuyler,0,66,205,10362,17807,0,0
10/10/2020,Schuyler,1,67,175,10537,17807,0,0
10/11/2020,Schuyler,5,72,97,10634,17807,0,0
10/12/2020,Schuyler,4,76,68,10702,17807,0,0
10/13/2020,Schuyler,3,79,91,10793,17807,0,0
10/14/2020,Schuyler,3,82,146,10939,17807,0,0
10/15/2020,Schuyler,3,85,169,11108,17807,0,0
10/16/2020,Schuyler,1,86,169,11277,17807,0,0
10/17/2020,Schuyler,2,88,140,11417,17807,0,0
10/18/2020,Schuyler,5,93,100,11517,17807,0,0
10/19/2020,Schuyler,7,100,61,11578,17807,0,0
10/20/2020,Schuyler,4,104,178,11756,17807,0,0
10/21/2020,Schuyler,5,109,141,11897,17807,2,0.01834862385321101
10/22/2020,Schuyler,2,111,156,12053,17807,2,0.018018018018018018
10/23/2020,Schuyler,4,115,164,12217,17807,2,0.017391304347826087
10/24/2020,Schuyler,1,116,220,12437,17807,2,0.017241379310344827
10/25/2020,Schuyler,3,119,56,12493,17807,2,0.01680672268907563
10/26/2020,Schuyler,5,124,109,12602,17807,2,0.016129032258064516
10/27/2020,Schuyler,2,126,196,12798,17807,2,0.015873015873015872
10/28/2020,Schuyler,9,135,165,12963,17807,2,0.014814814814814815
10/29/2020,Schuyler,4,139,164,13127,17807,2,0.014388489208633094
10/30/2020,Schuyler,8,147,148,13275,17807,3,0.02040816326530612
10/31/2020,Schuyler,2,149,208,13483,17807,3,0.020134228187919462
11/1/2020,Schuyler,6,155,48,13531,17807,3,0.01935483870967742
11/2/2020,Schuyler,4,159,60,13591,17807,3,0.018867924528301886
11/3/2020,Schuyler,5,164,191,13782,17807,3,0.018292682926829267
11/4/2020,Schuyler,2,166,131,13913,17807,3,0.018072289156626505
11/5/2020,Schuyler,6,172,166,14079,17807,3,0.01744186046511628
11/6/2020,Schuyler,6,178,162,14241,17807,3,0.016853932584269662
11/7/2020,Schuyler,5,183,274,14515,17807,3,0.01639344262295082
11/8/2020,Schuyler,3,186,98,14613,17807,3,0.016129032258064516
11/9/2020,Schuyler,10,196,104,14717,17807,3,0.015306122448979591
11/10/2020,Schuyler,4,200,179,14896,17807,3,0.015
11/11/2020,Schuyler,8,208,127,15023,17807,3,0.014423076923076924
11/12/2020,Schuyler,2,210,188,15211,17807,3,0.014285714285714285
11/13/2020,Schuyler,8,218,143,15354,17807,3,0.013761467889908258
11/14/2020,Schuyler,10,228,72,15426,17807,3,0.013157894736842105
3/1/2020,Seneca,0,0,0,0,34016,0,NaN
3/2/2020,Seneca,0,0,0,0,34016,0,NaN
3/3/2020,Seneca,0,0,0,0,34016,0,NaN
3/4/2020,Seneca,0,0,0,0,34016,0,NaN
3/5/2020,Seneca,0,0,0,0,34016,0,NaN
3/6/2020,Seneca,0,0,0,0,34016,0,NaN
3/7/2020,Seneca,0,0,0,0,34016,0,NaN
3/8/2020,Seneca,0,0,0,0,34016,0,NaN
3/9/2020,Seneca,0,0,0,0,34016,0,NaN
3/10/2020,Seneca,0,0,0,0,34016,0,NaN
3/11/2020,Seneca,0,0,0,0,34016,0,NaN
3/12/2020,Seneca,0,0,0,0,34016,0,NaN
3/13/2020,Seneca,0,0,0,0,34016,0,NaN
3/14/2020,Seneca,0,0,0,0,34016,0,NaN
3/15/2020,Seneca,0,0,1,1,34016,0,NaN
3/16/2020,Seneca,0,0,1,2,34016,0,NaN
3/17/2020,Seneca,0,0,1,3,34016,0,NaN
3/18/2020,Seneca,0,0,2,5,34016,0,NaN
3/19/2020,Seneca,0,0,2,7,34016,0,NaN
3/20/2020,Seneca,0,0,6,13,34016,0,NaN
3/21/2020,Seneca,0,0,3,16,34016,0,NaN
3/22/2020,Seneca,0,0,4,20,34016,0,NaN
3/23/2020,Seneca,0,0,11,31,34016,0,NaN
3/24/2020,Seneca,0,0,0,31,34016,0,NaN
3/25/2020,Seneca,0,0,6,37,34016,0,NaN
3/26/2020,Seneca,0,0,11,48,34016,0,NaN
3/27/2020,Seneca,0,0,16,64,34016,0,NaN
3/28/2020,Seneca,0,0,4,68,34016,0,NaN
3/29/2020,Seneca,0,0,5,73,34016,0,NaN
3/30/2020,Seneca,2,2,7,80,34016,0,0
3/31/2020,Seneca,0,2,1,81,34016,0,0
4/1/2020,Seneca,2,4,14,95,34016,0,0
4/2/2020,Seneca,2,6,13,108,34016,0,0
4/3/2020,Seneca,0,6,7,115,34016,0,0
4/4/2020,Seneca,3,9,15,130,34016,0,0
4/5/2020,Seneca,0,9,11,141,34016,0,0
4/6/2020,Seneca,1,10,8,149,34016,0,0
4/7/2020,Seneca,2,12,14,163,34016,0,0
4/8/2020,Seneca,3,15,20,183,34016,0,0
4/9/2020,Seneca,0,15,8,191,34016,0,0
4/10/2020,Seneca,1,16,5,196,34016,0,0
4/11/2020,Seneca,0,16,3,199,34016,1,0.0625
4/12/2020,Seneca,0,16,1,200,34016,1,0.0625
4/13/2020,Seneca,2,18,33,233,34016,1,0.05555555555555555
4/14/2020,Seneca,0,18,1,234,34016,1,0.05555555555555555
4/15/2020,Seneca,0,18,2,236,34016,1,0.05555555555555555
4/16/2020,Seneca,0,18,3,239,34016,1,0.05555555555555555
4/17/2020,Seneca,0,18,2,241,34016,1,0.05555555555555555
4/18/2020,Seneca,0,18,5,246,34016,1,0.05555555555555555
4/19/2020,Seneca,0,18,2,248,34016,1,0.05555555555555555
4/20/2020,Seneca,0,18,0,248,34016,1,0.05555555555555555
4/21/2020,Seneca,0,18,3,251,34016,1,0.05555555555555555
4/22/2020,Seneca,0,18,15,266,34016,1,0.05555555555555555
4/23/2020,Seneca,0,18,5,271,34016,1,0.05555555555555555
4/24/2020,Seneca,18,36,135,406,34016,1,0.027777777777777776
4/25/2020,Seneca,2,38,11,417,34016,1,0.02631578947368421
4/26/2020,Seneca,0,38,12,429,34016,1,0.02631578947368421
4/27/2020,Seneca,0,38,9,438,34016,1,0.02631578947368421
4/28/2020,Seneca,0,38,13,451,34016,1,0.02631578947368421
4/29/2020,Seneca,1,39,24,475,34016,1,0.02564102564102564
4/30/2020,Seneca,2,41,22,497,34016,1,0.024390243902439025
5/1/2020,Seneca,1,42,26,523,34016,1,0.023809523809523808
5/2/2020,Seneca,3,45,51,574,34016,1,0.022222222222222223
5/3/2020,Seneca,0,45,19,593,34016,1,0.022222222222222223
5/4/2020,Seneca,1,46,26,619,34016,1,0.021739130434782608
5/5/2020,Seneca,0,46,20,639,34016,1,0.021739130434782608
5/6/2020,Seneca,0,46,24,663,34016,1,0.021739130434782608
5/7/2020,Seneca,0,46,19,682,34016,1,0.021739130434782608
5/8/2020,Seneca,2,48,46,728,34016,1,0.020833333333333332
5/9/2020,Seneca,1,49,42,770,34016,1,0.02040816326530612
5/10/2020,Seneca,0,49,41,811,34016,1,0.02040816326530612
5/11/2020,Seneca,0,49,25,836,34016,1,0.02040816326530612
5/12/2020,Seneca,0,49,49,885,34016,1,0.02040816326530612
5/13/2020,Seneca,0,49,40,925,34016,1,0.02040816326530612
5/14/2020,Seneca,0,49,30,955,34016,1,0.02040816326530612
5/15/2020,Seneca,1,50,29,984,34016,1,0.02
5/16/2020,Seneca,1,51,48,1032,34016,1,0.0196078431372549
5/17/2020,Seneca,0,51,122,1154,34016,1,0.0196078431372549
5/18/2020,Seneca,0,51,65,1219,34016,1,0.0196078431372549
5/19/2020,Seneca,1,52,50,1269,34016,1,0.019230769230769232
5/20/2020,Seneca,0,52,79,1348,34016,1,0.019230769230769232
5/21/2020,Seneca,2,54,54,1402,34016,1,0.018518518518518517
5/22/2020,Seneca,0,54,51,1453,34016,1,0.018518518518518517
5/23/2020,Seneca,1,55,103,1556,34016,1,0.01818181818181818
5/24/2020,Seneca,0,55,56,1612,34016,1,0.01818181818181818
5/25/2020,Seneca,0,55,86,1698,34016,1,0.01818181818181818
5/26/2020,Seneca,0,55,50,1748,34016,1,0.01818181818181818
5/27/2020,Seneca,1,56,77,1825,34016,1,0.017857142857142856
5/28/2020,Seneca,1,57,140,1965,34016,1,0.017543859649122806
5/29/2020,Seneca,1,58,68,2033,34016,1,0.017241379310344827
5/30/2020,Seneca,0,58,138,2171,34016,1,0.017241379310344827
5/31/2020,Seneca,1,59,81,2252,34016,1,0.01694915254237288
6/1/2020,Seneca,0,59,60,2312,34016,1,0.01694915254237288
6/2/2020,Seneca,1,60,157,2469,34016,1,0.016666666666666666
6/3/2020,Seneca,0,60,106,2575,34016,1,0.016666666666666666
6/4/2020,Seneca,1,61,141,2716,34016,1,0.01639344262295082
6/5/2020,Seneca,0,61,165,2881,34016,1,0.01639344262295082
6/6/2020,Seneca,0,61,162,3043,34016,1,0.01639344262295082
6/7/2020,Seneca,0,61,118,3161,34016,1,0.01639344262295082
6/8/2020,Seneca,0,61,91,3252,34016,1,0.01639344262295082
6/9/2020,Seneca,0,61,98,3350,34016,1,0.01639344262295082
6/10/2020,Seneca,1,62,198,3548,34016,1,0.016129032258064516
6/11/2020,Seneca,1,63,198,3746,34016,1,0.015873015873015872
6/12/2020,Seneca,0,63,86,3832,34016,1,0.015873015873015872
6/13/2020,Seneca,0,63,127,3959,34016,1,0.015873015873015872
6/14/2020,Seneca,1,64,103,4062,34016,1,0.015625
6/15/2020,Seneca,0,64,105,4167,34016,1,0.015625
6/16/2020,Seneca,0,64,81,4248,34016,1,0.015625
6/17/2020,Seneca,0,64,34,4282,34016,1,0.015625
6/18/2020,Seneca,0,64,80,4362,34016,1,0.015625
6/19/2020,Seneca,0,64,80,4442,34016,1,0.015625
6/20/2020,Seneca,0,64,123,4565,34016,1,0.015625
6/21/2020,Seneca,0,64,80,4645,34016,1,0.015625
6/22/2020,Seneca,0,64,78,4723,34016,1,0.015625
6/23/2020,Seneca,0,64,62,4785,34016,1,0.015625
6/24/2020,Seneca,2,66,61,4846,34016,1,0.015151515151515152
6/25/2020,Seneca,3,69,89,4935,34016,1,0.014492753623188406
6/26/2020,Seneca,0,69,82,5017,34016,1,0.014492753623188406
6/27/2020,Seneca,0,69,93,5110,34016,1,0.014492753623188406
6/28/2020,Seneca,0,69,118,5228,34016,1,0.014492753623188406
6/29/2020,Seneca,0,69,60,5288,34016,1,0.014492753623188406
6/30/2020,Seneca,1,70,109,5397,34016,1,0.014285714285714285
7/1/2020,Seneca,0,70,44,5441,34016,1,0.014285714285714285
7/2/2020,Seneca,0,70,47,5488,34016,1,0.014285714285714285
7/3/2020,Seneca,0,70,98,5586,34016,1,0.014285714285714285
7/4/2020,Seneca,1,71,42,5628,34016,1,0.014084507042253521
7/5/2020,Seneca,0,71,60,5688,34016,1,0.014084507042253521
7/6/2020,Seneca,0,71,82,5770,34016,1,0.014084507042253521
7/7/2020,Seneca,0,71,105,5875,34016,1,0.014084507042253521
7/8/2020,Seneca,2,73,115,5990,34016,1,0.0136986301369863
7/9/2020,Seneca,0,73,85,6075,34016,1,0.0136986301369863
7/10/2020,Seneca,1,74,176,6251,34016,1,0.013513513513513514
7/11/2020,Seneca,0,74,110,6361,34016,1,0.013513513513513514
7/12/2020,Seneca,0,74,84,6445,34016,1,0.013513513513513514
7/13/2020,Seneca,0,74,104,6549,34016,1,0.013513513513513514
7/14/2020,Seneca,2,76,139,6688,34016,1,0.013157894736842105
7/15/2020,Seneca,0,76,116,6804,34016,1,0.013157894736842105
7/16/2020,Seneca,1,77,109,6913,34016,1,0.012987012987012988
7/17/2020,Seneca,1,78,108,7021,34016,1,0.01282051282051282
7/18/2020,Seneca,2,80,89,7110,34016,1,0.0125
7/19/2020,Seneca,0,80,79,7189,34016,1,0.0125
7/20/2020,Seneca,0,80,79,7268,34016,1,0.0125
7/21/2020,Seneca,0,80,70,7338,34016,1,0.0125
7/22/2020,Seneca,0,80,145,7483,34016,1,0.0125
7/23/2020,Seneca,3,83,145,7628,34016,1,0.012048192771084338
7/24/2020,Seneca,0,83,173,7801,34016,1,0.012048192771084338
7/25/2020,Seneca,0,83,145,7946,34016,1,0.012048192771084338
7/26/2020,Seneca,0,83,48,7994,34016,1,0.012048192771084338
7/27/2020,Seneca,1,84,36,8030,34016,1,0.011904761904761904
7/28/2020,Seneca,0,84,68,8098,34016,1,0.011904761904761904
7/29/2020,Seneca,0,84,102,8200,34016,1,0.011904761904761904
7/30/2020,Seneca,0,84,137,8337,34016,1,0.011904761904761904
7/31/2020,Seneca,1,85,124,8461,34016,1,0.011764705882352941
8/1/2020,Seneca,1,86,77,8538,34016,1,0.011627906976744186
8/2/2020,Seneca,0,86,43,8581,34016,1,0.011627906976744186
8/3/2020,Seneca,0,86,101,8682,34016,1,0.011627906976744186
8/4/2020,Seneca,0,86,55,8737,34016,1,0.011627906976744186
8/5/2020,Seneca,0,86,135,8872,34016,1,0.011627906976744186
8/6/2020,Seneca,1,87,136,9008,34016,1,0.011494252873563218
8/7/2020,Seneca,2,89,106,9114,34016,1,0.011235955056179775
8/8/2020,Seneca,0,89,98,9212,34016,1,0.011235955056179775
8/9/2020,Seneca,1,90,38,9250,34016,1,0.011111111111111112
8/10/2020,Seneca,1,91,93,9343,34016,1,0.01098901098901099
8/11/2020,Seneca,0,91,89,9432,34016,1,0.01098901098901099
8/12/2020,Seneca,1,92,100,9532,34016,1,0.010869565217391304
8/13/2020,Seneca,1,93,133,9665,34016,1,0.010752688172043012
8/14/2020,Seneca,0,93,83,9748,34016,1,0.010752688172043012
8/15/2020,Seneca,0,93,133,9881,34016,1,0.010752688172043012
8/16/2020,Seneca,1,94,85,9966,34016,1,0.010638297872340425
8/17/2020,Seneca,1,95,67,10033,34016,1,0.010526315789473684
8/18/2020,Seneca,0,95,66,10099,34016,1,0.010526315789473684
8/19/2020,Seneca,0,95,107,10206,34016,1,0.010526315789473684
8/20/2020,Seneca,0,95,131,10337,34016,1,0.010526315789473684
8/21/2020,Seneca,0,95,143,10480,34016,1,0.010526315789473684
8/22/2020,Seneca,0,95,69,10549,34016,1,0.010526315789473684
8/23/2020,Seneca,0,95,84,10633,34016,1,0.010526315789473684
8/24/2020,Seneca,1,96,100,10733,34016,1,0.010416666666666666
8/25/2020,Seneca,2,98,59,10792,34016,1,0.01020408163265306
8/26/2020,Seneca,0,98,97,10889,34016,1,0.01020408163265306
8/27/2020,Seneca,0,98,167,11056,34016,1,0.01020408163265306
8/28/2020,Seneca,0,98,137,11193,34016,1,0.01020408163265306
8/29/2020,Seneca,2,100,111,11304,34016,1,0.01
8/30/2020,Seneca,0,100,61,11365,34016,1,0.01
8/31/2020,Seneca,0,100,48,11413,34016,1,0.01
9/1/2020,Seneca,0,100,61,11474,34016,1,0.01
9/2/2020,Seneca,1,101,80,11554,34016,1,0.009900990099009901
9/3/2020,Seneca,1,102,122,11676,34016,1,0.00980392156862745
9/4/2020,Seneca,0,102,121,11797,34016,1,0.00980392156862745
9/5/2020,Seneca,0,102,175,11972,34016,1,0.00980392156862745
9/6/2020,Seneca,0,102,30,12002,34016,1,0.00980392156862745
9/7/2020,Seneca,0,102,38,12040,34016,1,0.00980392156862745
9/8/2020,Seneca,0,102,76,12116,34016,1,0.00980392156862745
9/9/2020,Seneca,1,103,72,12188,34016,1,0.009708737864077669
9/10/2020,Seneca,0,103,79,12267,34016,1,0.009708737864077669
9/11/2020,Seneca,1,104,196,12463,34016,1,0.009615384615384616
9/12/2020,Seneca,0,104,79,12542,34016,1,0.009615384615384616
9/13/2020,Seneca,0,104,104,12646,34016,1,0.009615384615384616
9/14/2020,Seneca,0,104,89,12735,34016,1,0.009615384615384616
9/15/2020,Seneca,0,104,128,12863,34016,1,0.009615384615384616
9/16/2020,Seneca,0,104,104,12967,34016,1,0.009615384615384616
9/17/2020,Seneca,1,105,152,13119,34016,1,0.009523809523809525
9/18/2020,Seneca,0,105,204,13323,34016,1,0.009523809523809525
9/19/2020,Seneca,0,105,97,13420,34016,1,0.009523809523809525
9/20/2020,Seneca,0,105,64,13484,34016,1,0.009523809523809525
9/21/2020,Seneca,0,105,129,13613,34016,1,0.009523809523809525
9/22/2020,Seneca,0,105,88,13701,34016,1,0.009523809523809525
9/23/2020,Seneca,0,105,134,13835,34016,1,0.009523809523809525
9/24/2020,Seneca,1,106,203,14038,34016,1,0.009433962264150943
9/25/2020,Seneca,0,106,168,14206,34016,1,0.009433962264150943
9/26/2020,Seneca,0,106,84,14290,34016,1,0.009433962264150943
9/27/2020,Seneca,0,106,122,14412,34016,1,0.009433962264150943
9/28/2020,Seneca,1,107,41,14453,34016,1,0.009345794392523364
9/29/2020,Seneca,0,107,148,14601,34016,1,0.009345794392523364
9/30/2020,Seneca,1,108,151,14752,34016,1,0.009259259259259259
10/1/2020,Seneca,2,110,128,14880,34016,1,0.00909090909090909
10/2/2020,Seneca,0,110,206,15086,34016,1,0.00909090909090909
10/3/2020,Seneca,0,110,99,15185,34016,1,0.00909090909090909
10/4/2020,Seneca,1,111,99,15284,34016,1,0.009009009009009009
10/5/2020,Seneca,1,112,126,15410,34016,1,0.008928571428571428
10/6/2020,Seneca,0,112,119,15529,34016,1,0.008928571428571428
10/7/2020,Seneca,2,114,110,15639,34016,1,0.008771929824561403
10/8/2020,Seneca,0,114,109,15748,34016,1,0.008771929824561403
10/9/2020,Seneca,1,115,188,15936,34016,1,0.008695652173913044
10/10/2020,Seneca,4,119,151,16087,34016,1,0.008403361344537815
10/11/2020,Seneca,1,120,93,16180,34016,1,0.008333333333333333
10/12/2020,Seneca,0,120,97,16277,34016,2,0.016666666666666666
10/13/2020,Seneca,2,122,87,16364,34016,2,0.01639344262295082
10/14/2020,Seneca,2,124,260,16624,34016,2,0.016129032258064516
10/15/2020,Seneca,1,125,150,16774,34016,2,0.016
10/16/2020,Seneca,1,126,237,17011,34016,2,0.015873015873015872
10/17/2020,Seneca,1,127,117,17128,34016,2,0.015748031496062992
10/18/2020,Seneca,1,128,137,17265,34016,2,0.015625
10/19/2020,Seneca,0,128,129,17394,34016,2,0.015625
10/20/2020,Seneca,3,131,133,17527,34016,2,0.015267175572519083
10/21/2020,Seneca,4,135,299,17826,34016,2,0.014814814814814815
10/22/2020,Seneca,4,139,170,17996,34016,2,0.014388489208633094
10/23/2020,Seneca,1,140,329,18325,34016,2,0.014285714285714285
10/24/2020,Seneca,0,140,324,18649,34016,2,0.014285714285714285
10/25/2020,Seneca,0,140,86,18735,34016,2,0.014285714285714285
10/26/2020,Seneca,2,142,562,19297,34016,2,0.014084507042253521
10/27/2020,Seneca,1,143,205,19502,34016,2,0.013986013986013986
10/28/2020,Seneca,4,147,267,19769,34016,2,0.013605442176870748
10/29/2020,Seneca,1,148,359,20128,34016,2,0.013513513513513514
10/30/2020,Seneca,0,148,251,20379,34016,2,0.013513513513513514
10/31/2020,Seneca,1,149,128,20507,34016,2,0.013422818791946308
11/1/2020,Seneca,3,152,98,20605,34016,2,0.013157894736842105
11/2/2020,Seneca,2,154,162,20767,34016,2,0.012987012987012988
11/3/2020,Seneca,1,155,97,20864,34016,2,0.012903225806451613
11/4/2020,Seneca,8,163,250,21114,34016,2,0.012269938650306749
11/5/2020,Seneca,4,167,113,21227,34016,2,0.011976047904191617
11/6/2020,Seneca,4,171,220,21447,34016,2,0.011695906432748537
11/7/2020,Seneca,5,176,155,21602,34016,2,0.011363636363636364
11/8/2020,Seneca,6,182,128,21730,34016,2,0.01098901098901099
11/9/2020,Seneca,6,188,181,21911,34016,2,0.010638297872340425
11/10/2020,Seneca,2,190,93,22004,34016,2,0.010526315789473684
11/11/2020,Seneca,9,199,310,22314,34016,2,0.010050251256281407
11/12/2020,Seneca,3,202,107,22421,34016,2,0.009900990099009901
11/13/2020,Seneca,3,205,300,22721,34016,2,0.00975609756097561
11/14/2020,Seneca,4,209,223,22944,34016,2,0.009569377990430622
3/1/2020,St. Lawrence,0,0,0,0,107740,0,NaN
3/2/2020,St. Lawrence,0,0,0,0,107740,0,NaN
3/3/2020,St. Lawrence,0,0,0,0,107740,0,NaN
3/4/2020,St. Lawrence,0,0,0,0,107740,0,NaN
3/5/2020,St. Lawrence,0,0,0,0,107740,0,NaN
3/6/2020,St. Lawrence,0,0,0,0,107740,0,NaN
3/7/2020,St. Lawrence,0,0,2,2,107740,0,NaN
3/8/2020,St. Lawrence,0,0,0,2,107740,0,NaN
3/9/2020,St. Lawrence,0,0,0,2,107740,0,NaN
3/10/2020,St. Lawrence,0,0,1,3,107740,0,NaN
3/11/2020,St. Lawrence,0,0,2,5,107740,0,NaN
3/12/2020,St. Lawrence,0,0,1,6,107740,0,NaN
3/13/2020,St. Lawrence,0,0,1,7,107740,0,NaN
3/14/2020,St. Lawrence,0,0,1,8,107740,0,NaN
3/15/2020,St. Lawrence,0,0,1,9,107740,0,NaN
3/16/2020,St. Lawrence,0,0,0,9,107740,0,NaN
3/17/2020,St. Lawrence,0,0,7,16,107740,0,NaN
3/18/2020,St. Lawrence,0,0,3,19,107740,0,NaN
3/19/2020,St. Lawrence,0,0,7,26,107740,0,NaN
3/20/2020,St. Lawrence,0,0,7,33,107740,0,NaN
3/21/2020,St. Lawrence,1,1,20,53,107740,0,0
3/22/2020,St. Lawrence,0,1,9,62,107740,0,0
3/23/2020,St. Lawrence,0,1,6,68,107740,0,0
3/24/2020,St. Lawrence,0,1,10,78,107740,0,0
3/25/2020,St. Lawrence,1,2,14,92,107740,0,0
3/26/2020,St. Lawrence,1,3,29,121,107740,0,0
3/27/2020,St. Lawrence,5,8,82,203,107740,0,0
3/28/2020,St. Lawrence,4,12,65,268,107740,0,0
3/29/2020,St. Lawrence,1,13,44,312,107740,0,0
3/30/2020,St. Lawrence,17,30,74,386,107740,0,0
3/31/2020,St. Lawrence,4,34,32,418,107740,0,0
4/1/2020,St. Lawrence,5,39,30,448,107740,0,0
4/2/2020,St. Lawrence,4,43,54,502,107740,0,0
4/3/2020,St. Lawrence,9,52,81,583,107740,0,0
4/4/2020,St. Lawrence,3,55,46,629,107740,0,0
4/5/2020,St. Lawrence,4,59,43,672,107740,0,0
4/6/2020,St. Lawrence,1,60,64,736,107740,0,0
4/7/2020,St. Lawrence,9,69,69,805,107740,0,0
4/8/2020,St. Lawrence,7,76,50,855,107740,0,0
4/9/2020,St. Lawrence,2,78,24,879,107740,1,0.01282051282051282
4/10/2020,St. Lawrence,2,80,19,898,107740,1,0.0125
4/11/2020,St. Lawrence,5,85,65,963,107740,1,0.011764705882352941
4/12/2020,St. Lawrence,4,89,47,1010,107740,1,0.011235955056179775
4/13/2020,St. Lawrence,3,92,29,1039,107740,1,0.010869565217391304
4/14/2020,St. Lawrence,0,92,7,1046,107740,1,0.010869565217391304
4/15/2020,St. Lawrence,1,93,48,1094,107740,1,0.010752688172043012
4/16/2020,St. Lawrence,3,96,16,1110,107740,1,0.010416666666666666
4/17/2020,St. Lawrence,2,98,6,1116,107740,1,0.01020408163265306
4/18/2020,St. Lawrence,7,105,25,1141,107740,1,0.009523809523809525
4/19/2020,St. Lawrence,5,110,24,1165,107740,1,0.00909090909090909
4/20/2020,St. Lawrence,10,120,17,1182,107740,1,0.008333333333333333
4/21/2020,St. Lawrence,3,123,6,1188,107740,1,0.008130081300813009
4/22/2020,St. Lawrence,16,139,94,1282,107740,1,0.007194244604316547
4/23/2020,St. Lawrence,5,144,37,1319,107740,1,0.006944444444444444
4/24/2020,St. Lawrence,12,156,64,1383,107740,1,0.00641025641025641
4/25/2020,St. Lawrence,11,167,36,1419,107740,1,0.005988023952095809
4/26/2020,St. Lawrence,2,169,27,1446,107740,1,0.005917159763313609
4/27/2020,St. Lawrence,1,170,19,1465,107740,2,0.011764705882352941
4/28/2020,St. Lawrence,0,170,84,1549,107740,2,0.011764705882352941
4/29/2020,St. Lawrence,3,173,277,1826,107740,2,0.011560693641618497
4/30/2020,St. Lawrence,3,176,157,1983,107740,2,0.011363636363636364
5/1/2020,St. Lawrence,0,176,130,2113,107740,2,0.011363636363636364
5/2/2020,St. Lawrence,1,177,125,2238,107740,2,0.011299435028248588
5/3/2020,St. Lawrence,1,178,85,2323,107740,2,0.011235955056179775
5/4/2020,St. Lawrence,0,178,38,2361,107740,2,0.011235955056179775
5/5/2020,St. Lawrence,2,180,34,2395,107740,2,0.011111111111111112
5/6/2020,St. Lawrence,1,181,53,2448,107740,2,0.011049723756906077
5/7/2020,St. Lawrence,6,187,845,3293,107740,2,0.0106951871657754
5/8/2020,St. Lawrence,0,187,164,3457,107740,2,0.0106951871657754
5/9/2020,St. Lawrence,0,187,51,3508,107740,2,0.0106951871657754
5/10/2020,St. Lawrence,3,190,47,3555,107740,2,0.010526315789473684
5/11/2020,St. Lawrence,1,191,18,3573,107740,2,0.010471204188481676
5/12/2020,St. Lawrence,1,192,151,3724,107740,2,0.010416666666666666
5/13/2020,St. Lawrence,0,192,105,3829,107740,2,0.010416666666666666
5/14/2020,St. Lawrence,0,192,332,4161,107740,2,0.010416666666666666
5/15/2020,St. Lawrence,0,192,1456,5617,107740,2,0.010416666666666666
5/16/2020,St. Lawrence,0,192,205,5822,107740,2,0.010416666666666666
5/17/2020,St. Lawrence,0,192,239,6061,107740,2,0.010416666666666666
5/18/2020,St. Lawrence,0,192,71,6132,107740,2,0.010416666666666666
5/19/2020,St. Lawrence,3,195,173,6305,107740,2,0.010256410256410256
5/20/2020,St. Lawrence,0,195,504,6809,107740,2,0.010256410256410256
5/21/2020,St. Lawrence,0,195,349,7158,107740,2,0.010256410256410256
5/22/2020,St. Lawrence,1,196,333,7491,107740,2,0.01020408163265306
5/23/2020,St. Lawrence,1,197,301,7792,107740,2,0.01015228426395939
5/24/2020,St. Lawrence,0,197,114,7906,107740,2,0.01015228426395939
5/25/2020,St. Lawrence,0,197,60,7966,107740,2,0.01015228426395939
5/26/2020,St. Lawrence,3,200,78,8044,107740,2,0.01
5/27/2020,St. Lawrence,1,201,227,8271,107740,2,0.009950248756218905
5/28/2020,St. Lawrence,1,202,447,8718,107740,2,0.009900990099009901
5/29/2020,St. Lawrence,0,202,136,8854,107740,2,0.009900990099009901
5/30/2020,St. Lawrence,2,204,303,9157,107740,2,0.00980392156862745
5/31/2020,St. Lawrence,1,205,472,9629,107740,2,0.00975609756097561
6/1/2020,St. Lawrence,0,205,106,9735,107740,2,0.00975609756097561
6/2/2020,St. Lawrence,1,206,324,10059,107740,2,0.009708737864077669
6/3/2020,St. Lawrence,1,207,293,10352,107740,2,0.00966183574879227
6/4/2020,St. Lawrence,0,207,451,10803,107740,2,0.00966183574879227
6/5/2020,St. Lawrence,2,209,477,11280,107740,2,0.009569377990430622
6/6/2020,St. Lawrence,0,209,382,11662,107740,2,0.009569377990430622
6/7/2020,St. Lawrence,0,209,539,12201,107740,2,0.009569377990430622
6/8/2020,St. Lawrence,0,209,220,12421,107740,2,0.009569377990430622
6/9/2020,St. Lawrence,0,209,170,12591,107740,2,0.009569377990430622
6/10/2020,St. Lawrence,3,212,256,12847,107740,2,0.009433962264150943
6/11/2020,St. Lawrence,2,214,427,13274,107740,2,0.009345794392523364
6/12/2020,St. Lawrence,0,214,368,13642,107740,3,0.014018691588785047
6/13/2020,St. Lawrence,1,215,383,14025,107740,3,0.013953488372093023
6/14/2020,St. Lawrence,0,215,222,14247,107740,3,0.013953488372093023
6/15/2020,St. Lawrence,0,215,190,14437,107740,3,0.013953488372093023
6/16/2020,St. Lawrence,0,215,226,14663,107740,3,0.013953488372093023
6/17/2020,St. Lawrence,0,215,246,14909,107740,3,0.013953488372093023
6/18/2020,St. Lawrence,0,215,216,15125,107740,3,0.013953488372093023
6/19/2020,St. Lawrence,1,216,352,15477,107740,3,0.013888888888888888
6/20/2020,St. Lawrence,0,216,266,15743,107740,3,0.013888888888888888
6/21/2020,St. Lawrence,1,217,271,16014,107740,3,0.013824884792626729
6/22/2020,St. Lawrence,0,217,153,16167,107740,3,0.013824884792626729
6/23/2020,St. Lawrence,0,217,99,16266,107740,3,0.013824884792626729
6/24/2020,St. Lawrence,0,217,249,16515,107740,3,0.013824884792626729
6/25/2020,St. Lawrence,1,218,282,16797,107740,3,0.013761467889908258
6/26/2020,St. Lawrence,0,218,315,17112,107740,3,0.013761467889908258
6/27/2020,St. Lawrence,0,218,435,17547,107740,3,0.013761467889908258
6/28/2020,St. Lawrence,1,219,220,17767,107740,3,0.0136986301369863
6/29/2020,St. Lawrence,0,219,144,17911,107740,3,0.0136986301369863
6/30/2020,St. Lawrence,0,219,121,18032,107740,3,0.0136986301369863
7/1/2020,St. Lawrence,1,220,137,18169,107740,3,0.013636363636363636
7/2/2020,St. Lawrence,2,222,183,18352,107740,3,0.013513513513513514
7/3/2020,St. Lawrence,1,223,416,18768,107740,3,0.013452914798206279
7/4/2020,St. Lawrence,1,224,143,18911,107740,3,0.013392857142857142
7/5/2020,St. Lawrence,2,226,242,19153,107740,3,0.01327433628318584
7/6/2020,St. Lawrence,0,226,141,19294,107740,3,0.01327433628318584
7/7/2020,St. Lawrence,1,227,278,19572,107740,3,0.013215859030837005
7/8/2020,St. Lawrence,0,227,215,19787,107740,3,0.013215859030837005
7/9/2020,St. Lawrence,0,227,247,20034,107740,3,0.013215859030837005
7/10/2020,St. Lawrence,3,230,555,20589,107740,3,0.013043478260869565
7/11/2020,St. Lawrence,0,230,385,20974,107740,3,0.013043478260869565
7/12/2020,St. Lawrence,1,231,489,21463,107740,3,0.012987012987012988
7/13/2020,St. Lawrence,2,233,321,21784,107740,3,0.012875536480686695
7/14/2020,St. Lawrence,1,234,345,22129,107740,4,0.017094017094017096
7/15/2020,St. Lawrence,3,237,384,22513,107740,4,0.016877637130801686
7/16/2020,St. Lawrence,1,238,227,22740,107740,4,0.01680672268907563
7/17/2020,St. Lawrence,4,242,307,23047,107740,4,0.01652892561983471
7/18/2020,St. Lawrence,0,242,149,23196,107740,4,0.01652892561983471
7/19/2020,St. Lawrence,4,246,274,23470,107740,4,0.016260162601626018
7/20/2020,St. Lawrence,1,247,315,23785,107740,4,0.016194331983805668
7/21/2020,St. Lawrence,3,250,301,24086,107740,4,0.016
7/22/2020,St. Lawrence,3,253,427,24513,107740,4,0.015810276679841896
7/23/2020,St. Lawrence,1,254,276,24789,107740,4,0.015748031496062992
7/24/2020,St. Lawrence,3,257,414,25203,107740,4,0.01556420233463035
7/25/2020,St. Lawrence,1,258,605,25808,107740,4,0.015503875968992248
7/26/2020,St. Lawrence,0,258,488,26296,107740,4,0.015503875968992248
7/27/2020,St. Lawrence,0,258,248,26544,107740,4,0.015503875968992248
7/28/2020,St. Lawrence,1,259,298,26842,107740,4,0.015444015444015444
7/29/2020,St. Lawrence,1,260,313,27155,107740,4,0.015384615384615385
7/30/2020,St. Lawrence,0,260,270,27425,107740,4,0.015384615384615385
7/31/2020,St. Lawrence,1,261,603,28028,107740,4,0.01532567049808429
8/1/2020,St. Lawrence,1,262,418,28446,107740,4,0.015267175572519083
8/2/2020,St. Lawrence,0,262,221,28667,107740,4,0.015267175572519083
8/3/2020,St. Lawrence,0,262,228,28895,107740,4,0.015267175572519083
8/4/2020,St. Lawrence,0,262,292,29187,107740,4,0.015267175572519083
8/5/2020,St. Lawrence,1,263,182,29369,107740,4,0.015209125475285171
8/6/2020,St. Lawrence,0,263,254,29623,107740,4,0.015209125475285171
8/7/2020,St. Lawrence,0,263,216,29839,107740,4,0.015209125475285171
8/8/2020,St. Lawrence,0,263,419,30258,107740,4,0.015209125475285171
8/9/2020,St. Lawrence,0,263,122,30380,107740,4,0.015209125475285171
8/10/2020,St. Lawrence,0,263,422,30802,107740,4,0.015209125475285171
8/11/2020,St. Lawrence,0,263,315,31117,107740,4,0.015209125475285171
8/12/2020,St. Lawrence,0,263,416,31533,107740,4,0.015209125475285171
8/13/2020,St. Lawrence,0,263,283,31816,107740,4,0.015209125475285171
8/14/2020,St. Lawrence,0,263,716,32532,107740,4,0.015209125475285171
8/15/2020,St. Lawrence,0,263,429,32961,107740,4,0.015209125475285171
8/16/2020,St. Lawrence,0,263,283,33244,107740,4,0.015209125475285171
8/17/2020,St. Lawrence,0,263,321,33565,107740,4,0.015209125475285171
8/18/2020,St. Lawrence,1,264,652,34217,107740,4,0.015151515151515152
8/19/2020,St. Lawrence,0,264,1001,35218,107740,4,0.015151515151515152
8/20/2020,St. Lawrence,1,265,1052,36270,107740,4,0.01509433962264151
8/21/2020,St. Lawrence,0,265,1220,37490,107740,4,0.01509433962264151
8/22/2020,St. Lawrence,2,267,1003,38493,107740,4,0.0149812734082397
8/23/2020,St. Lawrence,0,267,959,39452,107740,4,0.0149812734082397
8/24/2020,St. Lawrence,0,267,408,39860,107740,4,0.0149812734082397
8/25/2020,St. Lawrence,0,267,505,40365,107740,4,0.0149812734082397
8/26/2020,St. Lawrence,2,269,423,40788,107740,4,0.01486988847583643
8/27/2020,St. Lawrence,1,270,529,41317,107740,4,0.014814814814814815
8/28/2020,St. Lawrence,3,273,915,42232,107740,4,0.014652014652014652
8/29/2020,St. Lawrence,1,274,464,42696,107740,4,0.014598540145985401
8/30/2020,St. Lawrence,1,275,230,42926,107740,4,0.014545454545454545
8/31/2020,St. Lawrence,0,275,357,43283,107740,4,0.014545454545454545
9/1/2020,St. Lawrence,4,279,324,43607,107740,4,0.014336917562724014
9/2/2020,St. Lawrence,8,287,313,43920,107740,4,0.013937282229965157
9/3/2020,St. Lawrence,4,291,1157,45077,107740,4,0.013745704467353952
9/4/2020,St. Lawrence,2,293,1004,46081,107740,4,0.013651877133105802
9/5/2020,St. Lawrence,3,296,1005,47086,107740,4,0.013513513513513514
9/6/2020,St. Lawrence,1,297,698,47784,107740,4,0.013468013468013467
9/7/2020,St. Lawrence,0,297,421,48205,107740,4,0.013468013468013467
9/8/2020,St. Lawrence,4,301,254,48459,107740,4,0.013289036544850499
9/9/2020,St. Lawrence,1,302,300,48759,107740,4,0.013245033112582781
9/10/2020,St. Lawrence,1,303,1032,49791,107740,4,0.013201320132013201
9/11/2020,St. Lawrence,1,304,591,50382,107740,4,0.013157894736842105
9/12/2020,St. Lawrence,0,304,551,50933,107740,4,0.013157894736842105
9/13/2020,St. Lawrence,3,307,278,51211,107740,4,0.013029315960912053
9/14/2020,St. Lawrence,1,308,338,51549,107740,4,0.012987012987012988
9/15/2020,St. Lawrence,2,310,267,51816,107740,4,0.012903225806451613
9/16/2020,St. Lawrence,3,313,1027,52843,107740,4,0.012779552715654952
9/17/2020,St. Lawrence,1,314,560,53403,107740,4,0.012738853503184714
9/18/2020,St. Lawrence,1,315,459,53862,107740,4,0.012698412698412698
9/19/2020,St. Lawrence,3,318,616,54478,107740,4,0.012578616352201259
9/20/2020,St. Lawrence,0,318,274,54752,107740,4,0.012578616352201259
9/21/2020,St. Lawrence,1,319,231,54983,107740,4,0.012539184952978056
9/22/2020,St. Lawrence,1,320,339,55322,107740,4,0.0125
9/23/2020,St. Lawrence,2,322,598,55920,107740,4,0.012422360248447204
9/24/2020,St. Lawrence,0,322,804,56724,107740,4,0.012422360248447204
9/25/2020,St. Lawrence,0,322,844,57568,107740,4,0.012422360248447204
9/26/2020,St. Lawrence,0,322,475,58043,107740,4,0.012422360248447204
9/27/2020,St. Lawrence,2,324,345,58388,107740,4,0.012345679012345678
9/28/2020,St. Lawrence,1,325,210,58598,107740,4,0.012307692307692308
9/29/2020,St. Lawrence,2,327,1949,60547,107740,4,0.012232415902140673
9/30/2020,St. Lawrence,3,330,1096,61643,107740,4,0.012121212121212121
10/1/2020,St. Lawrence,1,331,852,62495,107740,4,0.012084592145015106
10/2/2020,St. Lawrence,2,333,799,63294,107740,4,0.012012012012012012
10/3/2020,St. Lawrence,2,335,653,63947,107740,4,0.011940298507462687
10/4/2020,St. Lawrence,1,336,236,64183,107740,4,0.011904761904761904
10/5/2020,St. Lawrence,1,337,646,64829,107740,4,0.011869436201780416
10/6/2020,St. Lawrence,0,337,1964,66793,107740,4,0.011869436201780416
10/7/2020,St. Lawrence,2,339,435,67228,107740,4,0.011799410029498525
10/8/2020,St. Lawrence,3,342,1328,68556,107740,4,0.011695906432748537
10/9/2020,St. Lawrence,2,344,1047,69603,107740,4,0.011627906976744186
10/10/2020,St. Lawrence,1,345,681,70284,107740,4,0.011594202898550725
10/11/2020,St. Lawrence,0,345,278,70562,107740,4,0.011594202898550725
10/12/2020,St. Lawrence,1,346,278,70840,107740,4,0.011560693641618497
10/13/2020,St. Lawrence,3,349,2005,72845,107740,4,0.011461318051575931
10/14/2020,St. Lawrence,2,351,284,73129,107740,4,0.011396011396011397
10/15/2020,St. Lawrence,2,353,371,73500,107740,4,0.0113314447592068
10/16/2020,St. Lawrence,2,355,2157,75657,107740,4,0.011267605633802818
10/17/2020,St. Lawrence,3,358,618,76275,107740,4,0.0111731843575419
10/18/2020,St. Lawrence,5,363,192,76467,107740,4,0.011019283746556474
10/19/2020,St. Lawrence,5,368,306,76773,107740,4,0.010869565217391304
10/20/2020,St. Lawrence,4,372,1858,78631,107740,4,0.010752688172043012
10/21/2020,St. Lawrence,4,376,1320,79951,107740,4,0.010638297872340425
10/22/2020,St. Lawrence,3,379,951,80902,107740,4,0.010554089709762533
10/23/2020,St. Lawrence,3,382,455,81357,107740,4,0.010471204188481676
10/24/2020,St. Lawrence,4,386,517,81874,107740,4,0.010362694300518135
10/25/2020,St. Lawrence,4,390,294,82168,107740,4,0.010256410256410256
10/26/2020,St. Lawrence,6,396,651,82819,107740,4,0.010101010101010102
10/27/2020,St. Lawrence,3,399,1991,84810,107740,4,0.010025062656641603
10/28/2020,St. Lawrence,6,405,1509,86319,107740,4,0.009876543209876543
10/29/2020,St. Lawrence,4,409,604,86923,107740,4,0.009779951100244499
10/30/2020,St. Lawrence,6,415,830,87753,107740,4,0.00963855421686747
10/31/2020,St. Lawrence,8,423,354,88107,107740,4,0.009456264775413711
11/1/2020,St. Lawrence,5,428,275,88382,107740,4,0.009345794392523364
11/2/2020,St. Lawrence,8,436,431,88813,107740,5,0.011467889908256881
11/3/2020,St. Lawrence,6,442,342,89155,107740,5,0.011312217194570135
11/4/2020,St. Lawrence,7,449,3437,92592,107740,5,0.011135857461024499
11/5/2020,St. Lawrence,12,461,839,93431,107740,5,0.010845986984815618
11/6/2020,St. Lawrence,10,471,486,93917,107740,5,0.010615711252653927
11/7/2020,St. Lawrence,9,480,578,94495,107740,5,0.010416666666666666
11/8/2020,St. Lawrence,13,493,361,94856,107740,5,0.010141987829614604
11/9/2020,St. Lawrence,8,501,303,95159,107740,5,0.00998003992015968
11/10/2020,St. Lawrence,8,509,1355,96514,107740,5,0.009823182711198428
11/11/2020,St. Lawrence,18,527,1148,97662,107740,5,0.009487666034155597
11/12/2020,St. Lawrence,19,546,2839,100501,107740,5,0.009157509157509158
11/13/2020,St. Lawrence,8,554,1162,101663,107740,5,0.009025270758122744
11/14/2020,St. Lawrence,14,568,1104,102767,107740,5,0.008802816901408451
3/1/2020,Steuben,0,0,0,0,95379,0,NaN
3/2/2020,Steuben,0,0,0,0,95379,0,NaN
3/3/2020,Steuben,0,0,0,0,95379,0,NaN
3/4/2020,Steuben,0,0,0,0,95379,0,NaN
3/5/2020,Steuben,0,0,0,0,95379,0,NaN
3/6/2020,Steuben,0,0,0,0,95379,0,NaN
3/7/2020,Steuben,0,0,0,0,95379,0,NaN
3/8/2020,Steuben,0,0,0,0,95379,0,NaN
3/9/2020,Steuben,0,0,0,0,95379,0,NaN
3/10/2020,Steuben,0,0,0,0,95379,0,NaN
3/11/2020,Steuben,0,0,0,0,95379,0,NaN
3/12/2020,Steuben,0,0,0,0,95379,0,NaN
3/13/2020,Steuben,0,0,1,1,95379,0,NaN
3/14/2020,Steuben,0,0,0,1,95379,0,NaN
3/15/2020,Steuben,0,0,0,1,95379,0,NaN
3/16/2020,Steuben,0,0,0,1,95379,0,NaN
3/17/2020,Steuben,0,0,0,1,95379,0,NaN
3/18/2020,Steuben,0,0,4,5,95379,0,NaN
3/19/2020,Steuben,0,0,3,8,95379,0,NaN
3/20/2020,Steuben,2,2,27,35,95379,0,0
3/21/2020,Steuben,1,3,17,52,95379,0,0
3/22/2020,Steuben,1,4,10,62,95379,0,0
3/23/2020,Steuben,1,5,2,64,95379,0,0
3/24/2020,Steuben,3,8,13,77,95379,0,0
3/25/2020,Steuben,3,11,30,107,95379,0,0
3/26/2020,Steuben,1,12,25,132,95379,0,0
3/27/2020,Steuben,1,13,27,159,95379,0,0
3/28/2020,Steuben,4,17,22,181,95379,0,0
3/29/2020,Steuben,2,19,8,189,95379,0,0
3/30/2020,Steuben,5,24,39,228,95379,0,0
3/31/2020,Steuben,14,38,56,284,95379,0,0
4/1/2020,Steuben,5,43,25,309,95379,0,0
4/2/2020,Steuben,3,46,36,345,95379,1,0.021739130434782608
4/3/2020,Steuben,9,55,27,372,95379,1,0.01818181818181818
4/4/2020,Steuben,8,63,31,403,95379,1,0.015873015873015872
4/5/2020,Steuben,12,75,40,443,95379,1,0.013333333333333334
4/6/2020,Steuben,0,75,22,465,95379,1,0.013333333333333334
4/7/2020,Steuben,7,82,67,532,95379,1,0.012195121951219513
4/8/2020,Steuben,7,89,50,582,95379,3,0.033707865168539325
4/9/2020,Steuben,28,117,97,679,95379,3,0.02564102564102564
4/10/2020,Steuben,2,119,28,707,95379,3,0.025210084033613446
4/11/2020,Steuben,2,121,12,719,95379,5,0.04132231404958678
4/12/2020,Steuben,2,123,10,729,95379,5,0.04065040650406504
4/13/2020,Steuben,24,147,90,819,95379,5,0.034013605442176874
4/14/2020,Steuben,4,151,24,843,95379,5,0.033112582781456956
4/15/2020,Steuben,3,154,20,863,95379,9,0.05844155844155844
4/16/2020,Steuben,0,154,25,888,95379,9,0.05844155844155844
4/17/2020,Steuben,6,160,92,980,95379,9,0.05625
4/18/2020,Steuben,7,167,100,1080,95379,9,0.05389221556886228
4/19/2020,Steuben,0,167,4,1084,95379,12,0.0718562874251497
4/20/2020,Steuben,3,170,33,1117,95379,15,0.08823529411764706
4/21/2020,Steuben,1,171,41,1158,95379,15,0.08771929824561403
4/22/2020,Steuben,0,171,24,1182,95379,15,0.08771929824561403
4/23/2020,Steuben,0,171,28,1210,95379,16,0.0935672514619883
4/24/2020,Steuben,33,204,556,1766,95379,17,0.08333333333333333
4/25/2020,Steuben,3,207,35,1801,95379,17,0.0821256038647343
4/26/2020,Steuben,2,209,10,1811,95379,17,0.08133971291866028
4/27/2020,Steuben,1,210,58,1869,95379,17,0.08095238095238096
4/28/2020,Steuben,4,214,105,1974,95379,18,0.08411214953271028
4/29/2020,Steuben,2,216,63,2037,95379,18,0.08333333333333333
4/30/2020,Steuben,0,216,42,2079,95379,19,0.08796296296296297
5/1/2020,Steuben,1,217,62,2141,95379,19,0.08755760368663594
5/2/2020,Steuben,1,218,41,2182,95379,19,0.0871559633027523
5/3/2020,Steuben,1,219,70,2252,95379,19,0.0867579908675799
5/4/2020,Steuben,2,221,90,2342,95379,19,0.08597285067873303
5/5/2020,Steuben,2,223,114,2456,95379,19,0.08520179372197309
5/6/2020,Steuben,1,224,66,2522,95379,24,0.10714285714285714
5/7/2020,Steuben,1,225,101,2623,95379,24,0.10666666666666667
5/8/2020,Steuben,1,226,228,2851,95379,25,0.11061946902654868
5/9/2020,Steuben,1,227,73,2924,95379,25,0.11013215859030837
5/10/2020,Steuben,1,228,58,2982,95379,25,0.10964912280701754
5/11/2020,Steuben,1,229,90,3072,95379,25,0.1091703056768559
5/12/2020,Steuben,1,230,306,3378,95379,25,0.10869565217391304
5/13/2020,Steuben,0,230,103,3481,95379,25,0.10869565217391304
5/14/2020,Steuben,1,231,110,3591,95379,25,0.10822510822510822
5/15/2020,Steuben,2,233,68,3659,95379,26,0.11158798283261803
5/16/2020,Steuben,1,234,97,3756,95379,27,0.11538461538461539
5/17/2020,Steuben,1,235,67,3823,95379,27,0.1148936170212766
5/18/2020,Steuben,1,236,126,3949,95379,27,0.11440677966101695
5/19/2020,Steuben,1,237,314,4263,95379,27,0.11392405063291139
5/20/2020,Steuben,1,238,133,4396,95379,27,0.1134453781512605
5/21/2020,Steuben,2,240,161,4557,95379,27,0.1125
5/22/2020,Steuben,0,240,114,4671,95379,27,0.1125
5/23/2020,Steuben,0,240,83,4754,95379,27,0.1125
5/24/2020,Steuben,0,240,72,4826,95379,27,0.1125
5/25/2020,Steuben,0,240,79,4905,95379,27,0.1125
5/26/2020,Steuben,1,241,221,5126,95379,27,0.11203319502074689
5/27/2020,Steuben,0,241,132,5258,95379,27,0.11203319502074689
5/28/2020,Steuben,0,241,98,5356,95379,27,0.11203319502074689
5/29/2020,Steuben,0,241,133,5489,95379,27,0.11203319502074689
5/30/2020,Steuben,0,241,122,5611,95379,27,0.11203319502074689
5/31/2020,Steuben,0,241,91,5702,95379,27,0.11203319502074689
6/1/2020,Steuben,1,242,133,5835,95379,28,0.11570247933884298
6/2/2020,Steuben,1,243,332,6167,95379,29,0.11934156378600823
6/3/2020,Steuben,2,245,187,6354,95379,29,0.11836734693877551
6/4/2020,Steuben,1,246,148,6502,95379,29,0.11788617886178862
6/5/2020,Steuben,5,251,360,6862,95379,29,0.11553784860557768
6/6/2020,Steuben,0,251,120,6982,95379,29,0.11553784860557768
6/7/2020,Steuben,0,251,162,7144,95379,29,0.11553784860557768
6/8/2020,Steuben,1,252,196,7340,95379,29,0.11507936507936507
6/9/2020,Steuben,1,253,238,7578,95379,29,0.11462450592885376
6/10/2020,Steuben,1,254,374,7952,95379,29,0.1141732283464567
6/11/2020,Steuben,0,254,239,8191,95379,29,0.1141732283464567
6/12/2020,Steuben,1,255,278,8469,95379,29,0.11372549019607843
6/13/2020,Steuben,0,255,158,8627,95379,29,0.11372549019607843
6/14/2020,Steuben,1,256,198,8825,95379,29,0.11328125
6/15/2020,Steuben,1,257,346,9171,95379,29,0.11284046692607004
6/16/2020,Steuben,0,257,306,9477,95379,29,0.11284046692607004
6/17/2020,Steuben,0,257,359,9836,95379,29,0.11284046692607004
6/18/2020,Steuben,0,257,257,10093,95379,29,0.11284046692607004
6/19/2020,Steuben,4,261,133,10226,95379,29,0.1111111111111111
6/20/2020,Steuben,0,261,172,10398,95379,29,0.1111111111111111
6/21/2020,Steuben,2,263,204,10602,95379,29,0.11026615969581749
6/22/2020,Steuben,0,263,163,10765,95379,29,0.11026615969581749
6/23/2020,Steuben,0,263,263,11028,95379,29,0.11026615969581749
6/24/2020,Steuben,1,264,245,11273,95379,29,0.10984848484848485
6/25/2020,Steuben,0,264,220,11493,95379,29,0.10984848484848485
6/26/2020,Steuben,0,264,178,11671,95379,29,0.10984848484848485
6/27/2020,Steuben,2,266,236,11907,95379,29,0.10902255639097744
6/28/2020,Steuben,0,266,171,12078,95379,29,0.10902255639097744
6/29/2020,Steuben,0,266,165,12243,95379,29,0.10902255639097744
6/30/2020,Steuben,2,268,402,12645,95379,29,0.10820895522388059
7/1/2020,Steuben,0,268,213,12858,95379,29,0.10820895522388059
7/2/2020,Steuben,0,268,201,13059,95379,29,0.10820895522388059
7/3/2020,Steuben,1,269,282,13341,95379,29,0.10780669144981413
7/4/2020,Steuben,1,270,209,13550,95379,29,0.10740740740740741
7/5/2020,Steuben,1,271,252,13802,95379,29,0.1070110701107011
7/6/2020,Steuben,0,271,195,13997,95379,29,0.1070110701107011
7/7/2020,Steuben,0,271,223,14220,95379,29,0.1070110701107011
7/8/2020,Steuben,1,272,199,14419,95379,29,0.10661764705882353
7/9/2020,Steuben,0,272,182,14601,95379,29,0.10661764705882353
7/10/2020,Steuben,2,274,183,14784,95379,29,0.10583941605839416
7/11/2020,Steuben,0,274,247,15031,95379,29,0.10583941605839416
7/12/2020,Steuben,2,276,101,15132,95379,29,0.10507246376811594
7/13/2020,Steuben,2,278,292,15424,95379,29,0.10431654676258993
7/14/2020,Steuben,1,279,402,15826,95379,29,0.1039426523297491
7/15/2020,Steuben,0,279,299,16125,95379,29,0.1039426523297491
7/16/2020,Steuben,0,279,254,16379,95379,29,0.1039426523297491
7/17/2020,Steuben,1,280,228,16607,95379,29,0.10357142857142858
7/18/2020,Steuben,1,281,178,16785,95379,29,0.10320284697508897
7/19/2020,Steuben,1,282,172,16957,95379,29,0.10283687943262411
7/20/2020,Steuben,1,283,119,17076,95379,29,0.10247349823321555
7/21/2020,Steuben,0,283,324,17400,95379,29,0.10247349823321555
7/22/2020,Steuben,1,284,359,17759,95379,29,0.10211267605633803
7/23/2020,Steuben,1,285,226,17985,95379,29,0.10175438596491228
7/24/2020,Steuben,3,288,297,18282,95379,29,0.10069444444444445
7/25/2020,Steuben,0,288,179,18461,95379,29,0.10069444444444445
7/26/2020,Steuben,0,288,187,18648,95379,29,0.10069444444444445
7/27/2020,Steuben,1,289,161,18809,95379,29,0.10034602076124567
7/28/2020,Steuben,1,290,330,19139,95379,29,0.1
7/29/2020,Steuben,0,290,393,19532,95379,29,0.1
7/30/2020,Steuben,0,290,266,19798,95379,29,0.1
7/31/2020,Steuben,0,290,216,20014,95379,29,0.1
8/1/2020,Steuben,2,292,147,20161,95379,39,0.13356164383561644
8/2/2020,Steuben,0,292,95,20256,95379,39,0.13356164383561644
8/3/2020,Steuben,2,294,171,20427,95379,39,0.1326530612244898
8/4/2020,Steuben,3,297,423,20850,95379,39,0.13131313131313133
8/5/2020,Steuben,0,297,253,21103,95379,39,0.13131313131313133
8/6/2020,Steuben,0,297,221,21324,95379,39,0.13131313131313133
8/7/2020,Steuben,1,298,203,21527,95379,39,0.13087248322147652
8/8/2020,Steuben,0,298,298,21825,95379,39,0.13087248322147652
8/9/2020,Steuben,0,298,218,22043,95379,39,0.13087248322147652
8/10/2020,Steuben,2,300,380,22423,95379,39,0.13
8/11/2020,Steuben,0,300,325,22748,95379,39,0.13
8/12/2020,Steuben,1,301,320,23068,95379,39,0.12956810631229235
8/13/2020,Steuben,2,303,275,23343,95379,39,0.12871287128712872
8/14/2020,Steuben,3,306,348,23691,95379,39,0.12745098039215685
8/15/2020,Steuben,0,306,388,24079,95379,39,0.12745098039215685
8/16/2020,Steuben,1,307,237,24316,95379,39,0.1270358306188925
8/17/2020,Steuben,0,307,156,24472,95379,39,0.1270358306188925
8/18/2020,Steuben,0,307,286,24758,95379,39,0.1270358306188925
8/19/2020,Steuben,0,307,204,24962,95379,39,0.1270358306188925
8/20/2020,Steuben,1,308,380,25342,95379,39,0.1266233766233766
8/21/2020,Steuben,1,309,316,25658,95379,39,0.1262135922330097
8/22/2020,Steuben,1,310,241,25899,95379,39,0.12580645161290321
8/23/2020,Steuben,0,310,295,26194,95379,39,0.12580645161290321
8/24/2020,Steuben,0,310,156,26350,95379,39,0.12580645161290321
8/25/2020,Steuben,0,310,299,26649,95379,39,0.12580645161290321
8/26/2020,Steuben,1,311,263,26912,95379,39,0.12540192926045016
8/27/2020,Steuben,1,312,337,27249,95379,39,0.125
8/28/2020,Steuben,1,313,360,27609,95379,39,0.12460063897763578
8/29/2020,Steuben,2,315,213,27822,95379,39,0.12380952380952381
8/30/2020,Steuben,0,315,246,28068,95379,39,0.12380952380952381
8/31/2020,Steuben,0,315,230,28298,95379,39,0.12380952380952381
9/1/2020,Steuben,0,315,273,28571,95379,39,0.12380952380952381
9/2/2020,Steuben,1,316,286,28857,95379,39,0.12341772151898735
9/3/2020,Steuben,3,319,163,29020,95379,39,0.12225705329153605
9/4/2020,Steuben,0,319,237,29257,95379,39,0.12225705329153605
9/5/2020,Steuben,1,320,150,29407,95379,39,0.121875
9/6/2020,Steuben,0,320,134,29541,95379,39,0.121875
9/7/2020,Steuben,3,323,139,29680,95379,39,0.12074303405572756
9/8/2020,Steuben,2,325,338,30018,95379,39,0.12
9/9/2020,Steuben,0,325,401,30419,95379,39,0.12
9/10/2020,Steuben,1,326,83,30502,95379,39,0.1196319018404908
9/11/2020,Steuben,0,326,307,30809,95379,39,0.1196319018404908
9/12/2020,Steuben,0,326,132,30941,95379,39,0.1196319018404908
9/13/2020,Steuben,0,326,277,31218,95379,39,0.1196319018404908
9/14/2020,Steuben,5,331,339,31557,95379,39,0.11782477341389729
9/15/2020,Steuben,3,334,273,31830,95379,39,0.11676646706586827
9/16/2020,Steuben,5,339,346,32176,95379,39,0.11504424778761062
9/17/2020,Steuben,3,342,265,32441,95379,39,0.11403508771929824
9/18/2020,Steuben,2,344,316,32757,95379,39,0.11337209302325581
9/19/2020,Steuben,6,350,373,33130,95379,39,0.11142857142857143
9/20/2020,Steuben,3,353,195,33325,95379,39,0.11048158640226628
9/21/2020,Steuben,7,360,317,33642,95379,39,0.10833333333333334
9/22/2020,Steuben,6,366,440,34082,95379,39,0.10655737704918032
9/23/2020,Steuben,10,376,347,34429,95379,39,0.10372340425531915
9/24/2020,Steuben,11,387,305,34734,95379,39,0.10077519379844961
9/25/2020,Steuben,17,404,488,35222,95379,41,0.10148514851485149
9/26/2020,Steuben,12,416,387,35609,95379,41,0.0985576923076923
9/27/2020,Steuben,4,420,170,35779,95379,41,0.09761904761904762
9/28/2020,Steuben,30,450,517,36296,95379,42,0.09333333333333334
9/29/2020,Steuben,3,453,407,36703,95379,43,0.09492273730684327
9/30/2020,Steuben,11,464,440,37143,95379,43,0.09267241379310345
10/1/2020,Steuben,35,499,413,37556,95379,43,0.08617234468937876
10/2/2020,Steuben,21,520,456,38012,95379,44,0.08461538461538462
10/3/2020,Steuben,14,534,354,38366,95379,47,0.08801498127340825
10/4/2020,Steuben,6,540,242,38608,95379,50,0.09259259259259259
10/5/2020,Steuben,30,570,578,39186,95379,50,0.08771929824561403
10/6/2020,Steuben,15,585,567,39753,95379,51,0.08717948717948718
10/7/2020,Steuben,23,608,492,40245,95379,53,0.08717105263157894
10/8/2020,Steuben,24,632,412,40657,95379,55,0.08702531645569621
10/9/2020,Steuben,28,660,676,41333,95379,56,0.08484848484848485
10/10/2020,Steuben,30,690,564,41897,95379,58,0.08405797101449275
10/11/2020,Steuben,12,702,400,42297,95379,59,0.08404558404558404
10/12/2020,Steuben,29,731,617,42914,95379,63,0.08618331053351573
10/13/2020,Steuben,16,747,389,43303,95379,63,0.08433734939759036
10/14/2020,Steuben,17,764,368,43671,95379,63,0.0824607329842932
10/15/2020,Steuben,53,817,522,44193,95379,66,0.08078335373317014
10/16/2020,Steuben,30,847,558,44751,95379,67,0.07910271546635184
10/17/2020,Steuben,10,857,417,45168,95379,67,0.07817969661610269
10/18/2020,Steuben,16,873,475,45643,95379,67,0.07674684994272624
10/19/2020,Steuben,11,884,472,46115,95379,68,0.07692307692307693
10/20/2020,Steuben,14,898,494,46609,95379,68,0.0757238307349666
10/21/2020,Steuben,17,915,758,47367,95379,68,0.07431693989071038
10/22/2020,Steuben,14,929,529,47896,95379,69,0.07427341227125941
10/23/2020,Steuben,22,951,696,48592,95379,69,0.07255520504731862
10/24/2020,Steuben,11,962,384,48976,95379,69,0.07172557172557173
10/25/2020,Steuben,8,970,438,49414,95379,69,0.0711340206185567
10/26/2020,Steuben,14,984,616,50030,95379,69,0.0701219512195122
10/27/2020,Steuben,21,1005,499,50529,95379,70,0.06965174129353234
10/28/2020,Steuben,20,1025,661,51190,95379,70,0.06829268292682927
10/29/2020,Steuben,16,1041,844,52034,95379,70,0.06724303554274735
10/30/2020,Steuben,17,1058,759,52793,95379,70,0.0661625708884688
10/31/2020,Steuben,29,1087,437,53230,95379,70,0.06439742410303588
11/1/2020,Steuben,22,1109,428,53658,95379,70,0.06311992786293959
11/2/2020,Steuben,22,1131,560,54218,95379,71,0.0627763041556145
11/3/2020,Steuben,14,1145,483,54701,95379,71,0.06200873362445415
11/4/2020,Steuben,14,1159,665,55366,95379,71,0.061259706643658325
11/5/2020,Steuben,17,1176,1001,56367,95379,71,0.06037414965986394
11/6/2020,Steuben,24,1200,822,57189,95379,71,0.059166666666666666
11/7/2020,Steuben,25,1225,814,58003,95379,71,0.05795918367346939
11/8/2020,Steuben,4,1229,491,58494,95379,71,0.05777054515866558
11/9/2020,Steuben,20,1249,757,59251,95379,71,0.05684547638110488
11/10/2020,Steuben,17,1266,1183,60434,95379,72,0.05687203791469194
11/11/2020,Steuben,29,1295,1314,61748,95379,72,0.055598455598455596
11/12/2020,Steuben,66,1361,1220,62968,95379,72,0.05290227773695812
11/13/2020,Steuben,33,1394,823,63791,95379,72,0.05164992826398852
11/14/2020,Steuben,22,1416,684,64475,95379,72,0.05084745762711865
3/1/2020,Suffolk,0,0,0,0,1476601,0,NaN
3/2/2020,Suffolk,0,0,0,0,1476601,0,NaN
3/3/2020,Suffolk,0,0,0,0,1476601,0,NaN
3/4/2020,Suffolk,0,0,2,2,1476601,0,NaN
3/5/2020,Suffolk,0,0,2,4,1476601,0,NaN
3/6/2020,Suffolk,0,0,1,5,1476601,0,NaN
3/7/2020,Suffolk,0,0,2,7,1476601,0,NaN
3/8/2020,Suffolk,1,1,11,18,1476601,0,0
3/9/2020,Suffolk,0,1,4,22,1476601,0,0
3/10/2020,Suffolk,5,6,24,46,1476601,0,0
3/11/2020,Suffolk,5,11,24,70,1476601,0,0
3/12/2020,Suffolk,11,22,73,143,1476601,0,0
3/13/2020,Suffolk,10,32,79,222,1476601,0,0
3/14/2020,Suffolk,9,41,38,260,1476601,0,0
3/15/2020,Suffolk,22,63,95,355,1476601,0,0
3/16/2020,Suffolk,22,85,109,464,1476601,2,0.023529411764705882
3/17/2020,Suffolk,31,116,179,643,1476601,2,0.017241379310344827
3/18/2020,Suffolk,62,178,361,1004,1476601,3,0.016853932584269662
3/19/2020,Suffolk,193,371,766,1770,1476601,3,0.008086253369272238
3/20/2020,Suffolk,290,661,1461,3231,1476601,3,0.0045385779122541605
3/21/2020,Suffolk,373,1034,1578,4809,1476601,3,0.0029013539651837525
3/22/2020,Suffolk,424,1458,1153,5962,1476601,4,0.0027434842249657062
3/23/2020,Suffolk,422,1880,1047,7009,1476601,4,0.002127659574468085
3/24/2020,Suffolk,380,2260,854,7863,1476601,17,0.00752212389380531
3/25/2020,Suffolk,475,2735,1189,9052,1476601,20,0.007312614259597806
3/26/2020,Suffolk,650,3385,1333,10385,1476601,22,0.006499261447562777
3/27/2020,Suffolk,753,4138,1690,12075,1476601,30,0.007249879168680522
3/28/2020,Suffolk,885,5023,2155,14230,1476601,37,0.007366115867011746
3/29/2020,Suffolk,768,5791,1598,15828,1476601,40,0.006907269901571404
3/30/2020,Suffolk,922,6713,1857,17685,1476601,44,0.006554446596156711
3/31/2020,Suffolk,892,7605,1620,19305,1476601,53,0.006969099276791585
4/1/2020,Suffolk,1141,8746,2148,21453,1476601,69,0.007889320832380517
4/2/2020,Suffolk,1408,10154,2575,24028,1476601,84,0.008272601930273784
4/3/2020,Suffolk,1216,11370,2463,26491,1476601,96,0.008443271767810026
4/4/2020,Suffolk,1035,12405,2200,28691,1476601,175,0.014107214832728738
4/5/2020,Suffolk,1082,13487,2211,30902,1476601,175,0.012975457848298361
4/6/2020,Suffolk,1030,14517,2323,33225,1476601,236,0.0162568023696356
4/7/2020,Suffolk,1327,15844,3139,36364,1476601,263,0.016599343600100985
4/8/2020,Suffolk,1569,17413,3889,40253,1476601,323,0.018549359673806925
4/9/2020,Suffolk,1279,18692,2942,43195,1476601,369,0.019741065696554677
4/10/2020,Suffolk,1191,19883,2556,45751,1476601,414,0.020821807574309712
4/11/2020,Suffolk,933,20816,2215,47966,1476601,458,0.02200230591852421
4/12/2020,Suffolk,827,21643,2164,50130,1476601,518,0.02393383542022825
4/13/2020,Suffolk,819,22462,2246,52376,1476601,568,0.025287151633870537
4/14/2020,Suffolk,816,23278,2135,54511,1476601,608,0.026119082395394795
4/15/2020,Suffolk,904,24182,2536,57047,1476601,653,0.027003556364237864
4/16/2020,Suffolk,853,25035,2496,59543,1476601,693,0.02768124625524266
4/17/2020,Suffolk,1108,26143,3385,62928,1476601,693,0.026508051868569023
4/18/2020,Suffolk,745,26888,2392,65320,1476601,693,0.025773579291877416
4/19/2020,Suffolk,774,27662,2278,67598,1476601,825,0.02982430771455426
4/20/2020,Suffolk,492,28154,1482,69080,1476601,859,0.030510762236271933
4/21/2020,Suffolk,700,28854,2188,71268,1476601,888,0.03077562902890414
4/22/2020,Suffolk,713,29567,2428,73696,1476601,926,0.03131869990191768
4/23/2020,Suffolk,1039,30606,3858,77554,1476601,959,0.03133372541331765
4/24/2020,Suffolk,762,31368,2860,80414,1476601,993,0.03165646518745218
4/25/2020,Suffolk,691,32059,2830,83244,1476601,1042,0.03250257338033002
4/26/2020,Suffolk,411,32470,1826,85070,1476601,1070,0.03295349553433939
4/27/2020,Suffolk,254,32724,1429,86499,1476601,1102,0.03367558978120034
4/28/2020,Suffolk,541,33265,2669,89168,1476601,1131,0.03399969938373666
4/29/2020,Suffolk,399,33664,2193,91361,1476601,1155,0.034309648288973385
4/30/2020,Suffolk,373,34037,2207,93568,1476601,1177,0.03458001586508799
5/1/2020,Suffolk,441,34478,2660,96228,1476601,1203,0.034891815070479726
5/2/2020,Suffolk,377,34855,2521,98749,1476601,1227,0.03520298378998709
5/3/2020,Suffolk,222,35077,1640,100389,1476601,1256,0.03580693901987057
5/4/2020,Suffolk,198,35275,1586,101975,1476601,1273,0.03608788093550673
5/5/2020,Suffolk,268,35543,2112,104087,1476601,1296,0.036462875953070926
5/6/2020,Suffolk,349,35892,2668,106755,1476601,1522,0.042404992756045916
5/7/2020,Suffolk,331,36223,2357,109112,1476601,1547,0.042707671921155065
5/8/2020,Suffolk,238,36461,2227,111339,1476601,1568,0.043004854502070707
5/9/2020,Suffolk,241,36702,2556,113895,1476601,1597,0.04351261511634243
5/10/2020,Suffolk,209,36911,2014,115909,1476601,1617,0.043808078892471077
5/11/2020,Suffolk,151,37062,1964,117873,1476601,1639,0.04422319356753548
5/12/2020,Suffolk,243,37305,2950,120823,1476601,1654,0.04433722021176786
5/13/2020,Suffolk,239,37544,3229,124052,1476601,1680,0.04474749627104198
5/14/2020,Suffolk,175,37719,2777,126829,1476601,1697,0.04499058829767491
5/15/2020,Suffolk,223,37942,3048,129877,1476601,1709,0.045042433187496705
5/16/2020,Suffolk,175,38117,2818,132695,1476601,1733,0.04546527795996537
5/17/2020,Suffolk,107,38224,1948,134643,1476601,1748,0.045730431142737546
5/18/2020,Suffolk,103,38327,2118,136761,1476601,1754,0.04576408276149973
5/19/2020,Suffolk,84,38411,2416,139177,1476601,1772,0.04613261826039416
5/20/2020,Suffolk,142,38553,3623,142800,1476601,1791,0.046455528752626256
5/21/2020,Suffolk,119,38672,3022,145822,1476601,1802,0.04659702110053786
5/22/2020,Suffolk,130,38802,4005,149827,1476601,1814,0.04675016751713829
5/23/2020,Suffolk,162,38964,3865,153692,1476601,1822,0.046761112822092187
5/24/2020,Suffolk,126,39090,4010,157702,1476601,1834,0.04691737017139933
5/25/2020,Suffolk,109,39199,3241,160943,1476601,1840,0.046939972958493836
5/26/2020,Suffolk,59,39258,2492,163435,1476601,1851,0.04714962555402721
5/27/2020,Suffolk,101,39359,4482,167917,1476601,1861,0.047282705353286415
5/28/2020,Suffolk,86,39445,4591,172508,1476601,1871,0.047433134744581065
5/29/2020,Suffolk,87,39532,4388,176896,1476601,1879,0.04753111403420014
5/30/2020,Suffolk,111,39643,5138,182034,1476601,1879,0.047398027394495876
5/31/2020,Suffolk,62,39705,4294,186328,1476601,1879,0.04732401460773202
6/1/2020,Suffolk,275,39980,4365,190693,1476601,1906,0.04767383691845923
6/2/2020,Suffolk,82,40062,4840,195533,1476601,1909,0.04765114073186561
6/3/2020,Suffolk,91,40153,5178,200711,1476601,1915,0.04769257589719324
6/4/2020,Suffolk,86,40239,5202,205913,1476601,1916,0.047615497403016974
6/5/2020,Suffolk,39,40278,5505,211418,1476601,1918,0.047619047619047616
6/6/2020,Suffolk,51,40329,4582,216000,1476601,1923,0.04768280889682362
6/7/2020,Suffolk,48,40377,4833,220833,1476601,1931,0.047824256383584715
6/8/2020,Suffolk,49,40426,4098,224931,1476601,1935,0.04786523524464453
6/9/2020,Suffolk,38,40464,4099,229030,1476601,1939,0.047919137999209174
6/10/2020,Suffolk,48,40512,5079,234109,1476601,1941,0.047911729857819906
6/11/2020,Suffolk,47,40559,5206,239315,1476601,1945,0.04795483123351167
6/12/2020,Suffolk,56,40615,5879,245194,1476601,1945,0.047888711067339655
6/13/2020,Suffolk,44,40659,4243,249437,1476601,1947,0.04788607688334686
6/14/2020,Suffolk,33,40692,4110,253547,1476601,1948,0.04787181755627642
6/15/2020,Suffolk,46,40738,4866,258413,1476601,1955,0.04798959202710001
6/16/2020,Suffolk,32,40770,4086,262499,1476601,1957,0.04800098111356389
6/17/2020,Suffolk,40,40810,5476,267975,1476601,1958,0.04797843665768194
6/18/2020,Suffolk,54,40864,5570,273545,1476601,1961,0.04798844949099452
6/19/2020,Suffolk,44,40908,4391,277936,1476601,1962,0.04796127896743913
6/20/2020,Suffolk,64,40972,5243,283179,1476601,1963,0.04791076832959094
6/21/2020,Suffolk,38,41010,3952,287131,1476601,1964,0.04789075835162156
6/22/2020,Suffolk,46,41056,3530,290661,1476601,1965,0.04786145752143414
6/23/2020,Suffolk,45,41101,3941,294602,1476601,1970,0.047930707282061266
6/24/2020,Suffolk,50,41151,5529,300131,1476601,1972,0.04792107117688513
6/25/2020,Suffolk,57,41208,5076,305207,1476601,1974,0.04790331974373908
6/26/2020,Suffolk,45,41253,4615,309822,1476601,1975,0.047875306038348726
6/27/2020,Suffolk,53,41306,5095,314917,1476601,1978,0.04788650559240788
6/28/2020,Suffolk,33,41339,4481,319398,1476601,1979,0.04787246909697864
6/29/2020,Suffolk,46,41385,3312,322710,1476601,1979,0.04781925818533285
6/30/2020,Suffolk,42,41427,4047,326757,1476601,1981,0.04781905520554228
7/1/2020,Suffolk,64,41491,5730,332487,1476601,1981,0.047745294160179315
7/2/2020,Suffolk,47,41538,4791,337278,1476601,1981,0.047691270643747896
7/3/2020,Suffolk,47,41585,4110,341388,1476601,1983,0.04768546350847661
7/4/2020,Suffolk,57,41642,5933,347321,1476601,1983,0.04762019115316267
7/5/2020,Suffolk,43,41685,3812,351133,1476601,1983,0.04757106872975891
7/6/2020,Suffolk,45,41730,4226,355359,1476601,1984,0.04754373352504194
7/7/2020,Suffolk,69,41799,4108,359467,1476601,1984,0.04746525036484126
7/8/2020,Suffolk,50,41849,5372,364839,1476601,1984,0.04740854022796244
7/9/2020,Suffolk,62,41911,6245,371084,1476601,1991,0.04750542816921572
7/10/2020,Suffolk,76,41987,5490,376574,1476601,1992,0.0474432562459809
7/11/2020,Suffolk,41,42028,4260,380834,1476601,1993,0.04742076710764252
7/12/2020,Suffolk,84,42112,4517,385351,1476601,1993,0.04732617781155015
7/13/2020,Suffolk,102,42214,4795,390146,1476601,1993,0.04721182546074762
7/14/2020,Suffolk,53,42267,4756,394902,1476601,1993,0.04715262497929827
7/15/2020,Suffolk,66,42333,6205,401107,1476601,1993,0.04707911085914062
7/16/2020,Suffolk,49,42382,4822,405929,1476601,1993,0.04702468028880185
7/17/2020,Suffolk,58,42440,4671,410600,1476601,1993,0.04696041470311027
7/18/2020,Suffolk,26,42466,2755,413355,1476601,1993,0.04693166297744077
7/19/2020,Suffolk,30,42496,4235,417590,1476601,1994,0.04692206325301205
7/20/2020,Suffolk,79,42575,4508,422098,1476601,1994,0.0468349970640047
7/21/2020,Suffolk,46,42621,4070,426168,1476601,1995,0.04680791159287675
7/22/2020,Suffolk,94,42715,5525,431693,1476601,1995,0.04670490460025752
7/23/2020,Suffolk,58,42773,6010,437703,1476601,1995,0.046641572954901456
7/24/2020,Suffolk,49,42822,5594,443297,1476601,1996,0.04661155480827612
7/25/2020,Suffolk,61,42883,4214,447511,1476601,1996,0.046545251031877434
7/26/2020,Suffolk,84,42967,5292,452803,1476601,1996,0.04645425559150045
7/27/2020,Suffolk,57,43024,4926,457729,1476601,1996,0.04639271104499814
7/28/2020,Suffolk,60,43084,4399,462128,1476601,1996,0.04632810324018197
7/29/2020,Suffolk,86,43170,6247,468375,1476601,1996,0.04623581190641649
7/30/2020,Suffolk,54,43224,5371,473746,1476601,1996,0.0461780492319082
7/31/2020,Suffolk,76,43300,6595,480341,1476601,1997,0.046120092378752885
8/1/2020,Suffolk,45,43345,4797,485138,1476601,1997,0.04607221132771946
8/2/2020,Suffolk,50,43395,4339,489477,1476601,1997,0.04601912662749165
8/3/2020,Suffolk,73,43468,5697,495174,1476601,1997,0.04594184227477685
8/4/2020,Suffolk,85,43553,5570,500744,1476601,1997,0.04585218010240397
8/5/2020,Suffolk,77,43630,7082,507826,1476601,1997,0.04577125830850332
8/6/2020,Suffolk,51,43681,5537,513363,1476601,1998,0.04574071106430713
8/7/2020,Suffolk,68,43749,6401,519764,1476601,1998,0.0456696153054927
8/8/2020,Suffolk,37,43786,6048,525812,1476601,1998,0.04563102361485406
8/9/2020,Suffolk,58,43844,4029,529841,1476601,1998,0.04557065961134933
8/10/2020,Suffolk,49,43893,4999,534840,1476601,1998,0.04551978675415214
8/11/2020,Suffolk,55,43948,5030,539870,1476601,1998,0.04546281969600437
8/12/2020,Suffolk,39,43987,6363,546233,1476601,1998,0.04542251119648987
8/13/2020,Suffolk,58,44045,6154,552387,1476601,1998,0.0453626972414576
8/14/2020,Suffolk,64,44109,6312,558699,1476601,1998,0.045296878188124876
8/15/2020,Suffolk,50,44159,5886,564585,1476601,1998,0.04524558980049367
8/16/2020,Suffolk,26,44185,3839,568424,1476601,1998,0.04521896571234582
8/17/2020,Suffolk,50,44235,4631,573055,1476601,1999,0.045190460042952414
8/18/2020,Suffolk,70,44305,7334,580389,1476601,2000,0.0451416318699921
8/19/2020,Suffolk,48,44353,6779,587168,1476601,2000,0.04509277839154059
8/20/2020,Suffolk,47,44400,6908,594076,1476601,2000,0.04504504504504504
8/21/2020,Suffolk,56,44456,7213,601289,1476601,2000,0.044988303041209286
8/22/2020,Suffolk,42,44498,5256,606545,1476601,2001,0.04496831318261495
8/23/2020,Suffolk,21,44519,4910,611455,1476601,2001,0.0449471012376738
8/24/2020,Suffolk,42,44561,4505,615960,1476601,2001,0.04490473732636162
8/25/2020,Suffolk,44,44605,4955,620915,1476601,2001,0.044860441654523034
8/26/2020,Suffolk,36,44641,6990,627905,1476601,2001,0.04482426468941108
8/27/2020,Suffolk,37,44678,7132,635037,1476601,2001,0.044787143560589104
8/28/2020,Suffolk,34,44712,6415,641452,1476601,2001,0.044753086419753084
8/29/2020,Suffolk,51,44763,7199,648651,1476601,2002,0.044724437593548244
8/30/2020,Suffolk,57,44820,5198,653849,1476601,2002,0.04466755912539045
8/31/2020,Suffolk,65,44885,8045,661894,1476601,2002,0.04460287401136237
9/1/2020,Suffolk,55,44940,5761,667655,1476601,2002,0.04454828660436137
9/2/2020,Suffolk,66,45006,6644,674299,1476601,2003,0.044505177087499445
9/3/2020,Suffolk,96,45102,6039,680338,1476601,2005,0.04445479136180214
9/4/2020,Suffolk,98,45200,6619,686957,1476601,2005,0.044358407079646014
9/5/2020,Suffolk,58,45258,5274,692231,1476601,2006,0.04432365548632286
9/6/2020,Suffolk,46,45304,4364,696595,1476601,2006,0.044278650891753486
9/7/2020,Suffolk,52,45356,3680,700275,1476601,2006,0.04422788605697151
9/8/2020,Suffolk,55,45411,3080,703355,1476601,2006,0.0441743189975997
9/9/2020,Suffolk,52,45463,6741,710096,1476601,2006,0.04412379297450674
9/10/2020,Suffolk,71,45534,6839,716935,1476601,2006,0.04405499187420389
9/11/2020,Suffolk,81,45615,6077,723012,1476601,2008,0.04402060725638496
9/12/2020,Suffolk,68,45683,6000,729012,1476601,2008,0.04395508175907887
9/13/2020,Suffolk,31,45714,4905,733917,1476601,2009,0.04394714966968544
9/14/2020,Suffolk,71,45785,5634,739551,1476601,2010,0.043900840886753306
9/15/2020,Suffolk,58,45843,4753,744304,1476601,2010,0.04384529808258622
9/16/2020,Suffolk,72,45915,8319,752623,1476601,2011,0.04379832298813024
9/17/2020,Suffolk,41,45956,5925,758548,1476601,2011,0.04375924797632518
9/18/2020,Suffolk,54,46010,8053,766601,1476601,2011,0.043707889589219735
9/19/2020,Suffolk,51,46061,6712,773313,1476601,2011,0.043659495017476825
9/20/2020,Suffolk,48,46109,5208,778521,1476601,2012,0.04363573272029322
9/21/2020,Suffolk,67,46176,5863,784384,1476601,2012,0.04357241857241857
9/22/2020,Suffolk,32,46208,5254,789638,1476601,2012,0.04354224376731302
9/23/2020,Suffolk,33,46241,6408,796046,1476601,2012,0.04351116974113882
9/24/2020,Suffolk,52,46293,5646,801692,1476601,2012,0.043462294515369496
9/25/2020,Suffolk,52,46345,6759,808451,1476601,2013,0.04343510626820585
9/26/2020,Suffolk,42,46387,5435,813886,1476601,2013,0.04339577898980318
9/27/2020,Suffolk,41,46428,4697,818583,1476601,2013,0.04335745670715947
9/28/2020,Suffolk,36,46464,4300,822883,1476601,2014,0.04334538567493113
9/29/2020,Suffolk,53,46517,3988,826871,1476601,2014,0.043295999312079454
9/30/2020,Suffolk,46,46563,5924,832795,1476601,2015,0.043274703090436614
10/1/2020,Suffolk,104,46667,8609,841404,1476601,2015,0.043178263012407056
10/2/2020,Suffolk,103,46770,10195,851599,1476601,2015,0.04308317297412872
10/3/2020,Suffolk,72,46842,8656,860255,1476601,2015,0.04301695059988899
10/4/2020,Suffolk,49,46891,5724,865979,1476601,2015,0.04297199889104519
10/5/2020,Suffolk,89,46980,8563,874542,1476601,2015,0.04289059174116645
10/6/2020,Suffolk,109,47089,10845,885387,1476601,2016,0.042812546454585994
10/7/2020,Suffolk,107,47196,11812,897199,1476601,2016,0.04271548436308162
10/8/2020,Suffolk,89,47285,8946,906145,1476601,2016,0.04263508512213175
10/9/2020,Suffolk,72,47357,7703,913848,1476601,2016,0.0425702641636928
10/10/2020,Suffolk,74,47431,8565,922413,1476601,2016,0.04250384769454576
10/11/2020,Suffolk,62,47493,5651,928064,1476601,2016,0.04244836081106689
10/12/2020,Suffolk,68,47561,7109,935173,1476601,2017,0.042408696200668616
10/13/2020,Suffolk,69,47630,7745,942918,1476601,2017,0.04234726013017006
10/14/2020,Suffolk,81,47711,7801,950719,1476601,2017,0.042275366267737
10/15/2020,Suffolk,104,47815,9276,959995,1476601,2017,0.04218341524626163
10/16/2020,Suffolk,126,47941,12149,972144,1476601,2017,0.042072547506309836
10/17/2020,Suffolk,88,48029,8887,981031,1476601,2018,0.04201628182972787
10/18/2020,Suffolk,51,48080,5554,986585,1476601,2018,0.04197171381031614
10/19/2020,Suffolk,41,48121,5978,992563,1476601,2018,0.041935953118181254
10/20/2020,Suffolk,113,48234,7837,1000400,1476601,2019,0.04185844010449061
10/21/2020,Suffolk,74,48308,8143,1008543,1476601,2019,0.04179431978140267
10/22/2020,Suffolk,91,48399,9115,1017658,1476601,2019,0.041715737928469596
10/23/2020,Suffolk,163,48562,9623,1027281,1476601,2019,0.04157571763930645
10/24/2020,Suffolk,101,48663,7576,1034857,1476601,2019,0.04148942728561741
10/25/2020,Suffolk,54,48717,5071,1039928,1476601,2019,0.04144343863538395
10/26/2020,Suffolk,112,48829,6767,1046695,1476601,2019,0.041348379037047654
10/27/2020,Suffolk,169,48998,8769,1055464,1476601,2019,0.041205763500551044
10/28/2020,Suffolk,200,49198,13426,1068890,1476601,2019,0.04103825358754421
10/29/2020,Suffolk,102,49300,9696,1078586,1476601,2020,0.040973630831643
10/30/2020,Suffolk,96,49396,8488,1087074,1476601,2020,0.0408939995141307
10/31/2020,Suffolk,142,49538,10200,1097274,1476601,2020,0.04077677742339214
11/1/2020,Suffolk,66,49604,5501,1102775,1476601,2021,0.040742682041770825
11/2/2020,Suffolk,176,49780,9927,1112702,1476601,2021,0.04059863398955404
11/3/2020,Suffolk,74,49854,7486,1120188,1476601,2021,0.040538372046375414
11/4/2020,Suffolk,179,50033,10371,1130559,1476601,2022,0.04041332720404533
11/5/2020,Suffolk,177,50210,10332,1140891,1476601,2022,0.04027086237801235
11/6/2020,Suffolk,259,50469,10353,1151244,1476601,2022,0.04006419782440706
11/7/2020,Suffolk,259,50728,9743,1160987,1476601,2022,0.03985964358933922
11/8/2020,Suffolk,324,51052,8467,1169454,1476601,2022,0.03960667554650161
11/9/2020,Suffolk,280,51332,7813,1177267,1476601,2022,0.03939063352294865
11/10/2020,Suffolk,412,51744,12162,1189429,1476601,2022,0.03907699443413729
11/11/2020,Suffolk,321,52065,10924,1200353,1476601,2023,0.03885527705752425
11/12/2020,Suffolk,428,52493,11768,1212121,1476601,2023,0.038538471796239496
11/13/2020,Suffolk,449,52942,12149,1224270,1476601,2023,0.038211627819122816
11/14/2020,Suffolk,366,53308,12561,1236831,1476601,2023,0.037949275906055374
3/1/2020,Sullivan,0,0,0,0,75432,0,NaN
3/2/2020,Sullivan,0,0,0,0,75432,0,NaN
3/3/2020,Sullivan,0,0,0,0,75432,0,NaN
3/4/2020,Sullivan,0,0,0,0,75432,0,NaN
3/5/2020,Sullivan,0,0,0,0,75432,0,NaN
3/6/2020,Sullivan,0,0,0,0,75432,0,NaN
3/7/2020,Sullivan,0,0,0,0,75432,0,NaN
3/8/2020,Sullivan,0,0,0,0,75432,0,NaN
3/9/2020,Sullivan,0,0,0,0,75432,0,NaN
3/10/2020,Sullivan,0,0,0,0,75432,0,NaN
3/11/2020,Sullivan,0,0,1,1,75432,0,NaN
3/12/2020,Sullivan,0,0,0,1,75432,0,NaN
3/13/2020,Sullivan,0,0,1,2,75432,0,NaN
3/14/2020,Sullivan,0,0,7,9,75432,0,NaN
3/15/2020,Sullivan,0,0,2,11,75432,0,NaN
3/16/2020,Sullivan,1,1,9,20,75432,0,0
3/17/2020,Sullivan,0,1,14,34,75432,0,0
3/18/2020,Sullivan,2,3,23,57,75432,0,0
3/19/2020,Sullivan,5,8,79,136,75432,0,0
3/20/2020,Sullivan,4,12,42,178,75432,0,0
3/21/2020,Sullivan,4,16,37,215,75432,0,0
3/22/2020,Sullivan,7,23,83,298,75432,0,0
3/23/2020,Sullivan,7,30,44,342,75432,0,0
3/24/2020,Sullivan,9,39,23,365,75432,0,0
3/25/2020,Sullivan,14,53,53,418,75432,0,0
3/26/2020,Sullivan,11,64,62,480,75432,0,0
3/27/2020,Sullivan,8,72,49,529,75432,0,0
3/28/2020,Sullivan,16,88,91,620,75432,0,0
3/29/2020,Sullivan,13,101,53,673,75432,0,0
3/30/2020,Sullivan,8,109,33,706,75432,0,0
3/31/2020,Sullivan,12,121,55,761,75432,2,0.01652892561983471
4/1/2020,Sullivan,22,143,96,857,75432,4,0.027972027972027972
4/2/2020,Sullivan,25,168,140,997,75432,5,0.02976190476190476
4/3/2020,Sullivan,25,193,133,1130,75432,5,0.025906735751295335
4/4/2020,Sullivan,41,234,153,1283,75432,5,0.021367521367521368
4/5/2020,Sullivan,19,253,91,1374,75432,5,0.019762845849802372
4/6/2020,Sullivan,17,270,77,1451,75432,7,0.025925925925925925
4/7/2020,Sullivan,9,279,56,1507,75432,7,0.025089605734767026
4/8/2020,Sullivan,15,294,60,1567,75432,7,0.023809523809523808
4/9/2020,Sullivan,24,318,115,1682,75432,7,0.0220125786163522
4/10/2020,Sullivan,22,340,99,1781,75432,7,0.020588235294117647
4/11/2020,Sullivan,18,358,65,1846,75432,7,0.019553072625698324
4/12/2020,Sullivan,22,380,73,1919,75432,7,0.018421052631578946
4/13/2020,Sullivan,35,415,133,2052,75432,7,0.016867469879518072
4/14/2020,Sullivan,9,424,37,2089,75432,7,0.01650943396226415
4/15/2020,Sullivan,13,437,39,2128,75432,7,0.016018306636155607
4/16/2020,Sullivan,68,505,192,2320,75432,7,0.013861386138613862
4/17/2020,Sullivan,19,524,92,2412,75432,7,0.013358778625954198
4/18/2020,Sullivan,13,537,38,2450,75432,7,0.01303538175046555
4/19/2020,Sullivan,7,544,30,2480,75432,8,0.014705882352941176
4/20/2020,Sullivan,11,555,44,2524,75432,9,0.016216216216216217
4/21/2020,Sullivan,6,561,45,2569,75432,9,0.016042780748663103
4/22/2020,Sullivan,19,580,52,2621,75432,9,0.015517241379310345
4/23/2020,Sullivan,48,628,253,2874,75432,9,0.014331210191082803
4/24/2020,Sullivan,61,689,296,3170,75432,9,0.013062409288824383
4/25/2020,Sullivan,35,724,160,3330,75432,11,0.015193370165745856
4/26/2020,Sullivan,24,748,120,3450,75432,13,0.017379679144385027
4/27/2020,Sullivan,21,769,77,3527,75432,14,0.018205461638491547
4/28/2020,Sullivan,42,811,114,3641,75432,15,0.018495684340320593
4/29/2020,Sullivan,27,838,102,3743,75432,15,0.017899761336515514
4/30/2020,Sullivan,42,880,122,3865,75432,15,0.017045454545454544
5/1/2020,Sullivan,51,931,128,3993,75432,15,0.01611170784103115
5/2/2020,Sullivan,20,951,105,4098,75432,15,0.015772870662460567
5/3/2020,Sullivan,25,976,106,4204,75432,16,0.01639344262295082
5/4/2020,Sullivan,8,984,111,4315,75432,16,0.016260162601626018
5/5/2020,Sullivan,12,996,99,4414,75432,16,0.01606425702811245
5/6/2020,Sullivan,25,1021,150,4564,75432,23,0.022526934378060724
5/7/2020,Sullivan,18,1039,90,4654,75432,23,0.02213666987487969
5/8/2020,Sullivan,32,1071,143,4797,75432,23,0.021475256769374416
5/9/2020,Sullivan,22,1093,115,4912,75432,23,0.021043000914913082
5/10/2020,Sullivan,16,1109,78,4990,75432,25,0.02254283137962128
5/11/2020,Sullivan,10,1119,95,5085,75432,26,0.02323503127792672
5/12/2020,Sullivan,16,1135,89,5174,75432,28,0.024669603524229075
5/13/2020,Sullivan,33,1168,178,5352,75432,28,0.023972602739726026
5/14/2020,Sullivan,21,1189,127,5479,75432,28,0.023549201009251473
5/15/2020,Sullivan,28,1217,176,5655,75432,28,0.023007395234182416
5/16/2020,Sullivan,14,1231,138,5793,75432,28,0.022745735174654752
5/17/2020,Sullivan,15,1246,133,5926,75432,28,0.02247191011235955
5/18/2020,Sullivan,12,1258,111,6037,75432,28,0.022257551669316374
5/19/2020,Sullivan,9,1267,116,6153,75432,28,0.022099447513812154
5/20/2020,Sullivan,14,1281,157,6310,75432,28,0.02185792349726776
5/21/2020,Sullivan,6,1287,158,6468,75432,28,0.021756021756021756
5/22/2020,Sullivan,10,1297,148,6616,75432,28,0.02158828064764842
5/23/2020,Sullivan,13,1310,155,6771,75432,28,0.021374045801526718
5/24/2020,Sullivan,14,1324,170,6941,75432,29,0.02190332326283988
5/25/2020,Sullivan,14,1338,238,7179,75432,29,0.021674140508221227
5/26/2020,Sullivan,2,1340,77,7256,75432,30,0.022388059701492536
5/27/2020,Sullivan,11,1351,209,7465,75432,30,0.02220577350111029
5/28/2020,Sullivan,13,1364,160,7625,75432,30,0.021994134897360705
5/29/2020,Sullivan,11,1375,254,7879,75432,31,0.022545454545454546
5/30/2020,Sullivan,12,1387,237,8116,75432,31,0.022350396539293438
5/31/2020,Sullivan,2,1389,145,8261,75432,31,0.022318214542836574
6/1/2020,Sullivan,3,1392,108,8369,75432,32,0.022988505747126436
6/2/2020,Sullivan,1,1393,155,8524,75432,33,0.023689877961234746
6/3/2020,Sullivan,12,1405,186,8710,75432,33,0.023487544483985764
6/4/2020,Sullivan,4,1409,167,8877,75432,33,0.0234208658623137
6/5/2020,Sullivan,2,1411,176,9053,75432,35,0.024805102763997167
6/6/2020,Sullivan,4,1415,177,9230,75432,35,0.024734982332155476
6/7/2020,Sullivan,2,1417,123,9353,75432,35,0.024700070571630206
6/8/2020,Sullivan,1,1418,152,9505,75432,35,0.02468265162200282
6/9/2020,Sullivan,7,1425,499,10004,75432,35,0.02456140350877193
6/10/2020,Sullivan,1,1426,272,10276,75432,35,0.024544179523141654
6/11/2020,Sullivan,2,1428,112,10388,75432,35,0.024509803921568627
6/12/2020,Sullivan,2,1430,299,10687,75432,35,0.024475524475524476
6/13/2020,Sullivan,0,1430,287,10974,75432,35,0.024475524475524476
6/14/2020,Sullivan,2,1432,76,11050,75432,35,0.024441340782122904
6/15/2020,Sullivan,1,1433,163,11213,75432,35,0.024424284717376135
6/16/2020,Sullivan,0,1433,189,11402,75432,35,0.024424284717376135
6/17/2020,Sullivan,1,1434,176,11578,75432,35,0.024407252440725245
6/18/2020,Sullivan,0,1434,206,11784,75432,35,0.024407252440725245
6/19/2020,Sullivan,1,1435,84,11868,75432,35,0.024390243902439025
6/20/2020,Sullivan,2,1437,139,12007,75432,35,0.024356297842727904
6/21/2020,Sullivan,1,1438,103,12110,75432,35,0.024339360222531293
6/22/2020,Sullivan,2,1440,262,12372,75432,35,0.024305555555555556
6/23/2020,Sullivan,7,1447,197,12569,75432,35,0.024187975120939877
6/24/2020,Sullivan,1,1448,176,12745,75432,35,0.024171270718232045
6/25/2020,Sullivan,1,1449,132,12877,75432,35,0.024154589371980676
6/26/2020,Sullivan,2,1451,142,13019,75432,35,0.024121295658166782
6/27/2020,Sullivan,0,1451,82,13101,75432,35,0.024121295658166782
6/28/2020,Sullivan,0,1451,89,13190,75432,35,0.024121295658166782
6/29/2020,Sullivan,0,1451,282,13472,75432,35,0.024121295658166782
6/30/2020,Sullivan,1,1452,205,13677,75432,35,0.024104683195592287
7/1/2020,Sullivan,1,1453,158,13835,75432,35,0.024088093599449415
7/2/2020,Sullivan,2,1455,288,14123,75432,35,0.024054982817869417
7/3/2020,Sullivan,1,1456,93,14216,75432,35,0.02403846153846154
7/4/2020,Sullivan,0,1456,129,14345,75432,35,0.02403846153846154
7/5/2020,Sullivan,1,1457,113,14458,75432,35,0.024021962937542895
7/6/2020,Sullivan,2,1459,122,14580,75432,35,0.023989033584647018
7/7/2020,Sullivan,1,1460,123,14703,75432,35,0.023972602739726026
7/8/2020,Sullivan,0,1460,138,14841,75432,35,0.023972602739726026
7/9/2020,Sullivan,4,1464,144,14985,75432,36,0.02459016393442623
7/10/2020,Sullivan,0,1464,164,15149,75432,36,0.02459016393442623
7/11/2020,Sullivan,1,1465,127,15276,75432,36,0.024573378839590442
7/12/2020,Sullivan,0,1465,70,15346,75432,36,0.024573378839590442
7/13/2020,Sullivan,1,1466,113,15459,75432,36,0.02455661664392906
7/14/2020,Sullivan,1,1467,217,15676,75432,36,0.024539877300613498
7/15/2020,Sullivan,2,1469,159,15835,75432,36,0.02450646698434309
7/16/2020,Sullivan,0,1469,161,15996,75432,36,0.02450646698434309
7/17/2020,Sullivan,4,1473,333,16329,75432,36,0.024439918533604887
7/18/2020,Sullivan,0,1473,124,16453,75432,36,0.024439918533604887
7/19/2020,Sullivan,0,1473,124,16577,75432,37,0.025118805159538356
7/20/2020,Sullivan,0,1473,166,16743,75432,37,0.025118805159538356
7/21/2020,Sullivan,0,1473,132,16875,75432,37,0.025118805159538356
7/22/2020,Sullivan,2,1475,258,17133,75432,37,0.025084745762711864
7/23/2020,Sullivan,0,1475,214,17347,75432,37,0.025084745762711864
7/24/2020,Sullivan,1,1476,170,17517,75432,37,0.025067750677506776
7/25/2020,Sullivan,0,1476,72,17589,75432,37,0.025067750677506776
7/26/2020,Sullivan,0,1476,87,17676,75432,37,0.025067750677506776
7/27/2020,Sullivan,0,1476,174,17850,75432,37,0.025067750677506776
7/28/2020,Sullivan,0,1476,179,18029,75432,37,0.025067750677506776
7/29/2020,Sullivan,3,1479,446,18475,75432,37,0.025016903313049357
7/30/2020,Sullivan,1,1480,99,18574,75432,37,0.025
7/31/2020,Sullivan,3,1483,119,18693,75432,37,0.024949426837491573
8/1/2020,Sullivan,0,1483,62,18755,75432,37,0.024949426837491573
8/2/2020,Sullivan,0,1483,58,18813,75432,37,0.024949426837491573
8/3/2020,Sullivan,1,1484,260,19073,75432,37,0.024932614555256066
8/4/2020,Sullivan,1,1485,144,19217,75432,37,0.024915824915824916
8/5/2020,Sullivan,0,1485,116,19333,75432,37,0.024915824915824916
8/6/2020,Sullivan,3,1488,84,19417,75432,37,0.02486559139784946
8/7/2020,Sullivan,0,1488,103,19520,75432,37,0.02486559139784946
8/8/2020,Sullivan,1,1489,135,19655,75432,37,0.024848891873740765
8/9/2020,Sullivan,0,1489,63,19718,75432,37,0.024848891873740765
8/10/2020,Sullivan,1,1490,167,19885,75432,37,0.024832214765100672
8/11/2020,Sullivan,1,1491,243,20128,75432,37,0.02481556002682763
8/12/2020,Sullivan,0,1491,284,20412,75432,37,0.02481556002682763
8/13/2020,Sullivan,0,1491,240,20652,75432,37,0.02481556002682763
8/14/2020,Sullivan,2,1493,195,20847,75432,37,0.02478231748158071
8/15/2020,Sullivan,0,1493,101,20948,75432,37,0.02478231748158071
8/16/2020,Sullivan,0,1493,75,21023,75432,37,0.02478231748158071
8/17/2020,Sullivan,0,1493,125,21148,75432,37,0.02478231748158071
8/18/2020,Sullivan,1,1494,187,21335,75432,37,0.024765729585006693
8/19/2020,Sullivan,1,1495,179,21514,75432,37,0.024749163879598662
8/20/2020,Sullivan,0,1495,169,21683,75432,37,0.024749163879598662
8/21/2020,Sullivan,0,1495,146,21829,75432,37,0.024749163879598662
8/22/2020,Sullivan,0,1495,82,21911,75432,37,0.024749163879598662
8/23/2020,Sullivan,0,1495,89,22000,75432,37,0.024749163879598662
8/24/2020,Sullivan,4,1499,142,22142,75432,37,0.024683122081387593
8/25/2020,Sullivan,0,1499,164,22306,75432,37,0.024683122081387593
8/26/2020,Sullivan,7,1506,192,22498,75432,37,0.024568393094289508
8/27/2020,Sullivan,9,1515,399,22897,75432,37,0.02442244224422442
8/28/2020,Sullivan,1,1516,138,23035,75432,37,0.024406332453825858
8/29/2020,Sullivan,5,1521,276,23311,75432,37,0.024326101249178174
8/30/2020,Sullivan,8,1529,123,23434,75432,37,0.02419882275997384
8/31/2020,Sullivan,1,1530,146,23580,75432,37,0.024183006535947713
9/1/2020,Sullivan,4,1534,244,23824,75432,37,0.024119947848761408
9/2/2020,Sullivan,3,1537,224,24048,75432,37,0.024072869225764477
9/3/2020,Sullivan,3,1540,415,24463,75432,37,0.024025974025974027
9/4/2020,Sullivan,3,1543,199,24662,75432,37,0.023979261179520414
9/5/2020,Sullivan,0,1543,222,24884,75432,37,0.023979261179520414
9/6/2020,Sullivan,1,1544,77,24961,75432,37,0.023963730569948185
9/7/2020,Sullivan,0,1544,107,25068,75432,37,0.023963730569948185
9/8/2020,Sullivan,0,1544,137,25205,75432,37,0.023963730569948185
9/9/2020,Sullivan,4,1548,265,25470,75432,37,0.023901808785529714
9/10/2020,Sullivan,0,1548,455,25925,75432,37,0.023901808785529714
9/11/2020,Sullivan,1,1549,160,26085,75432,37,0.023886378308586184
9/12/2020,Sullivan,4,1553,160,26245,75432,37,0.023824855119124275
9/13/2020,Sullivan,4,1557,81,26326,75432,37,0.023763648041104687
9/14/2020,Sullivan,2,1559,254,26580,75432,37,0.023733162283515075
9/15/2020,Sullivan,2,1561,122,26702,75432,37,0.02370275464445868
9/16/2020,Sullivan,4,1565,277,26979,75432,37,0.023642172523961662
9/17/2020,Sullivan,3,1568,214,27193,75432,37,0.023596938775510203
9/18/2020,Sullivan,2,1570,199,27392,75432,37,0.02356687898089172
9/19/2020,Sullivan,1,1571,111,27503,75432,37,0.023551877784850413
9/20/2020,Sullivan,2,1573,98,27601,75432,37,0.023521932612841703
9/21/2020,Sullivan,0,1573,218,27819,75432,37,0.023521932612841703
9/22/2020,Sullivan,3,1576,179,27998,75432,37,0.023477157360406092
9/23/2020,Sullivan,4,1580,356,28354,75432,37,0.02341772151898734
9/24/2020,Sullivan,1,1581,199,28553,75432,37,0.02340290955091714
9/25/2020,Sullivan,2,1583,263,28816,75432,37,0.02337334175615919
9/26/2020,Sullivan,8,1591,186,29002,75432,37,0.023255813953488372
9/27/2020,Sullivan,3,1594,170,29172,75432,37,0.023212045169385194
9/28/2020,Sullivan,6,1600,295,29467,75432,37,0.023125
9/29/2020,Sullivan,4,1604,306,29773,75432,37,0.023067331670822942
9/30/2020,Sullivan,3,1607,219,29992,75432,37,0.023024268823895456
10/1/2020,Sullivan,3,1610,216,30208,75432,37,0.02298136645962733
10/2/2020,Sullivan,4,1614,314,30522,75432,37,0.02292441140024783
10/3/2020,Sullivan,1,1615,171,30693,75432,37,0.022910216718266253
10/4/2020,Sullivan,1,1616,145,30838,75432,37,0.022896039603960396
10/5/2020,Sullivan,7,1623,238,31076,75432,37,0.02279728897104128
10/6/2020,Sullivan,6,1629,332,31408,75432,37,0.022713321055862493
10/7/2020,Sullivan,4,1633,322,31730,75432,37,0.0226576852418861
10/8/2020,Sullivan,10,1643,411,32141,75432,37,0.02251978088861838
10/9/2020,Sullivan,2,1645,344,32485,75432,37,0.022492401215805473
10/10/2020,Sullivan,4,1649,235,32720,75432,37,0.022437841115827774
10/11/2020,Sullivan,1,1650,123,32843,75432,37,0.022424242424242423
10/12/2020,Sullivan,5,1655,326,33169,75432,37,0.022356495468277945
10/13/2020,Sullivan,4,1659,301,33470,75432,37,0.02230259192284509
10/14/2020,Sullivan,4,1663,253,33723,75432,37,0.022248947684906796
10/15/2020,Sullivan,5,1668,418,34141,75432,37,0.022182254196642687
10/16/2020,Sullivan,6,1674,365,34506,75432,37,0.022102747909199524
10/17/2020,Sullivan,1,1675,117,34623,75432,37,0.02208955223880597
10/18/2020,Sullivan,5,1680,110,34733,75432,37,0.022023809523809525
10/19/2020,Sullivan,2,1682,307,35040,75432,37,0.021997621878715814
10/20/2020,Sullivan,12,1694,244,35284,75432,37,0.021841794569067298
10/21/2020,Sullivan,15,1709,322,35606,75432,37,0.021650087770626096
10/22/2020,Sullivan,5,1714,261,35867,75432,37,0.021586931155192533
10/23/2020,Sullivan,11,1725,318,36185,75432,37,0.021449275362318842
10/24/2020,Sullivan,18,1743,320,36505,75432,37,0.021227768215720023
10/25/2020,Sullivan,7,1750,103,36608,75432,37,0.021142857142857144
10/26/2020,Sullivan,15,1765,290,36898,75432,37,0.020963172804532578
10/27/2020,Sullivan,14,1779,278,37176,75432,37,0.020798201236649803
10/28/2020,Sullivan,7,1786,581,37757,75432,37,0.020716685330347144
10/29/2020,Sullivan,14,1800,397,38154,75432,37,0.020555555555555556
10/30/2020,Sullivan,14,1814,357,38511,75432,37,0.020396912899669238
10/31/2020,Sullivan,4,1818,186,38697,75432,37,0.02035203520352035
11/1/2020,Sullivan,7,1825,191,38888,75432,37,0.020273972602739727
11/2/2020,Sullivan,12,1837,386,39274,75432,37,0.020141535111594992
11/3/2020,Sullivan,15,1852,312,39586,75432,37,0.01997840172786177
11/4/2020,Sullivan,10,1862,352,39938,75432,37,0.01987110633727175
11/5/2020,Sullivan,20,1882,688,40626,75432,37,0.019659936238044632
11/6/2020,Sullivan,9,1891,315,40941,75432,37,0.01956636700158646
11/7/2020,Sullivan,3,1894,177,41118,75432,37,0.019535374868004225
11/8/2020,Sullivan,6,1900,249,41367,75432,37,0.019473684210526317
11/9/2020,Sullivan,20,1920,435,41802,75432,37,0.019270833333333334
11/10/2020,Sullivan,12,1932,403,42205,75432,38,0.019668737060041408
11/11/2020,Sullivan,8,1940,541,42746,75432,38,0.01958762886597938
11/12/2020,Sullivan,16,1956,457,43203,75432,38,0.019427402862985686
11/13/2020,Sullivan,13,1969,449,43652,75432,38,0.019299136617572373
11/14/2020,Sullivan,10,1979,267,43919,75432,38,0.019201616978271854
3/1/2020,Tioga,0,0,0,0,48203,0,NaN
3/2/2020,Tioga,0,0,0,0,48203,0,NaN
3/3/2020,Tioga,0,0,0,0,48203,0,NaN
3/4/2020,Tioga,0,0,0,0,48203,0,NaN
3/5/2020,Tioga,0,0,0,0,48203,0,NaN
3/6/2020,Tioga,0,0,0,0,48203,0,NaN
3/7/2020,Tioga,0,0,0,0,48203,0,NaN
3/8/2020,Tioga,0,0,0,0,48203,0,NaN
3/9/2020,Tioga,0,0,0,0,48203,0,NaN
3/10/2020,Tioga,0,0,0,0,48203,0,NaN
3/11/2020,Tioga,0,0,1,1,48203,0,NaN
3/12/2020,Tioga,0,0,0,1,48203,0,NaN
3/13/2020,Tioga,1,1,1,2,48203,0,0
3/14/2020,Tioga,0,1,0,2,48203,0,0
3/15/2020,Tioga,0,1,1,3,48203,0,0
3/16/2020,Tioga,0,1,3,6,48203,0,0
3/17/2020,Tioga,0,1,5,11,48203,0,0
3/18/2020,Tioga,0,1,0,11,48203,0,0
3/19/2020,Tioga,0,1,0,11,48203,0,0
3/20/2020,Tioga,0,1,5,16,48203,0,0
3/21/2020,Tioga,0,1,4,20,48203,0,0
3/22/2020,Tioga,0,1,4,24,48203,0,0
3/23/2020,Tioga,0,1,3,27,48203,0,0
3/24/2020,Tioga,0,1,1,28,48203,0,0
3/25/2020,Tioga,1,2,12,40,48203,0,0
3/26/2020,Tioga,0,2,10,50,48203,0,0
3/27/2020,Tioga,2,4,18,68,48203,0,0
3/28/2020,Tioga,0,4,21,89,48203,0,0
3/29/2020,Tioga,0,4,15,104,48203,0,0
3/30/2020,Tioga,3,7,21,125,48203,0,0
3/31/2020,Tioga,0,7,15,140,48203,0,0
4/1/2020,Tioga,0,7,14,154,48203,0,0
4/2/2020,Tioga,0,7,18,172,48203,0,0
4/3/2020,Tioga,0,7,9,181,48203,0,0
4/4/2020,Tioga,0,7,8,189,48203,0,0
4/5/2020,Tioga,1,8,10,199,48203,0,0
4/6/2020,Tioga,0,8,10,209,48203,0,0
4/7/2020,Tioga,4,12,29,238,48203,0,0
4/8/2020,Tioga,5,17,32,270,48203,0,0
4/9/2020,Tioga,1,18,16,286,48203,0,0
4/10/2020,Tioga,1,19,10,296,48203,0,0
4/11/2020,Tioga,0,19,8,304,48203,0,0
4/12/2020,Tioga,1,20,3,307,48203,0,0
4/13/2020,Tioga,4,24,52,359,48203,0,0
4/14/2020,Tioga,1,25,14,373,48203,0,0
4/15/2020,Tioga,2,27,16,389,48203,0,0
4/16/2020,Tioga,3,30,13,402,48203,0,0
4/17/2020,Tioga,2,32,16,418,48203,0,0
4/18/2020,Tioga,3,35,10,428,48203,0,0
4/19/2020,Tioga,2,37,6,434,48203,1,0.02702702702702703
4/20/2020,Tioga,0,37,5,439,48203,1,0.02702702702702703
4/21/2020,Tioga,2,39,10,449,48203,2,0.05128205128205128
4/22/2020,Tioga,1,40,13,462,48203,2,0.05
4/23/2020,Tioga,0,40,10,472,48203,2,0.05
4/24/2020,Tioga,31,71,173,645,48203,2,0.028169014084507043
4/25/2020,Tioga,0,71,8,653,48203,3,0.04225352112676056
4/26/2020,Tioga,0,71,8,661,48203,3,0.04225352112676056
4/27/2020,Tioga,11,82,86,747,48203,3,0.036585365853658534
4/28/2020,Tioga,2,84,68,815,48203,4,0.047619047619047616
4/29/2020,Tioga,4,88,69,884,48203,5,0.056818181818181816
4/30/2020,Tioga,2,90,19,903,48203,6,0.06666666666666667
5/1/2020,Tioga,0,90,20,923,48203,6,0.06666666666666667
5/2/2020,Tioga,0,90,25,948,48203,6,0.06666666666666667
5/3/2020,Tioga,0,90,50,998,48203,8,0.08888888888888889
5/4/2020,Tioga,2,92,67,1065,48203,8,0.08695652173913043
5/5/2020,Tioga,4,96,76,1141,48203,8,0.08333333333333333
5/6/2020,Tioga,1,97,40,1181,48203,12,0.12371134020618557
5/7/2020,Tioga,2,99,40,1221,48203,12,0.12121212121212122
5/8/2020,Tioga,5,104,83,1304,48203,12,0.11538461538461539
5/9/2020,Tioga,1,105,31,1335,48203,12,0.11428571428571428
5/10/2020,Tioga,2,107,40,1375,48203,14,0.1308411214953271
5/11/2020,Tioga,0,107,35,1410,48203,14,0.1308411214953271
5/12/2020,Tioga,1,108,92,1502,48203,15,0.1388888888888889
5/13/2020,Tioga,0,108,59,1561,48203,16,0.14814814814814814
5/14/2020,Tioga,2,110,42,1603,48203,16,0.14545454545454545
5/15/2020,Tioga,2,112,57,1660,48203,16,0.14285714285714285
5/16/2020,Tioga,1,113,59,1719,48203,16,0.1415929203539823
5/17/2020,Tioga,0,113,82,1801,48203,16,0.1415929203539823
5/18/2020,Tioga,0,113,113,1914,48203,16,0.1415929203539823
5/19/2020,Tioga,1,114,106,2020,48203,16,0.14035087719298245
5/20/2020,Tioga,3,117,89,2109,48203,16,0.13675213675213677
5/21/2020,Tioga,1,118,105,2214,48203,16,0.13559322033898305
5/22/2020,Tioga,3,121,96,2310,48203,17,0.14049586776859505
5/23/2020,Tioga,1,122,79,2389,48203,17,0.13934426229508196
5/24/2020,Tioga,0,122,54,2443,48203,17,0.13934426229508196
5/25/2020,Tioga,0,122,45,2488,48203,17,0.13934426229508196
5/26/2020,Tioga,2,124,195,2683,48203,17,0.13709677419354838
5/27/2020,Tioga,2,126,132,2815,48203,17,0.1349206349206349
5/28/2020,Tioga,0,126,110,2925,48203,17,0.1349206349206349
5/29/2020,Tioga,2,128,141,3066,48203,17,0.1328125
5/30/2020,Tioga,2,130,107,3173,48203,17,0.13076923076923078
5/31/2020,Tioga,0,130,44,3217,48203,17,0.13076923076923078
6/1/2020,Tioga,1,131,143,3360,48203,17,0.1297709923664122
6/2/2020,Tioga,2,133,123,3483,48203,17,0.12781954887218044
6/3/2020,Tioga,0,133,101,3584,48203,17,0.12781954887218044
6/4/2020,Tioga,1,134,140,3724,48203,17,0.12686567164179105
6/5/2020,Tioga,0,134,302,4026,48203,18,0.13432835820895522
6/6/2020,Tioga,0,134,146,4172,48203,18,0.13432835820895522
6/7/2020,Tioga,0,134,79,4251,48203,18,0.13432835820895522
6/8/2020,Tioga,0,134,166,4417,48203,18,0.13432835820895522
6/9/2020,Tioga,1,135,247,4664,48203,19,0.14074074074074075
6/10/2020,Tioga,0,135,159,4823,48203,19,0.14074074074074075
6/11/2020,Tioga,2,137,106,4929,48203,19,0.1386861313868613
6/12/2020,Tioga,0,137,162,5091,48203,19,0.1386861313868613
6/13/2020,Tioga,2,139,71,5162,48203,19,0.1366906474820144
6/14/2020,Tioga,0,139,71,5233,48203,19,0.1366906474820144
6/15/2020,Tioga,1,140,174,5407,48203,19,0.1357142857142857
6/16/2020,Tioga,0,140,70,5477,48203,19,0.1357142857142857
6/17/2020,Tioga,0,140,175,5652,48203,19,0.1357142857142857
6/18/2020,Tioga,0,140,123,5775,48203,19,0.1357142857142857
6/19/2020,Tioga,0,140,77,5852,48203,19,0.1357142857142857
6/20/2020,Tioga,0,140,60,5912,48203,19,0.1357142857142857
6/21/2020,Tioga,0,140,70,5982,48203,19,0.1357142857142857
6/22/2020,Tioga,1,141,186,6168,48203,19,0.1347517730496454
6/23/2020,Tioga,0,141,128,6296,48203,19,0.1347517730496454
6/24/2020,Tioga,0,141,151,6447,48203,19,0.1347517730496454
6/25/2020,Tioga,0,141,68,6515,48203,19,0.1347517730496454
6/26/2020,Tioga,1,142,131,6646,48203,19,0.13380281690140844
6/27/2020,Tioga,0,142,77,6723,48203,19,0.13380281690140844
6/28/2020,Tioga,0,142,51,6774,48203,19,0.13380281690140844
6/29/2020,Tioga,1,143,175,6949,48203,19,0.13286713286713286
6/30/2020,Tioga,0,143,107,7056,48203,19,0.13286713286713286
7/1/2020,Tioga,0,143,130,7186,48203,19,0.13286713286713286
7/2/2020,Tioga,0,143,108,7294,48203,19,0.13286713286713286
7/3/2020,Tioga,2,145,101,7395,48203,19,0.1310344827586207
7/4/2020,Tioga,1,146,101,7496,48203,19,0.13013698630136986
7/5/2020,Tioga,2,148,126,7622,48203,19,0.12837837837837837
7/6/2020,Tioga,2,150,105,7727,48203,19,0.12666666666666668
7/7/2020,Tioga,0,150,61,7788,48203,19,0.12666666666666668
7/8/2020,Tioga,1,151,110,7898,48203,20,0.13245033112582782
7/9/2020,Tioga,8,159,160,8058,48203,20,0.12578616352201258
7/10/2020,Tioga,1,160,126,8184,48203,20,0.125
7/11/2020,Tioga,1,161,151,8335,48203,20,0.12422360248447205
7/12/2020,Tioga,0,161,83,8418,48203,20,0.12422360248447205
7/13/2020,Tioga,0,161,121,8539,48203,20,0.12422360248447205
7/14/2020,Tioga,2,163,208,8747,48203,20,0.12269938650306748
7/15/2020,Tioga,0,163,165,8912,48203,20,0.12269938650306748
7/16/2020,Tioga,5,168,101,9013,48203,20,0.11904761904761904
7/17/2020,Tioga,1,169,141,9154,48203,20,0.11834319526627218
7/18/2020,Tioga,1,170,104,9258,48203,20,0.11764705882352941
7/19/2020,Tioga,3,173,131,9389,48203,20,0.11560693641618497
7/20/2020,Tioga,1,174,110,9499,48203,20,0.11494252873563218
7/21/2020,Tioga,1,175,128,9627,48203,20,0.11428571428571428
7/22/2020,Tioga,0,175,129,9756,48203,20,0.11428571428571428
7/23/2020,Tioga,1,176,187,9943,48203,20,0.11363636363636363
7/24/2020,Tioga,2,178,131,10074,48203,20,0.11235955056179775
7/25/2020,Tioga,1,179,89,10163,48203,20,0.11173184357541899
7/26/2020,Tioga,1,180,145,10308,48203,20,0.1111111111111111
7/27/2020,Tioga,0,180,85,10393,48203,20,0.1111111111111111
7/28/2020,Tioga,3,183,129,10522,48203,20,0.1092896174863388
7/29/2020,Tioga,1,184,118,10640,48203,20,0.10869565217391304
7/30/2020,Tioga,3,187,150,10790,48203,21,0.11229946524064172
7/31/2020,Tioga,1,188,133,10923,48203,21,0.11170212765957446
8/1/2020,Tioga,1,189,70,10993,48203,21,0.1111111111111111
8/2/2020,Tioga,1,190,75,11068,48203,21,0.11052631578947368
8/3/2020,Tioga,1,191,171,11239,48203,21,0.1099476439790576
8/4/2020,Tioga,2,193,230,11469,48203,21,0.10880829015544041
8/5/2020,Tioga,0,193,100,11569,48203,21,0.10880829015544041
8/6/2020,Tioga,0,193,135,11704,48203,21,0.10880829015544041
8/7/2020,Tioga,0,193,153,11857,48203,21,0.10880829015544041
8/8/2020,Tioga,0,193,120,11977,48203,21,0.10880829015544041
8/9/2020,Tioga,0,193,103,12080,48203,21,0.10880829015544041
8/10/2020,Tioga,1,194,197,12277,48203,21,0.10824742268041238
8/11/2020,Tioga,0,194,124,12401,48203,21,0.10824742268041238
8/12/2020,Tioga,0,194,160,12561,48203,21,0.10824742268041238
8/13/2020,Tioga,1,195,204,12765,48203,21,0.1076923076923077
8/14/2020,Tioga,0,195,134,12899,48203,21,0.1076923076923077
8/15/2020,Tioga,0,195,95,12994,48203,21,0.1076923076923077
8/16/2020,Tioga,1,196,102,13096,48203,21,0.10714285714285714
8/17/2020,Tioga,2,198,130,13226,48203,21,0.10606060606060606
8/18/2020,Tioga,1,199,98,13324,48203,21,0.10552763819095477
8/19/2020,Tioga,4,203,165,13489,48203,21,0.10344827586206896
8/20/2020,Tioga,0,203,220,13709,48203,21,0.10344827586206896
8/21/2020,Tioga,1,204,205,13914,48203,21,0.10294117647058823
8/22/2020,Tioga,2,206,103,14017,48203,21,0.10194174757281553
8/23/2020,Tioga,0,206,99,14116,48203,21,0.10194174757281553
8/24/2020,Tioga,0,206,93,14209,48203,21,0.10194174757281553
8/25/2020,Tioga,0,206,110,14319,48203,21,0.10194174757281553
8/26/2020,Tioga,0,206,137,14456,48203,21,0.10194174757281553
8/27/2020,Tioga,1,207,199,14655,48203,21,0.10144927536231885
8/28/2020,Tioga,1,208,174,14829,48203,21,0.10096153846153846
8/29/2020,Tioga,0,208,117,14946,48203,21,0.10096153846153846
8/30/2020,Tioga,1,209,103,15049,48203,21,0.10047846889952153
8/31/2020,Tioga,0,209,68,15117,48203,21,0.10047846889952153
9/1/2020,Tioga,0,209,74,15191,48203,21,0.10047846889952153
9/2/2020,Tioga,1,210,96,15287,48203,21,0.1
9/3/2020,Tioga,1,211,118,15405,48203,21,0.0995260663507109
9/4/2020,Tioga,0,211,232,15637,48203,21,0.0995260663507109
9/5/2020,Tioga,1,212,186,15823,48203,21,0.09905660377358491
9/6/2020,Tioga,2,214,79,15902,48203,21,0.09813084112149532
9/7/2020,Tioga,2,216,133,16035,48203,21,0.09722222222222222
9/8/2020,Tioga,1,217,81,16116,48203,21,0.0967741935483871
9/9/2020,Tioga,1,218,118,16234,48203,21,0.0963302752293578
9/10/2020,Tioga,0,218,198,16432,48203,21,0.0963302752293578
9/11/2020,Tioga,1,219,267,16699,48203,21,0.0958904109589041
9/12/2020,Tioga,0,219,115,16814,48203,21,0.0958904109589041
9/13/2020,Tioga,2,221,118,16932,48203,21,0.09502262443438914
9/14/2020,Tioga,0,221,198,17130,48203,21,0.09502262443438914
9/15/2020,Tioga,0,221,190,17320,48203,21,0.09502262443438914
9/16/2020,Tioga,0,221,249,17569,48203,21,0.09502262443438914
9/17/2020,Tioga,1,222,249,17818,48203,21,0.0945945945945946
9/18/2020,Tioga,0,222,287,18105,48203,21,0.0945945945945946
9/19/2020,Tioga,2,224,144,18249,48203,21,0.09375
9/20/2020,Tioga,0,224,65,18314,48203,21,0.09375
9/21/2020,Tioga,1,225,181,18495,48203,21,0.09333333333333334
9/22/2020,Tioga,0,225,223,18718,48203,21,0.09333333333333334
9/23/2020,Tioga,4,229,218,18936,48203,21,0.09170305676855896
9/24/2020,Tioga,0,229,346,19282,48203,21,0.09170305676855896
9/25/2020,Tioga,5,234,271,19553,48203,21,0.08974358974358974
9/26/2020,Tioga,1,235,142,19695,48203,21,0.08936170212765958
9/27/2020,Tioga,2,237,101,19796,48203,21,0.08860759493670886
9/28/2020,Tioga,5,242,172,19968,48203,21,0.08677685950413223
9/29/2020,Tioga,7,249,283,20251,48203,21,0.08433734939759036
9/30/2020,Tioga,7,256,309,20560,48203,21,0.08203125
10/1/2020,Tioga,5,261,359,20919,48203,22,0.0842911877394636
10/2/2020,Tioga,3,264,342,21261,48203,23,0.08712121212121213
10/3/2020,Tioga,10,274,462,21723,48203,23,0.08394160583941605
10/4/2020,Tioga,4,278,211,21934,48203,23,0.08273381294964029
10/5/2020,Tioga,6,284,105,22039,48203,23,0.08098591549295775
10/6/2020,Tioga,7,291,446,22485,48203,23,0.07903780068728522
10/7/2020,Tioga,13,304,441,22926,48203,23,0.0756578947368421
10/8/2020,Tioga,15,319,439,23365,48203,23,0.07210031347962383
10/9/2020,Tioga,14,333,422,23787,48203,23,0.06906906906906907
10/10/2020,Tioga,12,345,364,24151,48203,23,0.06666666666666667
10/11/2020,Tioga,7,352,204,24355,48203,23,0.06534090909090909
10/12/2020,Tioga,6,358,285,24640,48203,23,0.06424581005586592
10/13/2020,Tioga,13,371,300,24940,48203,24,0.0646900269541779
10/14/2020,Tioga,19,390,442,25382,48203,25,0.0641025641025641
10/15/2020,Tioga,23,413,579,25961,48203,25,0.06053268765133172
10/16/2020,Tioga,11,424,295,26256,48203,25,0.0589622641509434
10/17/2020,Tioga,11,435,370,26626,48203,25,0.05747126436781609
10/18/2020,Tioga,13,448,220,26846,48203,25,0.05580357142857143
10/19/2020,Tioga,11,459,201,27047,48203,25,0.054466230936819175
10/20/2020,Tioga,19,478,297,27344,48203,25,0.05230125523012552
10/21/2020,Tioga,24,502,566,27910,48203,25,0.049800796812749
10/22/2020,Tioga,10,512,363,28273,48203,25,0.048828125
10/23/2020,Tioga,37,549,664,28937,48203,25,0.04553734061930783
10/24/2020,Tioga,23,572,507,29444,48203,25,0.043706293706293704
10/25/2020,Tioga,17,589,205,29649,48203,26,0.044142614601018676
10/26/2020,Tioga,21,610,374,30023,48203,26,0.04262295081967213
10/27/2020,Tioga,19,629,348,30371,48203,27,0.04292527821939587
10/28/2020,Tioga,24,653,349,30720,48203,29,0.0444104134762634
10/29/2020,Tioga,19,672,446,31166,48203,30,0.044642857142857144
10/30/2020,Tioga,17,689,528,31694,48203,32,0.04644412191582003
10/31/2020,Tioga,10,699,330,32024,48203,33,0.04721030042918455
11/1/2020,Tioga,18,717,221,32245,48203,33,0.04602510460251046
11/2/2020,Tioga,15,732,264,32509,48203,33,0.045081967213114756
11/3/2020,Tioga,18,750,275,32784,48203,34,0.04533333333333334
11/4/2020,Tioga,25,775,419,33203,48203,36,0.04645161290322581
11/5/2020,Tioga,17,792,346,33549,48203,36,0.045454545454545456
11/6/2020,Tioga,31,823,521,34070,48203,37,0.04495747266099635
11/7/2020,Tioga,13,836,379,34449,48203,38,0.045454545454545456
11/8/2020,Tioga,10,846,153,34602,48203,38,0.04491725768321513
11/9/2020,Tioga,18,864,245,34847,48203,41,0.047453703703703706
11/10/2020,Tioga,22,886,300,35147,48203,41,0.046275395033860044
11/11/2020,Tioga,27,913,341,35488,48203,41,0.044906900328587074
11/12/2020,Tioga,17,930,457,35945,48203,42,0.04516129032258064
11/13/2020,Tioga,10,940,337,36282,48203,43,0.045744680851063826
11/14/2020,Tioga,11,951,253,36535,48203,43,0.0452155625657203
3/1/2020,Tompkins,0,0,0,0,102180,0,NaN
3/2/2020,Tompkins,0,0,0,0,102180,0,NaN
3/3/2020,Tompkins,0,0,0,0,102180,0,NaN
3/4/2020,Tompkins,0,0,0,0,102180,0,NaN
3/5/2020,Tompkins,0,0,0,0,102180,0,NaN
3/6/2020,Tompkins,0,0,0,0,102180,0,NaN
3/7/2020,Tompkins,0,0,0,0,102180,0,NaN
3/8/2020,Tompkins,0,0,0,0,102180,0,NaN
3/9/2020,Tompkins,0,0,1,1,102180,0,NaN
3/10/2020,Tompkins,0,0,0,1,102180,0,NaN
3/11/2020,Tompkins,0,0,2,3,102180,0,NaN
3/12/2020,Tompkins,0,0,2,5,102180,0,NaN
3/13/2020,Tompkins,1,1,5,10,102180,0,0
3/14/2020,Tompkins,0,1,1,11,102180,0,0
3/15/2020,Tompkins,0,1,4,15,102180,0,0
3/16/2020,Tompkins,1,2,17,32,102180,0,0
3/17/2020,Tompkins,1,3,11,43,102180,0,0
3/18/2020,Tompkins,3,6,18,61,102180,0,0
3/19/2020,Tompkins,1,7,7,68,102180,0,0
3/20/2020,Tompkins,4,11,96,164,102180,0,0
3/21/2020,Tompkins,2,13,76,240,102180,0,0
3/22/2020,Tompkins,2,15,115,355,102180,0,0
3/23/2020,Tompkins,1,16,111,466,102180,0,0
3/24/2020,Tompkins,0,16,2,468,102180,0,0
3/25/2020,Tompkins,6,22,89,557,102180,0,0
3/26/2020,Tompkins,4,26,109,666,102180,0,0
3/27/2020,Tompkins,19,45,182,848,102180,0,0
3/28/2020,Tompkins,7,52,128,976,102180,0,0
3/29/2020,Tompkins,14,66,157,1133,102180,0,0
3/30/2020,Tompkins,0,66,18,1151,102180,0,0
3/31/2020,Tompkins,2,68,15,1166,102180,0,0
4/1/2020,Tompkins,6,74,126,1292,102180,0,0
4/2/2020,Tompkins,10,84,160,1452,102180,0,0
4/3/2020,Tompkins,1,85,81,1533,102180,0,0
4/4/2020,Tompkins,3,88,52,1585,102180,0,0
4/5/2020,Tompkins,6,94,94,1679,102180,0,0
4/6/2020,Tompkins,3,97,23,1702,102180,0,0
4/7/2020,Tompkins,2,99,85,1787,102180,0,0
4/8/2020,Tompkins,6,105,299,2086,102180,0,0
4/9/2020,Tompkins,0,105,24,2110,102180,0,0
4/10/2020,Tompkins,3,108,135,2245,102180,0,0
4/11/2020,Tompkins,1,109,77,2322,102180,0,0
4/12/2020,Tompkins,1,110,31,2353,102180,0,0
4/13/2020,Tompkins,2,112,104,2457,102180,0,0
4/14/2020,Tompkins,3,115,44,2501,102180,0,0
4/15/2020,Tompkins,1,116,73,2574,102180,0,0
4/16/2020,Tompkins,1,117,36,2610,102180,0,0
4/17/2020,Tompkins,0,117,44,2654,102180,0,0
4/18/2020,Tompkins,0,117,41,2695,102180,0,0
4/19/2020,Tompkins,2,119,47,2742,102180,0,0
4/20/2020,Tompkins,0,119,4,2746,102180,0,0
4/21/2020,Tompkins,0,119,12,2758,102180,0,0
4/22/2020,Tompkins,0,119,95,2853,102180,0,0
4/23/2020,Tompkins,2,121,108,2961,102180,0,0
4/24/2020,Tompkins,5,126,308,3269,102180,0,0
4/25/2020,Tompkins,0,126,44,3313,102180,0,0
4/26/2020,Tompkins,0,126,47,3360,102180,0,0
4/27/2020,Tompkins,0,126,13,3373,102180,0,0
4/28/2020,Tompkins,1,127,119,3492,102180,0,0
4/29/2020,Tompkins,1,128,19,3511,102180,0,0
4/30/2020,Tompkins,0,128,61,3572,102180,0,0
5/1/2020,Tompkins,0,128,118,3690,102180,0,0
5/2/2020,Tompkins,1,129,27,3717,102180,0,0
5/3/2020,Tompkins,0,129,126,3843,102180,0,0
5/4/2020,Tompkins,0,129,52,3895,102180,0,0
5/5/2020,Tompkins,0,129,104,3999,102180,0,0
5/6/2020,Tompkins,1,130,188,4187,102180,0,0
5/7/2020,Tompkins,1,131,187,4374,102180,0,0
5/8/2020,Tompkins,1,132,619,4993,102180,0,0
5/9/2020,Tompkins,0,132,95,5088,102180,0,0
5/10/2020,Tompkins,0,132,86,5174,102180,0,0
5/11/2020,Tompkins,0,132,91,5265,102180,0,0
5/12/2020,Tompkins,4,136,175,5440,102180,0,0
5/13/2020,Tompkins,0,136,103,5543,102180,0,0
5/14/2020,Tompkins,0,136,112,5655,102180,0,0
5/15/2020,Tompkins,2,138,331,5986,102180,0,0
5/16/2020,Tompkins,1,139,421,6407,102180,0,0
5/17/2020,Tompkins,2,141,412,6819,102180,0,0
5/18/2020,Tompkins,1,142,446,7265,102180,0,0
5/19/2020,Tompkins,3,145,219,7484,102180,0,0
5/20/2020,Tompkins,0,145,199,7683,102180,0,0
5/21/2020,Tompkins,2,147,291,7974,102180,0,0
5/22/2020,Tompkins,2,149,410,8384,102180,0,0
5/23/2020,Tompkins,2,151,246,8630,102180,0,0
5/24/2020,Tompkins,3,154,267,8897,102180,0,0
5/25/2020,Tompkins,0,154,48,8945,102180,0,0
5/26/2020,Tompkins,1,155,264,9209,102180,0,0
5/27/2020,Tompkins,1,156,110,9319,102180,0,0
5/28/2020,Tompkins,1,157,425,9744,102180,0,0
5/29/2020,Tompkins,4,161,264,10008,102180,0,0
5/30/2020,Tompkins,3,164,389,10397,102180,0,0
5/31/2020,Tompkins,0,164,149,10546,102180,0,0
6/1/2020,Tompkins,0,164,168,10714,102180,0,0
6/2/2020,Tompkins,1,165,203,10917,102180,0,0
6/3/2020,Tompkins,0,165,206,11123,102180,0,0
6/4/2020,Tompkins,2,167,171,11294,102180,0,0
6/5/2020,Tompkins,4,171,1067,12361,102180,0,0
6/6/2020,Tompkins,0,171,518,12879,102180,0,0
6/7/2020,Tompkins,0,171,148,13027,102180,0,0
6/8/2020,Tompkins,0,171,452,13479,102180,0,0
6/9/2020,Tompkins,0,171,333,13812,102180,0,0
6/10/2020,Tompkins,0,171,235,14047,102180,0,0
6/11/2020,Tompkins,1,172,191,14238,102180,0,0
6/12/2020,Tompkins,1,173,328,14566,102180,0,0
6/13/2020,Tompkins,0,173,72,14638,102180,0,0
6/14/2020,Tompkins,0,173,61,14699,102180,0,0
6/15/2020,Tompkins,0,173,378,15077,102180,0,0
6/16/2020,Tompkins,0,173,295,15372,102180,0,0
6/17/2020,Tompkins,0,173,210,15582,102180,0,0
6/18/2020,Tompkins,0,173,779,16361,102180,0,0
6/19/2020,Tompkins,1,174,395,16756,102180,0,0
6/20/2020,Tompkins,1,175,139,16895,102180,0,0
6/21/2020,Tompkins,0,175,239,17134,102180,0,0
6/22/2020,Tompkins,0,175,267,17401,102180,0,0
6/23/2020,Tompkins,0,175,237,17638,102180,0,0
6/24/2020,Tompkins,0,175,267,17905,102180,0,0
6/25/2020,Tompkins,0,175,170,18075,102180,0,0
6/26/2020,Tompkins,0,175,231,18306,102180,0,0
6/27/2020,Tompkins,1,176,328,18634,102180,0,0
6/28/2020,Tompkins,1,177,111,18745,102180,0,0
6/29/2020,Tompkins,0,177,200,18945,102180,0,0
6/30/2020,Tompkins,0,177,238,19183,102180,0,0
7/1/2020,Tompkins,1,178,309,19492,102180,0,0
7/2/2020,Tompkins,0,178,233,19725,102180,0,0
7/3/2020,Tompkins,0,178,270,19995,102180,0,0
7/4/2020,Tompkins,1,179,103,20098,102180,0,0
7/5/2020,Tompkins,0,179,179,20277,102180,0,0
7/6/2020,Tompkins,0,179,200,20477,102180,0,0
7/7/2020,Tompkins,1,180,408,20885,102180,0,0
7/8/2020,Tompkins,0,180,95,20980,102180,0,0
7/9/2020,Tompkins,1,181,340,21320,102180,0,0
7/10/2020,Tompkins,2,183,353,21673,102180,0,0
7/11/2020,Tompkins,3,186,482,22155,102180,0,0
7/12/2020,Tompkins,0,186,104,22259,102180,0,0
7/13/2020,Tompkins,0,186,354,22613,102180,0,0
7/14/2020,Tompkins,12,198,438,23051,102180,0,0
7/15/2020,Tompkins,0,198,307,23358,102180,0,0
7/16/2020,Tompkins,0,198,688,24046,102180,0,0
7/17/2020,Tompkins,1,199,645,24691,102180,0,0
7/18/2020,Tompkins,9,208,466,25157,102180,0,0
7/19/2020,Tompkins,1,209,59,25216,102180,0,0
7/20/2020,Tompkins,0,209,221,25437,102180,0,0
7/21/2020,Tompkins,0,209,828,26265,102180,0,0
7/22/2020,Tompkins,4,213,729,26994,102180,0,0
7/23/2020,Tompkins,8,221,635,27629,102180,0,0
7/24/2020,Tompkins,2,223,793,28422,102180,0,0
7/25/2020,Tompkins,1,224,298,28720,102180,0,0
7/26/2020,Tompkins,1,225,91,28811,102180,0,0
7/27/2020,Tompkins,0,225,202,29013,102180,0,0
7/28/2020,Tompkins,0,225,534,29547,102180,0,0
7/29/2020,Tompkins,2,227,740,30287,102180,0,0
7/30/2020,Tompkins,1,228,734,31021,102180,0,0
7/31/2020,Tompkins,2,230,589,31610,102180,0,0
8/1/2020,Tompkins,0,230,329,31939,102180,0,0
8/2/2020,Tompkins,0,230,42,31981,102180,0,0
8/3/2020,Tompkins,0,230,320,32301,102180,0,0
8/4/2020,Tompkins,1,231,514,32815,102180,0,0
8/5/2020,Tompkins,1,232,721,33536,102180,0,0
8/6/2020,Tompkins,1,233,609,34145,102180,0,0
8/7/2020,Tompkins,1,234,740,34885,102180,0,0
8/8/2020,Tompkins,0,234,405,35290,102180,0,0
8/9/2020,Tompkins,0,234,31,35321,102180,0,0
8/10/2020,Tompkins,0,234,303,35624,102180,0,0
8/11/2020,Tompkins,0,234,610,36234,102180,0,0
8/12/2020,Tompkins,0,234,659,36893,102180,0,0
8/13/2020,Tompkins,2,236,1099,37992,102180,0,0
8/14/2020,Tompkins,2,238,1203,39195,102180,0,0
8/15/2020,Tompkins,0,238,433,39628,102180,0,0
8/16/2020,Tompkins,0,238,165,39793,102180,0,0
8/17/2020,Tompkins,0,238,186,39979,102180,0,0
8/18/2020,Tompkins,0,238,749,40728,102180,0,0
8/19/2020,Tompkins,2,240,1401,42129,102180,0,0
8/20/2020,Tompkins,4,244,2018,44147,102180,0,0
8/21/2020,Tompkins,0,244,1364,45511,102180,0,0
8/22/2020,Tompkins,0,244,837,46348,102180,0,0
8/23/2020,Tompkins,0,244,653,47001,102180,0,0
8/24/2020,Tompkins,1,245,1342,48343,102180,0,0
8/25/2020,Tompkins,3,248,2713,51056,102180,0,0
8/26/2020,Tompkins,1,249,1237,52293,102180,0,0
8/27/2020,Tompkins,2,251,906,53199,102180,0,0
8/28/2020,Tompkins,10,261,1782,54981,102180,0,0
8/29/2020,Tompkins,3,264,2081,57062,102180,0,0
8/30/2020,Tompkins,1,265,829,57891,102180,0,0
8/31/2020,Tompkins,5,270,236,58127,102180,0,0
9/1/2020,Tompkins,10,280,1707,59834,102180,0,0
9/2/2020,Tompkins,23,303,480,60314,102180,0,0
9/3/2020,Tompkins,5,308,530,60844,102180,0,0
9/4/2020,Tompkins,13,321,7425,68269,102180,0,0
9/5/2020,Tompkins,11,332,2868,71137,102180,0,0
9/6/2020,Tompkins,7,339,3091,74228,102180,0,0
9/7/2020,Tompkins,5,344,4157,78385,102180,0,0
9/8/2020,Tompkins,2,346,3619,82004,102180,0,0
9/9/2020,Tompkins,15,361,3995,85999,102180,0,0
9/10/2020,Tompkins,8,369,4186,90185,102180,0,0
9/11/2020,Tompkins,6,375,4884,95069,102180,0,0
9/12/2020,Tompkins,6,381,3264,98333,102180,0,0
9/13/2020,Tompkins,1,382,3013,101346,102180,0,0
9/14/2020,Tompkins,2,384,4744,106090,102180,0,0
9/15/2020,Tompkins,2,386,5383,111473,102180,0,0
9/16/2020,Tompkins,2,388,5657,117130,102180,0,0
9/17/2020,Tompkins,2,390,5661,122791,102180,0,0
9/18/2020,Tompkins,4,394,5411,128202,102180,0,0
9/19/2020,Tompkins,3,397,2274,130476,102180,0,0
9/20/2020,Tompkins,1,398,1354,131830,102180,0,0
9/21/2020,Tompkins,1,399,4504,136334,102180,0,0
9/22/2020,Tompkins,6,405,5351,141685,102180,0,0
9/23/2020,Tompkins,1,406,4729,146414,102180,0,0
9/24/2020,Tompkins,2,408,5548,151962,102180,0,0
9/25/2020,Tompkins,1,409,3228,155190,102180,0,0
9/26/2020,Tompkins,4,413,2389,157579,102180,0,0
9/27/2020,Tompkins,1,414,73,157652,102180,0,0
9/28/2020,Tompkins,3,417,2631,160283,102180,0,0
9/29/2020,Tompkins,4,421,8648,168931,102180,0,0
9/30/2020,Tompkins,5,426,10801,179732,102180,0,0
10/1/2020,Tompkins,6,432,10039,189771,102180,0,0
10/2/2020,Tompkins,6,438,9108,198879,102180,0,0
10/3/2020,Tompkins,7,445,10828,209707,102180,0,0
10/4/2020,Tompkins,6,451,8669,218376,102180,0,0
10/5/2020,Tompkins,4,455,4988,223364,102180,0,0
10/6/2020,Tompkins,3,458,7336,230700,102180,0,0
10/7/2020,Tompkins,7,465,10526,241226,102180,0,0
10/8/2020,Tompkins,8,473,11929,253155,102180,0,0
10/9/2020,Tompkins,3,476,11001,264156,102180,0,0
10/10/2020,Tompkins,3,479,10409,274565,102180,0,0
10/11/2020,Tompkins,2,481,8475,283040,102180,0,0
10/12/2020,Tompkins,9,490,2785,285825,102180,0,0
10/13/2020,Tompkins,17,507,13369,299194,102180,0,0
10/14/2020,Tompkins,8,515,11718,310912,102180,0,0
10/15/2020,Tompkins,8,523,8846,319758,102180,0,0
10/16/2020,Tompkins,11,534,7652,327410,102180,0,0
10/17/2020,Tompkins,6,540,11388,338798,102180,0,0
10/18/2020,Tompkins,8,548,8303,347101,102180,0,0
10/19/2020,Tompkins,8,556,5324,352425,102180,0,0
10/20/2020,Tompkins,7,563,7827,360252,102180,0,0
10/21/2020,Tompkins,16,579,11430,371682,102180,0,0
10/22/2020,Tompkins,6,585,10011,381693,102180,0,0
10/23/2020,Tompkins,8,593,11164,392857,102180,0,0
10/24/2020,Tompkins,10,603,10288,403145,102180,0,0
10/25/2020,Tompkins,3,606,8122,411267,102180,0,0
10/26/2020,Tompkins,3,609,5741,417008,102180,0,0
10/27/2020,Tompkins,10,619,8298,425306,102180,0,0
10/28/2020,Tompkins,13,632,10597,435903,102180,0,0
10/29/2020,Tompkins,7,639,10976,446879,102180,0,0
10/30/2020,Tompkins,11,650,9041,455920,102180,0,0
10/31/2020,Tompkins,6,656,10948,466868,102180,0,0
11/1/2020,Tompkins,3,659,8383,475251,102180,0,0
11/2/2020,Tompkins,1,660,5730,480981,102180,0,0
11/3/2020,Tompkins,4,664,7999,488980,102180,0,0
11/4/2020,Tompkins,11,675,9881,498861,102180,0,0
11/5/2020,Tompkins,3,678,9864,508725,102180,0,0
11/6/2020,Tompkins,12,690,10328,519053,102180,0,0
11/7/2020,Tompkins,12,702,5610,524663,102180,0,0
11/8/2020,Tompkins,5,707,8469,533132,102180,0,0
11/9/2020,Tompkins,5,712,6862,539994,102180,0,0
11/10/2020,Tompkins,22,734,6889,546883,102180,0,0
11/11/2020,Tompkins,31,765,6779,553662,102180,0,0
11/12/2020,Tompkins,21,786,19656,573318,102180,0,0
11/13/2020,Tompkins,13,799,12369,585687,102180,0,0
11/14/2020,Tompkins,7,806,1895,587582,102180,0,0
3/1/2020,Ulster,0,0,0,0,177573,0,NaN
3/2/2020,Ulster,0,0,0,0,177573,0,NaN
3/3/2020,Ulster,0,0,0,0,177573,0,NaN
3/4/2020,Ulster,0,0,0,0,177573,0,NaN
3/5/2020,Ulster,0,0,1,1,177573,0,NaN
3/6/2020,Ulster,0,0,0,1,177573,0,NaN
3/7/2020,Ulster,0,0,0,1,177573,0,NaN
3/8/2020,Ulster,1,1,1,2,177573,0,0
3/9/2020,Ulster,0,1,0,2,177573,0,0
3/10/2020,Ulster,0,1,2,4,177573,0,0
3/11/2020,Ulster,1,2,1,5,177573,0,0
3/12/2020,Ulster,3,5,6,11,177573,0,0
3/13/2020,Ulster,0,5,3,14,177573,0,0
3/14/2020,Ulster,0,5,30,44,177573,0,0
3/15/2020,Ulster,2,7,16,60,177573,0,0
3/16/2020,Ulster,1,8,12,72,177573,0,0
3/17/2020,Ulster,1,9,15,87,177573,0,0
3/18/2020,Ulster,1,10,41,128,177573,0,0
3/19/2020,Ulster,2,12,62,190,177573,0,0
3/20/2020,Ulster,6,18,70,260,177573,0,0
3/21/2020,Ulster,8,26,145,405,177573,0,0
3/22/2020,Ulster,9,35,54,459,177573,0,0
3/23/2020,Ulster,12,47,117,576,177573,0,0
3/24/2020,Ulster,18,65,81,657,177573,0,0
3/25/2020,Ulster,13,78,71,728,177573,0,0
3/26/2020,Ulster,21,99,83,811,177573,0,0
3/27/2020,Ulster,29,128,124,935,177573,0,0
3/28/2020,Ulster,18,146,82,1017,177573,0,0
3/29/2020,Ulster,44,190,194,1211,177573,1,0.005263157894736842
3/30/2020,Ulster,21,211,123,1334,177573,1,0.004739336492890996
3/31/2020,Ulster,10,221,51,1385,177573,3,0.013574660633484163
4/1/2020,Ulster,19,240,118,1503,177573,3,0.0125
4/2/2020,Ulster,23,263,125,1628,177573,3,0.011406844106463879
4/3/2020,Ulster,27,290,141,1769,177573,4,0.013793103448275862
4/4/2020,Ulster,42,332,188,1957,177573,4,0.012048192771084338
4/5/2020,Ulster,40,372,182,2139,177573,4,0.010752688172043012
4/6/2020,Ulster,26,398,117,2256,177573,4,0.010050251256281407
4/7/2020,Ulster,24,422,108,2364,177573,5,0.011848341232227487
4/8/2020,Ulster,38,460,227,2591,177573,6,0.013043478260869565
4/9/2020,Ulster,70,530,436,3027,177573,6,0.011320754716981131
4/10/2020,Ulster,59,589,358,3385,177573,9,0.015280135823429542
4/11/2020,Ulster,23,612,239,3624,177573,10,0.016339869281045753
4/12/2020,Ulster,18,630,242,3866,177573,10,0.015873015873015872
4/13/2020,Ulster,60,690,424,4290,177573,12,0.017391304347826087
4/14/2020,Ulster,43,733,259,4549,177573,13,0.017735334242837655
4/15/2020,Ulster,28,761,189,4738,177573,14,0.018396846254927726
4/16/2020,Ulster,27,788,142,4880,177573,14,0.017766497461928935
4/17/2020,Ulster,32,820,239,5119,177573,14,0.01707317073170732
4/18/2020,Ulster,34,854,170,5289,177573,14,0.01639344262295082
4/19/2020,Ulster,23,877,167,5456,177573,16,0.018244013683010263
4/20/2020,Ulster,16,893,85,5541,177573,16,0.01791713325867861
4/21/2020,Ulster,20,913,110,5651,177573,17,0.018619934282584884
4/22/2020,Ulster,29,942,152,5803,177573,19,0.020169851380042462
4/23/2020,Ulster,34,976,208,6011,177573,19,0.0194672131147541
4/24/2020,Ulster,190,1166,928,6939,177573,19,0.016295025728987993
4/25/2020,Ulster,24,1190,207,7146,177573,19,0.015966386554621848
4/26/2020,Ulster,29,1219,198,7344,177573,19,0.015586546349466776
4/27/2020,Ulster,11,1230,94,7438,177573,20,0.016260162601626018
4/28/2020,Ulster,22,1252,335,7773,177573,21,0.016773162939297124
4/29/2020,Ulster,27,1279,309,8082,177573,23,0.017982799061767005
4/30/2020,Ulster,19,1298,336,8418,177573,24,0.01848998459167951
5/1/2020,Ulster,29,1327,362,8780,177573,26,0.019593067068575734
5/2/2020,Ulster,14,1341,256,9036,177573,27,0.020134228187919462
5/3/2020,Ulster,13,1354,198,9234,177573,28,0.0206794682422452
5/4/2020,Ulster,3,1357,104,9338,177573,30,0.02210759027266028
5/5/2020,Ulster,26,1383,272,9610,177573,31,0.022415039768618944
5/6/2020,Ulster,33,1416,298,9908,177573,46,0.03248587570621469
5/7/2020,Ulster,13,1429,276,10184,177573,47,0.032890132960111965
5/8/2020,Ulster,11,1440,195,10379,177573,50,0.034722222222222224
5/9/2020,Ulster,10,1450,210,10589,177573,51,0.03517241379310345
5/10/2020,Ulster,4,1454,135,10724,177573,53,0.03645116918844567
5/11/2020,Ulster,11,1465,96,10820,177573,56,0.03822525597269624
5/12/2020,Ulster,16,1481,314,11134,177573,59,0.039837947332883185
5/13/2020,Ulster,14,1495,536,11670,177573,61,0.04080267558528428
5/14/2020,Ulster,16,1511,431,12101,177573,62,0.04103242885506287
5/15/2020,Ulster,26,1537,398,12499,177573,64,0.04163955757970072
5/16/2020,Ulster,15,1552,345,12844,177573,67,0.043170103092783504
5/17/2020,Ulster,5,1557,227,13071,177573,68,0.04367373153500321
5/18/2020,Ulster,8,1565,177,13248,177573,69,0.044089456869009586
5/19/2020,Ulster,6,1571,284,13532,177573,69,0.04392106938255888
5/20/2020,Ulster,13,1584,799,14331,177573,69,0.043560606060606064
5/21/2020,Ulster,11,1595,552,14883,177573,70,0.0438871473354232
5/22/2020,Ulster,11,1606,418,15301,177573,70,0.043586550435865505
5/23/2020,Ulster,11,1617,470,15771,177573,71,0.04390847247990105
5/24/2020,Ulster,15,1632,590,16361,177573,73,0.044730392156862746
5/25/2020,Ulster,6,1638,162,16523,177573,73,0.04456654456654457
5/26/2020,Ulster,7,1645,355,16878,177573,73,0.04437689969604863
5/27/2020,Ulster,13,1658,556,17434,177573,74,0.04463208685162847
5/28/2020,Ulster,5,1663,683,18117,177573,74,0.04449789536981359
5/29/2020,Ulster,15,1678,746,18863,177573,75,0.04469606674612634
5/30/2020,Ulster,7,1685,529,19392,177573,75,0.04451038575667656
5/31/2020,Ulster,6,1691,538,19930,177573,75,0.044352454169130695
6/1/2020,Ulster,5,1696,327,20257,177573,78,0.045990566037735846
6/2/2020,Ulster,5,1701,504,20761,177573,78,0.04585537918871252
6/3/2020,Ulster,3,1704,617,21378,177573,80,0.046948356807511735
6/4/2020,Ulster,7,1711,1121,22499,177573,80,0.046756282875511396
6/5/2020,Ulster,3,1714,776,23275,177573,80,0.046674445740956826
6/6/2020,Ulster,4,1718,600,23875,177573,80,0.046565774155995346
6/7/2020,Ulster,3,1721,644,24519,177573,80,0.046484601975595584
6/8/2020,Ulster,3,1724,403,24922,177573,80,0.04640371229698376
6/9/2020,Ulster,2,1726,402,25324,177573,80,0.046349942062572425
6/10/2020,Ulster,3,1729,609,25933,177573,80,0.04626951995373048
6/11/2020,Ulster,5,1734,731,26664,177573,80,0.0461361014994233
6/12/2020,Ulster,5,1739,666,27330,177573,80,0.04600345025876941
6/13/2020,Ulster,2,1741,506,27836,177573,80,0.04595060310166571
6/14/2020,Ulster,0,1741,502,28338,177573,80,0.04595060310166571
6/15/2020,Ulster,1,1742,546,28884,177573,80,0.045924225028702644
6/16/2020,Ulster,2,1744,578,29462,177573,80,0.045871559633027525
6/17/2020,Ulster,2,1746,740,30202,177573,80,0.045819014891179836
6/18/2020,Ulster,3,1749,820,31022,177573,81,0.04631217838765009
6/19/2020,Ulster,1,1750,560,31582,177573,81,0.046285714285714284
6/20/2020,Ulster,4,1754,706,32288,177573,81,0.046180159635119726
6/21/2020,Ulster,2,1756,583,32871,177573,81,0.04612756264236902
6/22/2020,Ulster,1,1757,312,33183,177573,81,0.04610130904951622
6/23/2020,Ulster,3,1760,262,33445,177573,81,0.04602272727272727
6/24/2020,Ulster,5,1765,762,34207,177573,81,0.04589235127478754
6/25/2020,Ulster,3,1768,715,34922,177573,81,0.04581447963800905
6/26/2020,Ulster,5,1773,902,35824,177573,81,0.04568527918781726
6/27/2020,Ulster,5,1778,541,36365,177573,81,0.045556805399325086
6/28/2020,Ulster,0,1778,359,36724,177573,81,0.045556805399325086
6/29/2020,Ulster,3,1781,367,37091,177573,81,0.045480067377877596
6/30/2020,Ulster,1,1782,617,37708,177573,81,0.045454545454545456
7/1/2020,Ulster,8,1790,581,38289,177573,81,0.045251396648044694
7/2/2020,Ulster,25,1815,768,39057,177573,81,0.04462809917355372
7/3/2020,Ulster,10,1825,564,39621,177573,81,0.04438356164383562
7/4/2020,Ulster,9,1834,698,40319,177573,81,0.04416575790621592
7/5/2020,Ulster,6,1840,507,40826,177573,81,0.044021739130434785
7/6/2020,Ulster,3,1843,472,41298,177573,81,0.04395008138903961
7/7/2020,Ulster,2,1845,371,41669,177573,81,0.04390243902439024
7/8/2020,Ulster,6,1851,690,42359,177573,81,0.04376012965964344
7/9/2020,Ulster,2,1853,659,43018,177573,81,0.04371289800323799
7/10/2020,Ulster,2,1855,636,43654,177573,81,0.04366576819407008
7/11/2020,Ulster,4,1859,430,44084,177573,81,0.04357181280258203
7/12/2020,Ulster,3,1862,447,44531,177573,81,0.043501611170784105
7/13/2020,Ulster,10,1872,525,45056,177573,81,0.04326923076923077
7/14/2020,Ulster,16,1888,823,45879,177573,81,0.04290254237288135
7/15/2020,Ulster,6,1894,658,46537,177573,81,0.04276663146779303
7/16/2020,Ulster,4,1898,734,47271,177573,81,0.04267650158061117
7/17/2020,Ulster,2,1900,817,48088,177573,81,0.04263157894736842
7/18/2020,Ulster,1,1901,345,48433,177573,81,0.042609153077327724
7/19/2020,Ulster,0,1901,444,48877,177573,81,0.042609153077327724
7/20/2020,Ulster,5,1906,626,49503,177573,81,0.04249737670514166
7/21/2020,Ulster,3,1909,540,50043,177573,81,0.04243059193294919
7/22/2020,Ulster,2,1911,586,50629,177573,81,0.0423861852433281
7/23/2020,Ulster,1,1912,598,51227,177573,81,0.04236401673640167
7/24/2020,Ulster,4,1916,579,51806,177573,81,0.042275574112734866
7/25/2020,Ulster,9,1925,540,52346,177573,81,0.042077922077922075
7/26/2020,Ulster,1,1926,423,52769,177573,81,0.04205607476635514
7/27/2020,Ulster,16,1942,796,53565,177573,81,0.04170957775489186
7/28/2020,Ulster,31,1973,644,54209,177573,81,0.041054232133806386
7/29/2020,Ulster,37,2010,967,55176,177573,81,0.04029850746268657
7/30/2020,Ulster,11,2021,851,56027,177573,81,0.0400791687283523
7/31/2020,Ulster,5,2026,642,56669,177573,81,0.03998025666337611
8/1/2020,Ulster,2,2028,394,57063,177573,81,0.03994082840236687
8/2/2020,Ulster,3,2031,440,57503,177573,81,0.03988183161004431
8/3/2020,Ulster,8,2039,526,58029,177573,81,0.039725355566454144
8/4/2020,Ulster,0,2039,407,58436,177573,81,0.039725355566454144
8/5/2020,Ulster,6,2045,663,59099,177573,81,0.03960880195599022
8/6/2020,Ulster,4,2049,637,59736,177573,81,0.03953147877013177
8/7/2020,Ulster,8,2057,577,60313,177573,81,0.03937773456490034
8/8/2020,Ulster,5,2062,669,60982,177573,81,0.039282250242483024
8/9/2020,Ulster,10,2072,480,61462,177573,81,0.03909266409266409
8/10/2020,Ulster,4,2076,479,61941,177573,81,0.03901734104046243
8/11/2020,Ulster,1,2077,409,62350,177573,81,0.038998555609051515
8/12/2020,Ulster,4,2081,654,63004,177573,81,0.038923594425756845
8/13/2020,Ulster,5,2086,595,63599,177573,81,0.03883029721955897
8/14/2020,Ulster,3,2089,981,64580,177573,81,0.038774533269506944
8/15/2020,Ulster,6,2095,715,65295,177573,81,0.03866348448687351
8/16/2020,Ulster,3,2098,345,65640,177573,81,0.038608198284080075
8/17/2020,Ulster,2,2100,489,66129,177573,81,0.03857142857142857
8/18/2020,Ulster,6,2106,729,66858,177573,81,0.038461538461538464
8/19/2020,Ulster,7,2113,663,67521,177573,81,0.038334122101277804
8/20/2020,Ulster,2,2115,741,68262,177573,81,0.03829787234042553
8/21/2020,Ulster,11,2126,563,68825,177573,81,0.0380997177798683
8/22/2020,Ulster,1,2127,593,69418,177573,81,0.0380818053596615
8/23/2020,Ulster,7,2134,482,69900,177573,82,0.038425492033739454
8/24/2020,Ulster,3,2137,530,70430,177573,82,0.03837154890032756
8/25/2020,Ulster,4,2141,581,71011,177573,82,0.03829985987856142
8/26/2020,Ulster,11,2152,937,71948,177573,82,0.03810408921933085
8/27/2020,Ulster,3,2155,692,72640,177573,82,0.038051044083526685
8/28/2020,Ulster,7,2162,899,73539,177573,82,0.037927844588344126
8/29/2020,Ulster,6,2168,973,74512,177573,82,0.03782287822878229
8/30/2020,Ulster,7,2175,608,75120,177573,82,0.03770114942528736
8/31/2020,Ulster,1,2176,619,75739,177573,82,0.03768382352941176
9/1/2020,Ulster,2,2178,865,76604,177573,82,0.03764921946740129
9/2/2020,Ulster,12,2190,1057,77661,177573,82,0.03744292237442922
9/3/2020,Ulster,6,2196,679,78340,177573,82,0.037340619307832425
9/4/2020,Ulster,3,2199,722,79062,177573,82,0.03728967712596635
9/5/2020,Ulster,2,2201,762,79824,177573,82,0.0372557928214448
9/6/2020,Ulster,2,2203,534,80358,177573,82,0.03722197004085338
9/7/2020,Ulster,0,2203,292,80650,177573,82,0.03722197004085338
9/8/2020,Ulster,0,2203,469,81119,177573,83,0.03767589650476623
9/9/2020,Ulster,1,2204,529,81648,177573,83,0.03765880217785844
9/10/2020,Ulster,5,2209,811,82459,177573,83,0.03757356269805342
9/11/2020,Ulster,6,2215,677,83136,177573,83,0.03747178329571106
9/12/2020,Ulster,3,2218,730,83866,177573,83,0.03742110009017133
9/13/2020,Ulster,1,2219,487,84353,177573,83,0.03740423614240649
9/14/2020,Ulster,6,2225,453,84806,177573,83,0.037303370786516854
9/15/2020,Ulster,4,2229,481,85287,177573,83,0.037236428891879766
9/16/2020,Ulster,2,2231,661,85948,177573,83,0.037203047960555805
9/17/2020,Ulster,4,2235,597,86545,177573,84,0.03758389261744966
9/18/2020,Ulster,4,2239,729,87274,177573,84,0.037516748548459135
9/19/2020,Ulster,3,2242,677,87951,177573,84,0.03746654772524532
9/20/2020,Ulster,0,2242,445,88396,177573,84,0.03746654772524532
9/21/2020,Ulster,2,2244,500,88896,177573,84,0.0374331550802139
9/22/2020,Ulster,0,2244,426,89322,177573,84,0.0374331550802139
9/23/2020,Ulster,10,2254,708,90030,177573,84,0.037267080745341616
9/24/2020,Ulster,1,2255,632,90662,177573,84,0.03725055432372506
9/25/2020,Ulster,1,2256,810,91472,177573,84,0.03723404255319149
9/26/2020,Ulster,4,2260,631,92103,177573,84,0.037168141592920353
9/27/2020,Ulster,4,2264,406,92509,177573,84,0.037102473498233215
9/28/2020,Ulster,8,2272,837,93346,177573,84,0.03697183098591549
9/29/2020,Ulster,8,2280,516,93862,177573,84,0.03684210526315789
9/30/2020,Ulster,2,2282,839,94701,177573,84,0.03680981595092025
10/1/2020,Ulster,11,2293,867,95568,177573,84,0.03663323157435674
10/2/2020,Ulster,10,2303,720,96288,177573,84,0.0364741641337386
10/3/2020,Ulster,12,2315,975,97263,177573,84,0.03628509719222462
10/4/2020,Ulster,9,2324,512,97775,177573,84,0.03614457831325301
10/5/2020,Ulster,5,2329,508,98283,177573,84,0.036066981537140406
10/6/2020,Ulster,6,2335,840,99123,177573,84,0.035974304068522485
10/7/2020,Ulster,8,2343,1182,100305,177573,84,0.03585147247119078
10/8/2020,Ulster,6,2349,1100,101405,177573,84,0.035759897828863345
10/9/2020,Ulster,6,2355,919,102324,177573,84,0.035668789808917196
10/10/2020,Ulster,3,2358,1077,103401,177573,84,0.035623409669211195
10/11/2020,Ulster,8,2366,985,104386,177573,84,0.03550295857988166
10/12/2020,Ulster,11,2377,537,104923,177573,84,0.0353386621792175
10/13/2020,Ulster,9,2386,612,105535,177573,84,0.03520536462699078
10/14/2020,Ulster,6,2392,1140,106675,177573,84,0.03511705685618729
10/15/2020,Ulster,3,2395,921,107596,177573,84,0.03507306889352818
10/16/2020,Ulster,7,2402,1242,108838,177573,84,0.034970857618651124
10/17/2020,Ulster,9,2411,896,109734,177573,84,0.03484031522189963
10/18/2020,Ulster,4,2415,979,110713,177573,84,0.034782608695652174
10/19/2020,Ulster,4,2419,773,111486,177573,84,0.034725093013642
10/20/2020,Ulster,9,2428,502,111988,177573,84,0.03459637561779242
10/21/2020,Ulster,8,2436,996,112984,177573,84,0.034482758620689655
10/22/2020,Ulster,14,2450,947,113931,177573,84,0.03428571428571429
10/23/2020,Ulster,9,2459,963,114894,177573,84,0.03416022773485156
10/24/2020,Ulster,12,2471,781,115675,177573,84,0.0339943342776204
10/25/2020,Ulster,29,2500,545,116220,177573,84,0.0336
10/26/2020,Ulster,15,2515,1100,117320,177573,84,0.033399602385685886
10/27/2020,Ulster,3,2518,583,117903,177573,85,0.03375694996028594
10/28/2020,Ulster,13,2531,1156,119059,177573,85,0.033583563808771234
10/29/2020,Ulster,7,2538,836,119895,177573,85,0.033490937746256895
10/30/2020,Ulster,9,2547,1054,120949,177573,86,0.03376521397722811
10/31/2020,Ulster,9,2556,1277,122226,177573,86,0.033646322378716745
11/1/2020,Ulster,3,2559,844,123070,177573,86,0.03360687768659633
11/2/2020,Ulster,9,2568,782,123852,177573,86,0.03348909657320872
11/3/2020,Ulster,7,2575,782,124634,177573,86,0.033398058252427185
11/4/2020,Ulster,13,2588,960,125594,177573,87,0.03361669242658424
11/5/2020,Ulster,11,2599,1074,126668,177573,87,0.033474413235859944
11/6/2020,Ulster,8,2607,866,127534,177573,87,0.0333716915995397
11/7/2020,Ulster,19,2626,1632,129166,177573,87,0.03313023610053313
11/8/2020,Ulster,21,2647,1262,130428,177573,87,0.03286739705326785
11/9/2020,Ulster,23,2670,1130,131558,177573,87,0.03258426966292135
11/10/2020,Ulster,24,2694,1192,132750,177573,87,0.03229398663697105
11/11/2020,Ulster,23,2717,1191,133941,177573,87,0.03202061096797939
11/12/2020,Ulster,21,2738,1167,135108,177573,87,0.03177501826150475
11/13/2020,Ulster,30,2768,1752,136860,177573,87,0.03143063583815029
11/14/2020,Ulster,20,2788,724,137584,177573,87,0.031205164992826398
3/1/2020,Warren,0,0,0,0,63944,0,NaN
3/2/2020,Warren,0,0,0,0,63944,0,NaN
3/3/2020,Warren,0,0,0,0,63944,0,NaN
3/4/2020,Warren,0,0,0,0,63944,0,NaN
3/5/2020,Warren,0,0,0,0,63944,0,NaN
3/6/2020,Warren,0,0,0,0,63944,0,NaN
3/7/2020,Warren,0,0,1,1,63944,0,NaN
3/8/2020,Warren,0,0,0,1,63944,0,NaN
3/9/2020,Warren,0,0,0,1,63944,0,NaN
3/10/2020,Warren,0,0,2,3,63944,0,NaN
3/11/2020,Warren,0,0,1,4,63944,0,NaN
3/12/2020,Warren,0,0,0,4,63944,0,NaN
3/13/2020,Warren,0,0,2,6,63944,0,NaN
3/14/2020,Warren,0,0,13,19,63944,0,NaN
3/15/2020,Warren,0,0,12,31,63944,0,NaN
3/16/2020,Warren,0,0,14,45,63944,0,NaN
3/17/2020,Warren,1,1,16,61,63944,0,0
3/18/2020,Warren,0,1,8,69,63944,0,0
3/19/2020,Warren,0,1,17,86,63944,0,0
3/20/2020,Warren,0,1,31,117,63944,0,0
3/21/2020,Warren,0,1,28,145,63944,0,0
3/22/2020,Warren,1,2,81,226,63944,0,0
3/23/2020,Warren,0,2,8,234,63944,0,0
3/24/2020,Warren,0,2,52,286,63944,0,0
3/25/2020,Warren,0,2,16,302,63944,0,0
3/26/2020,Warren,6,8,54,356,63944,0,0
3/27/2020,Warren,5,13,59,415,63944,0,0
3/28/2020,Warren,5,18,38,453,63944,0,0
3/29/2020,Warren,0,18,3,456,63944,0,0
3/30/2020,Warren,0,18,6,462,63944,0,0
3/31/2020,Warren,0,18,7,469,63944,0,0
4/1/2020,Warren,0,18,9,478,63944,0,0
4/2/2020,Warren,1,19,11,489,63944,0,0
4/3/2020,Warren,1,20,7,496,63944,0,0
4/4/2020,Warren,5,25,13,509,63944,1,0.04
4/5/2020,Warren,1,26,12,521,63944,1,0.038461538461538464
4/6/2020,Warren,5,31,15,536,63944,1,0.03225806451612903
4/7/2020,Warren,2,33,14,550,63944,1,0.030303030303030304
4/8/2020,Warren,7,40,31,581,63944,1,0.025
4/9/2020,Warren,3,43,21,602,63944,1,0.023255813953488372
4/10/2020,Warren,1,44,17,619,63944,1,0.022727272727272728
4/11/2020,Warren,2,46,20,639,63944,1,0.021739130434782608
4/12/2020,Warren,2,48,18,657,63944,1,0.020833333333333332
4/13/2020,Warren,29,77,67,724,63944,1,0.012987012987012988
4/14/2020,Warren,0,77,7,731,63944,1,0.012987012987012988
4/15/2020,Warren,4,81,35,766,63944,3,0.037037037037037035
4/16/2020,Warren,10,91,41,807,63944,4,0.04395604395604396
4/17/2020,Warren,3,94,38,845,63944,4,0.0425531914893617
4/18/2020,Warren,2,96,27,872,63944,4,0.041666666666666664
4/19/2020,Warren,5,101,20,892,63944,4,0.039603960396039604
4/20/2020,Warren,1,102,13,905,63944,4,0.0392156862745098
4/21/2020,Warren,6,108,33,938,63944,4,0.037037037037037035
4/22/2020,Warren,11,119,40,978,63944,4,0.03361344537815126
4/23/2020,Warren,3,122,38,1016,63944,5,0.040983606557377046
4/24/2020,Warren,10,132,94,1110,63944,5,0.03787878787878788
4/25/2020,Warren,3,135,61,1171,63944,5,0.037037037037037035
4/26/2020,Warren,12,147,60,1231,63944,7,0.047619047619047616
4/27/2020,Warren,3,150,25,1256,63944,7,0.04666666666666667
4/28/2020,Warren,2,152,12,1268,63944,7,0.046052631578947366
4/29/2020,Warren,24,176,105,1373,63944,8,0.045454545454545456
4/30/2020,Warren,6,182,94,1467,63944,8,0.04395604395604396
5/1/2020,Warren,3,185,66,1533,63944,8,0.043243243243243246
5/2/2020,Warren,3,188,43,1576,63944,9,0.047872340425531915
5/3/2020,Warren,4,192,53,1629,63944,10,0.052083333333333336
5/4/2020,Warren,0,192,34,1663,63944,10,0.052083333333333336
5/5/2020,Warren,1,193,22,1685,63944,11,0.05699481865284974
5/6/2020,Warren,0,193,44,1729,63944,19,0.09844559585492228
5/7/2020,Warren,6,199,72,1801,63944,20,0.10050251256281408
5/8/2020,Warren,3,202,97,1898,63944,21,0.10396039603960396
5/9/2020,Warren,5,207,149,2047,63944,21,0.10144927536231885
5/10/2020,Warren,10,217,90,2137,63944,21,0.0967741935483871
5/11/2020,Warren,4,221,40,2177,63944,21,0.09502262443438914
5/12/2020,Warren,2,223,127,2304,63944,22,0.09865470852017937
5/13/2020,Warren,4,227,192,2496,63944,23,0.1013215859030837
5/14/2020,Warren,1,228,137,2633,63944,23,0.10087719298245613
5/15/2020,Warren,0,228,116,2749,63944,25,0.10964912280701754
5/16/2020,Warren,4,232,205,2954,63944,26,0.11206896551724138
5/17/2020,Warren,2,234,130,3084,63944,26,0.1111111111111111
5/18/2020,Warren,1,235,52,3136,63944,26,0.11063829787234042
5/19/2020,Warren,0,235,102,3238,63944,26,0.11063829787234042
5/20/2020,Warren,6,241,213,3451,63944,26,0.1078838174273859
5/21/2020,Warren,5,246,234,3685,63944,27,0.10975609756097561
5/22/2020,Warren,3,249,114,3799,63944,27,0.10843373493975904
5/23/2020,Warren,1,250,159,3958,63944,27,0.108
5/24/2020,Warren,1,251,65,4023,63944,27,0.10756972111553785
5/25/2020,Warren,0,251,56,4079,63944,27,0.10756972111553785
5/26/2020,Warren,1,252,111,4190,63944,27,0.10714285714285714
5/27/2020,Warren,1,253,116,4306,63944,27,0.1067193675889328
5/28/2020,Warren,1,254,205,4511,63944,27,0.1062992125984252
5/29/2020,Warren,1,255,235,4746,63944,28,0.10980392156862745
5/30/2020,Warren,0,255,255,5001,63944,28,0.10980392156862745
5/31/2020,Warren,0,255,112,5113,63944,28,0.10980392156862745
6/1/2020,Warren,0,255,139,5252,63944,29,0.11372549019607843
6/2/2020,Warren,1,256,156,5408,63944,29,0.11328125
6/3/2020,Warren,0,256,344,5752,63944,30,0.1171875
6/4/2020,Warren,0,256,235,5987,63944,30,0.1171875
6/5/2020,Warren,1,257,137,6124,63944,30,0.11673151750972763
6/6/2020,Warren,0,257,256,6380,63944,30,0.11673151750972763
6/7/2020,Warren,0,257,204,6584,63944,30,0.11673151750972763
6/8/2020,Warren,0,257,12,6596,63944,30,0.11673151750972763
6/9/2020,Warren,0,257,189,6785,63944,30,0.11673151750972763
6/10/2020,Warren,0,257,234,7019,63944,30,0.11673151750972763
6/11/2020,Warren,0,257,344,7363,63944,30,0.11673151750972763
6/12/2020,Warren,0,257,135,7498,63944,30,0.11673151750972763
6/13/2020,Warren,0,257,86,7584,63944,30,0.11673151750972763
6/14/2020,Warren,0,257,195,7779,63944,30,0.11673151750972763
6/15/2020,Warren,0,257,62,7841,63944,30,0.11673151750972763
6/16/2020,Warren,0,257,177,8018,63944,30,0.11673151750972763
6/17/2020,Warren,1,258,225,8243,63944,30,0.11627906976744186
6/18/2020,Warren,3,261,193,8436,63944,30,0.11494252873563218
6/19/2020,Warren,0,261,175,8611,63944,30,0.11494252873563218
6/20/2020,Warren,0,261,155,8766,63944,30,0.11494252873563218
6/21/2020,Warren,1,262,141,8907,63944,30,0.11450381679389313
6/22/2020,Warren,0,262,62,8969,63944,30,0.11450381679389313
6/23/2020,Warren,0,262,177,9146,63944,30,0.11450381679389313
6/24/2020,Warren,1,263,138,9284,63944,30,0.11406844106463879
6/25/2020,Warren,0,263,101,9385,63944,30,0.11406844106463879
6/26/2020,Warren,0,263,210,9595,63944,30,0.11406844106463879
6/27/2020,Warren,0,263,153,9748,63944,30,0.11406844106463879
6/28/2020,Warren,0,263,144,9892,63944,30,0.11406844106463879
6/29/2020,Warren,0,263,51,9943,63944,30,0.11406844106463879
6/30/2020,Warren,0,263,137,10080,63944,30,0.11406844106463879
7/1/2020,Warren,1,264,174,10254,63944,30,0.11363636363636363
7/2/2020,Warren,2,266,117,10371,63944,30,0.11278195488721804
7/3/2020,Warren,2,268,134,10505,63944,30,0.11194029850746269
7/4/2020,Warren,1,269,131,10636,63944,30,0.11152416356877323
7/5/2020,Warren,3,272,164,10800,63944,30,0.11029411764705882
7/6/2020,Warren,1,273,62,10862,63944,30,0.10989010989010989
7/7/2020,Warren,0,273,193,11055,63944,30,0.10989010989010989
7/8/2020,Warren,0,273,133,11188,63944,30,0.10989010989010989
7/9/2020,Warren,1,274,247,11435,63944,30,0.10948905109489052
7/10/2020,Warren,0,274,157,11592,63944,30,0.10948905109489052
7/11/2020,Warren,3,277,264,11856,63944,30,0.10830324909747292
7/12/2020,Warren,3,280,219,12075,63944,30,0.10714285714285714
7/13/2020,Warren,0,280,77,12152,63944,30,0.10714285714285714
7/14/2020,Warren,4,284,194,12346,63944,30,0.1056338028169014
7/15/2020,Warren,1,285,85,12431,63944,30,0.10526315789473684
7/16/2020,Warren,1,286,220,12651,63944,30,0.1048951048951049
7/17/2020,Warren,0,286,302,12953,63944,30,0.1048951048951049
7/18/2020,Warren,1,287,192,13145,63944,30,0.10452961672473868
7/19/2020,Warren,0,287,135,13280,63944,30,0.10452961672473868
7/20/2020,Warren,1,288,199,13479,63944,30,0.10416666666666667
7/21/2020,Warren,0,288,265,13744,63944,30,0.10416666666666667
7/22/2020,Warren,2,290,215,13959,63944,30,0.10344827586206896
7/23/2020,Warren,2,292,234,14193,63944,30,0.10273972602739725
7/24/2020,Warren,1,293,340,14533,63944,30,0.10238907849829351
7/25/2020,Warren,1,294,375,14908,63944,30,0.10204081632653061
7/26/2020,Warren,0,294,268,15176,63944,30,0.10204081632653061
7/27/2020,Warren,4,298,141,15317,63944,30,0.10067114093959731
7/28/2020,Warren,0,298,166,15483,63944,30,0.10067114093959731
7/29/2020,Warren,0,298,129,15612,63944,30,0.10067114093959731
7/30/2020,Warren,2,300,228,15840,63944,30,0.1
7/31/2020,Warren,0,300,238,16078,63944,30,0.1
8/1/2020,Warren,0,300,159,16237,63944,30,0.1
8/2/2020,Warren,0,300,151,16388,63944,30,0.1
8/3/2020,Warren,2,302,353,16741,63944,30,0.09933774834437085
8/4/2020,Warren,2,304,201,16942,63944,30,0.09868421052631579
8/5/2020,Warren,0,304,108,17050,63944,30,0.09868421052631579
8/6/2020,Warren,3,307,270,17320,63944,30,0.09771986970684039
8/7/2020,Warren,1,308,150,17470,63944,30,0.09740259740259741
8/8/2020,Warren,0,308,211,17681,63944,30,0.09740259740259741
8/9/2020,Warren,4,312,206,17887,63944,30,0.09615384615384616
8/10/2020,Warren,0,312,148,18035,63944,30,0.09615384615384616
8/11/2020,Warren,0,312,155,18190,63944,30,0.09615384615384616
8/12/2020,Warren,0,312,322,18512,63944,30,0.09615384615384616
8/13/2020,Warren,0,312,301,18813,63944,30,0.09615384615384616
8/14/2020,Warren,0,312,283,19096,63944,30,0.09615384615384616
8/15/2020,Warren,0,312,223,19319,63944,30,0.09615384615384616
8/16/2020,Warren,0,312,188,19507,63944,30,0.09615384615384616
8/17/2020,Warren,1,313,209,19716,63944,30,0.09584664536741214
8/18/2020,Warren,0,313,135,19851,63944,30,0.09584664536741214
8/19/2020,Warren,0,313,174,20025,63944,30,0.09584664536741214
8/20/2020,Warren,1,314,202,20227,63944,30,0.09554140127388536
8/21/2020,Warren,1,315,260,20487,63944,30,0.09523809523809523
8/22/2020,Warren,0,315,192,20679,63944,30,0.09523809523809523
8/23/2020,Warren,0,315,147,20826,63944,30,0.09523809523809523
8/24/2020,Warren,1,316,163,20989,63944,30,0.0949367088607595
8/25/2020,Warren,0,316,95,21084,63944,30,0.0949367088607595
8/26/2020,Warren,2,318,172,21256,63944,30,0.09433962264150944
8/27/2020,Warren,2,320,180,21436,63944,30,0.09375
8/28/2020,Warren,1,321,353,21789,63944,30,0.09345794392523364
8/29/2020,Warren,0,321,155,21944,63944,30,0.09345794392523364
8/30/2020,Warren,0,321,144,22088,63944,30,0.09345794392523364
8/31/2020,Warren,1,322,158,22246,63944,30,0.09316770186335403
9/1/2020,Warren,0,322,281,22527,63944,30,0.09316770186335403
9/2/2020,Warren,1,323,164,22691,63944,30,0.09287925696594428
9/3/2020,Warren,1,324,190,22881,63944,30,0.09259259259259259
9/4/2020,Warren,1,325,134,23015,63944,30,0.09230769230769231
9/5/2020,Warren,1,326,199,23214,63944,30,0.09202453987730061
9/6/2020,Warren,0,326,115,23329,63944,30,0.09202453987730061
9/7/2020,Warren,5,331,203,23532,63944,30,0.09063444108761329
9/8/2020,Warren,0,331,203,23735,63944,30,0.09063444108761329
9/9/2020,Warren,1,332,131,23866,63944,30,0.09036144578313253
9/10/2020,Warren,9,341,274,24140,63944,30,0.08797653958944282
9/11/2020,Warren,7,348,244,24384,63944,30,0.08620689655172414
9/12/2020,Warren,0,348,230,24614,63944,30,0.08620689655172414
9/13/2020,Warren,0,348,188,24802,63944,30,0.08620689655172414
9/14/2020,Warren,0,348,105,24907,63944,30,0.08620689655172414
9/15/2020,Warren,3,351,174,25081,63944,30,0.08547008547008547
9/16/2020,Warren,1,352,177,25258,63944,30,0.08522727272727272
9/17/2020,Warren,2,354,230,25488,63944,30,0.0847457627118644
9/18/2020,Warren,2,356,221,25709,63944,30,0.08426966292134831
9/19/2020,Warren,4,360,314,26023,63944,30,0.08333333333333333
9/20/2020,Warren,3,363,196,26219,63944,30,0.08264462809917356
9/21/2020,Warren,0,363,547,26766,63944,30,0.08264462809917356
9/22/2020,Warren,3,366,258,27024,63944,30,0.08196721311475409
9/23/2020,Warren,3,369,278,27302,63944,30,0.08130081300813008
9/24/2020,Warren,2,371,322,27624,63944,30,0.08086253369272237
9/25/2020,Warren,6,377,284,27908,63944,30,0.07957559681697612
9/26/2020,Warren,4,381,453,28361,63944,30,0.07874015748031496
9/27/2020,Warren,2,383,206,28567,63944,30,0.0783289817232376
9/28/2020,Warren,3,386,232,28799,63944,30,0.07772020725388601
9/29/2020,Warren,5,391,283,29082,63944,30,0.07672634271099744
9/30/2020,Warren,0,391,344,29426,63944,30,0.07672634271099744
10/1/2020,Warren,4,395,278,29704,63944,30,0.0759493670886076
10/2/2020,Warren,12,407,519,30223,63944,30,0.07371007371007371
10/3/2020,Warren,6,413,269,30492,63944,30,0.07263922518159806
10/4/2020,Warren,3,416,182,30674,63944,30,0.07211538461538461
10/5/2020,Warren,3,419,296,30970,63944,30,0.07159904534606205
10/6/2020,Warren,6,425,411,31381,63944,30,0.07058823529411765
10/7/2020,Warren,2,427,356,31737,63944,30,0.0702576112412178
10/8/2020,Warren,2,429,463,32200,63944,30,0.06993006993006994
10/9/2020,Warren,0,429,361,32561,63944,30,0.06993006993006994
10/10/2020,Warren,0,429,542,33103,63944,30,0.06993006993006994
10/11/2020,Warren,1,430,234,33337,63944,30,0.06976744186046512
10/12/2020,Warren,1,431,332,33669,63944,30,0.06960556844547564
10/13/2020,Warren,1,432,223,33892,63944,30,0.06944444444444445
10/14/2020,Warren,2,434,334,34226,63944,30,0.06912442396313365
10/15/2020,Warren,3,437,358,34584,63944,30,0.06864988558352403
10/16/2020,Warren,0,437,443,35027,63944,30,0.06864988558352403
10/17/2020,Warren,1,438,280,35307,63944,30,0.0684931506849315
10/18/2020,Warren,0,438,293,35600,63944,30,0.0684931506849315
10/19/2020,Warren,1,439,276,35876,63944,30,0.0683371298405467
10/20/2020,Warren,2,441,204,36080,63944,30,0.06802721088435375
10/21/2020,Warren,3,444,393,36473,63944,30,0.06756756756756757
10/22/2020,Warren,1,445,355,36828,63944,30,0.06741573033707865
10/23/2020,Warren,3,448,612,37440,63944,30,0.06696428571428571
10/24/2020,Warren,2,450,263,37703,63944,30,0.06666666666666667
10/25/2020,Warren,2,452,229,37932,63944,30,0.06637168141592921
10/26/2020,Warren,5,457,359,38291,63944,30,0.06564551422319474
10/27/2020,Warren,2,459,285,38576,63944,30,0.06535947712418301
10/28/2020,Warren,2,461,278,38854,63944,30,0.0650759219088937
10/29/2020,Warren,0,461,379,39233,63944,30,0.0650759219088937
10/30/2020,Warren,6,467,490,39723,63944,30,0.06423982869379015
10/31/2020,Warren,1,468,348,40071,63944,30,0.0641025641025641
11/1/2020,Warren,1,469,222,40293,63944,30,0.06396588486140725
11/2/2020,Warren,1,470,291,40584,63944,30,0.06382978723404255
11/3/2020,Warren,1,471,264,40848,63944,30,0.06369426751592357
11/4/2020,Warren,3,474,409,41257,63944,30,0.06329113924050633
11/5/2020,Warren,1,475,276,41533,63944,30,0.06315789473684211
11/6/2020,Warren,5,480,344,41877,63944,30,0.0625
11/7/2020,Warren,3,483,487,42364,63944,30,0.062111801242236024
11/8/2020,Warren,2,485,139,42503,63944,30,0.061855670103092786
11/9/2020,Warren,2,487,392,42895,63944,30,0.061601642710472276
11/10/2020,Warren,6,493,484,43379,63944,30,0.060851926977687626
11/11/2020,Warren,2,495,279,43658,63944,30,0.06060606060606061
11/12/2020,Warren,8,503,440,44098,63944,30,0.05964214711729622
11/13/2020,Warren,4,507,521,44619,63944,30,0.05917159763313609
11/14/2020,Warren,0,507,207,44826,63944,30,0.05917159763313609
3/1/2020,Washington,0,0,0,0,61204,0,NaN
3/2/2020,Washington,0,0,0,0,61204,0,NaN
3/3/2020,Washington,0,0,0,0,61204,0,NaN
3/4/2020,Washington,0,0,0,0,61204,0,NaN
3/5/2020,Washington,0,0,0,0,61204,0,NaN
3/6/2020,Washington,0,0,0,0,61204,0,NaN
3/7/2020,Washington,0,0,0,0,61204,0,NaN
3/8/2020,Washington,0,0,2,2,61204,0,NaN
3/9/2020,Washington,0,0,0,2,61204,0,NaN
3/10/2020,Washington,0,0,1,3,61204,0,NaN
3/11/2020,Washington,0,0,4,7,61204,0,NaN
3/12/2020,Washington,0,0,0,7,61204,0,NaN
3/13/2020,Washington,0,0,1,8,61204,0,NaN
3/14/2020,Washington,0,0,1,9,61204,0,NaN
3/15/2020,Washington,0,0,5,14,61204,0,NaN
3/16/2020,Washington,0,0,4,18,61204,0,NaN
3/17/2020,Washington,1,1,9,27,61204,0,0
3/18/2020,Washington,0,1,5,32,61204,0,0
3/19/2020,Washington,0,1,8,40,61204,0,0
3/20/2020,Washington,0,1,10,50,61204,0,0
3/21/2020,Washington,0,1,18,68,61204,0,0
3/22/2020,Washington,2,3,52,120,61204,0,0
3/23/2020,Washington,0,3,7,127,61204,0,0
3/24/2020,Washington,1,4,25,152,61204,0,0
3/25/2020,Washington,0,4,18,170,61204,0,0
3/26/2020,Washington,2,6,19,189,61204,0,0
3/27/2020,Washington,0,6,40,229,61204,0,0
3/28/2020,Washington,1,7,20,249,61204,0,0
3/29/2020,Washington,0,7,10,259,61204,0,0
3/30/2020,Washington,3,10,7,266,61204,0,0
3/31/2020,Washington,0,10,5,271,61204,0,0
4/1/2020,Washington,2,12,9,280,61204,0,0
4/2/2020,Washington,3,15,13,293,61204,0,0
4/3/2020,Washington,1,16,9,302,61204,0,0
4/4/2020,Washington,2,18,15,317,61204,1,0.05555555555555555
4/5/2020,Washington,1,19,2,319,61204,1,0.05263157894736842
4/6/2020,Washington,0,19,13,332,61204,1,0.05263157894736842
4/7/2020,Washington,1,20,27,359,61204,1,0.05
4/8/2020,Washington,5,25,24,383,61204,1,0.04
4/9/2020,Washington,1,26,14,397,61204,1,0.038461538461538464
4/10/2020,Washington,5,31,16,413,61204,1,0.03225806451612903
4/11/2020,Washington,3,34,18,431,61204,1,0.029411764705882353
4/12/2020,Washington,3,37,15,446,61204,2,0.05405405405405406
4/13/2020,Washington,3,40,36,482,61204,2,0.05
4/14/2020,Washington,2,42,8,490,61204,3,0.07142857142857142
4/15/2020,Washington,4,46,24,514,61204,3,0.06521739130434782
4/16/2020,Washington,2,48,19,533,61204,3,0.0625
4/17/2020,Washington,4,52,25,558,61204,3,0.057692307692307696
4/18/2020,Washington,11,63,35,593,61204,3,0.047619047619047616
4/19/2020,Washington,2,65,9,602,61204,3,0.046153846153846156
4/20/2020,Washington,3,68,12,614,61204,3,0.04411764705882353
4/21/2020,Washington,5,73,17,631,61204,3,0.0410958904109589
4/22/2020,Washington,7,80,36,667,61204,3,0.0375
4/23/2020,Washington,3,83,26,693,61204,3,0.03614457831325301
4/24/2020,Washington,30,113,134,827,61204,3,0.02654867256637168
4/25/2020,Washington,14,127,51,878,61204,3,0.023622047244094488
4/26/2020,Washington,3,130,37,915,61204,3,0.023076923076923078
4/27/2020,Washington,1,131,13,928,61204,3,0.022900763358778626
4/28/2020,Washington,3,134,19,947,61204,3,0.022388059701492536
4/29/2020,Washington,14,148,58,1005,61204,3,0.02027027027027027
4/30/2020,Washington,22,170,88,1093,61204,3,0.01764705882352941
5/1/2020,Washington,14,184,63,1156,61204,5,0.02717391304347826
5/2/2020,Washington,2,186,63,1219,61204,5,0.026881720430107527
5/3/2020,Washington,2,188,31,1250,61204,5,0.026595744680851064
5/4/2020,Washington,0,188,22,1272,61204,5,0.026595744680851064
5/5/2020,Washington,1,189,25,1297,61204,5,0.026455026455026454
5/6/2020,Washington,1,190,20,1317,61204,11,0.05789473684210526
5/7/2020,Washington,11,201,106,1423,61204,11,0.05472636815920398
5/8/2020,Washington,3,204,86,1509,61204,12,0.058823529411764705
5/9/2020,Washington,2,206,60,1569,61204,12,0.05825242718446602
5/10/2020,Washington,4,210,39,1608,61204,12,0.05714285714285714
5/11/2020,Washington,0,210,24,1632,61204,13,0.06190476190476191
5/12/2020,Washington,4,214,66,1698,61204,13,0.06074766355140187
5/13/2020,Washington,1,215,77,1775,61204,13,0.06046511627906977
5/14/2020,Washington,2,217,65,1840,61204,14,0.06451612903225806
5/15/2020,Washington,1,218,75,1915,61204,14,0.06422018348623854
5/16/2020,Washington,1,219,70,1985,61204,14,0.0639269406392694
5/17/2020,Washington,0,219,47,2032,61204,14,0.0639269406392694
5/18/2020,Washington,1,220,41,2073,61204,14,0.06363636363636363
5/19/2020,Washington,1,221,66,2139,61204,14,0.06334841628959276
5/20/2020,Washington,1,222,87,2226,61204,14,0.06306306306306306
5/21/2020,Washington,2,224,100,2326,61204,14,0.0625
5/22/2020,Washington,1,225,70,2396,61204,14,0.06222222222222222
5/23/2020,Washington,1,226,213,2609,61204,14,0.061946902654867256
5/24/2020,Washington,2,228,51,2660,61204,14,0.06140350877192982
5/25/2020,Washington,0,228,106,2766,61204,14,0.06140350877192982
5/26/2020,Washington,0,228,107,2873,61204,14,0.06140350877192982
5/27/2020,Washington,3,231,293,3166,61204,14,0.06060606060606061
5/28/2020,Washington,1,232,340,3506,61204,14,0.0603448275862069
5/29/2020,Washington,3,235,240,3746,61204,14,0.059574468085106386
5/30/2020,Washington,0,235,222,3968,61204,14,0.059574468085106386
5/31/2020,Washington,0,235,99,4067,61204,14,0.059574468085106386
6/1/2020,Washington,2,237,81,4148,61204,14,0.05907172995780591
6/2/2020,Washington,1,238,270,4418,61204,14,0.058823529411764705
6/3/2020,Washington,0,238,354,4772,61204,14,0.058823529411764705
6/4/2020,Washington,2,240,158,4930,61204,14,0.058333333333333334
6/5/2020,Washington,0,240,254,5184,61204,14,0.058333333333333334
6/6/2020,Washington,0,240,243,5427,61204,14,0.058333333333333334
6/7/2020,Washington,0,240,211,5638,61204,14,0.058333333333333334
6/8/2020,Washington,0,240,32,5670,61204,14,0.058333333333333334
6/9/2020,Washington,0,240,260,5930,61204,14,0.058333333333333334
6/10/2020,Washington,1,241,230,6160,61204,14,0.058091286307053944
6/11/2020,Washington,1,242,368,6528,61204,14,0.05785123966942149
6/12/2020,Washington,0,242,238,6766,61204,14,0.05785123966942149
6/13/2020,Washington,1,243,99,6865,61204,14,0.05761316872427984
6/14/2020,Washington,0,243,185,7050,61204,14,0.05761316872427984
6/15/2020,Washington,0,243,67,7117,61204,14,0.05761316872427984
6/16/2020,Washington,0,243,164,7281,61204,14,0.05761316872427984
6/17/2020,Washington,0,243,171,7452,61204,14,0.05761316872427984
6/18/2020,Washington,0,243,148,7600,61204,14,0.05761316872427984
6/19/2020,Washington,1,244,206,7806,61204,14,0.05737704918032787
6/20/2020,Washington,0,244,121,7927,61204,14,0.05737704918032787
6/21/2020,Washington,0,244,118,8045,61204,14,0.05737704918032787
6/22/2020,Washington,0,244,35,8080,61204,14,0.05737704918032787
6/23/2020,Washington,0,244,239,8319,61204,14,0.05737704918032787
6/24/2020,Washington,1,245,185,8504,61204,14,0.05714285714285714
6/25/2020,Washington,0,245,109,8613,61204,14,0.05714285714285714
6/26/2020,Washington,0,245,213,8826,61204,14,0.05714285714285714
6/27/2020,Washington,1,246,193,9019,61204,14,0.056910569105691054
6/28/2020,Washington,0,246,157,9176,61204,14,0.056910569105691054
6/29/2020,Washington,0,246,50,9226,61204,14,0.056910569105691054
6/30/2020,Washington,0,246,172,9398,61204,14,0.056910569105691054
7/1/2020,Washington,0,246,156,9554,61204,14,0.056910569105691054
7/2/2020,Washington,0,246,86,9640,61204,14,0.056910569105691054
7/3/2020,Washington,0,246,192,9832,61204,14,0.056910569105691054
7/4/2020,Washington,0,246,79,9911,61204,14,0.056910569105691054
7/5/2020,Washington,1,247,206,10117,61204,14,0.05668016194331984
7/6/2020,Washington,0,247,55,10172,61204,14,0.05668016194331984
7/7/2020,Washington,0,247,196,10368,61204,14,0.05668016194331984
7/8/2020,Washington,1,248,160,10528,61204,14,0.056451612903225805
7/9/2020,Washington,1,249,242,10770,61204,14,0.05622489959839357
7/10/2020,Washington,0,249,176,10946,61204,14,0.05622489959839357
7/11/2020,Washington,0,249,153,11099,61204,14,0.05622489959839357
7/12/2020,Washington,0,249,148,11247,61204,14,0.05622489959839357
7/13/2020,Washington,1,250,111,11358,61204,14,0.056
7/14/2020,Washington,0,250,178,11536,61204,14,0.056
7/15/2020,Washington,0,250,95,11631,61204,14,0.056
7/16/2020,Washington,0,250,196,11827,61204,14,0.056
7/17/2020,Washington,0,250,247,12074,61204,14,0.056
7/18/2020,Washington,0,250,135,12209,61204,14,0.056
7/19/2020,Washington,0,250,115,12324,61204,14,0.056
7/20/2020,Washington,0,250,140,12464,61204,14,0.056
7/21/2020,Washington,1,251,329,12793,61204,14,0.055776892430278883
7/22/2020,Washington,1,252,250,13043,61204,14,0.05555555555555555
7/23/2020,Washington,0,252,219,13262,61204,14,0.05555555555555555
7/24/2020,Washington,0,252,275,13537,61204,14,0.05555555555555555
7/25/2020,Washington,1,253,300,13837,61204,14,0.05533596837944664
7/26/2020,Washington,1,254,271,14108,61204,14,0.05511811023622047
7/27/2020,Washington,0,254,96,14204,61204,14,0.05511811023622047
7/28/2020,Washington,0,254,142,14346,61204,14,0.05511811023622047
7/29/2020,Washington,0,254,144,14490,61204,14,0.05511811023622047
7/30/2020,Washington,0,254,249,14739,61204,14,0.05511811023622047
7/31/2020,Washington,1,255,261,15000,61204,14,0.054901960784313725
8/1/2020,Washington,0,255,96,15096,61204,14,0.054901960784313725
8/2/2020,Washington,0,255,106,15202,61204,14,0.054901960784313725
8/3/2020,Washington,0,255,211,15413,61204,14,0.054901960784313725
8/4/2020,Washington,0,255,90,15503,61204,14,0.054901960784313725
8/5/2020,Washington,1,256,74,15577,61204,14,0.0546875
8/6/2020,Washington,0,256,260,15837,61204,14,0.0546875
8/7/2020,Washington,1,257,84,15921,61204,14,0.054474708171206226
8/8/2020,Washington,2,259,105,16026,61204,14,0.05405405405405406
8/9/2020,Washington,1,260,122,16148,61204,14,0.05384615384615385
8/10/2020,Washington,0,260,145,16293,61204,14,0.05384615384615385
8/11/2020,Washington,0,260,200,16493,61204,14,0.05384615384615385
8/12/2020,Washington,0,260,239,16732,61204,14,0.05384615384615385
8/13/2020,Washington,0,260,224,16956,61204,14,0.05384615384615385
8/14/2020,Washington,1,261,242,17198,61204,14,0.05363984674329502
8/15/2020,Washington,0,261,202,17400,61204,14,0.05363984674329502
8/16/2020,Washington,0,261,144,17544,61204,14,0.05363984674329502
8/17/2020,Washington,1,262,180,17724,61204,14,0.05343511450381679
8/18/2020,Washington,0,262,140,17864,61204,14,0.05343511450381679
8/19/2020,Washington,2,264,183,18047,61204,14,0.05303030303030303
8/20/2020,Washington,0,264,260,18307,61204,14,0.05303030303030303
8/21/2020,Washington,2,266,275,18582,61204,14,0.05263157894736842
8/22/2020,Washington,0,266,235,18817,61204,14,0.05263157894736842
8/23/2020,Washington,0,266,168,18985,61204,14,0.05263157894736842
8/24/2020,Washington,0,266,194,19179,61204,14,0.05263157894736842
8/25/2020,Washington,0,266,119,19298,61204,14,0.05263157894736842
8/26/2020,Washington,0,266,164,19462,61204,14,0.05263157894736842
8/27/2020,Washington,1,267,137,19599,61204,14,0.052434456928838954
8/28/2020,Washington,0,267,257,19856,61204,14,0.052434456928838954
8/29/2020,Washington,0,267,204,20060,61204,14,0.052434456928838954
8/30/2020,Washington,0,267,122,20182,61204,14,0.052434456928838954
8/31/2020,Washington,1,268,111,20293,61204,14,0.05223880597014925
9/1/2020,Washington,0,268,408,20701,61204,14,0.05223880597014925
9/2/2020,Washington,0,268,176,20877,61204,14,0.05223880597014925
9/3/2020,Washington,1,269,189,21066,61204,14,0.05204460966542751
9/4/2020,Washington,0,269,138,21204,61204,14,0.05204460966542751
9/5/2020,Washington,1,270,173,21377,61204,14,0.05185185185185185
9/6/2020,Washington,0,270,117,21494,61204,14,0.05185185185185185
9/7/2020,Washington,1,271,105,21599,61204,14,0.05166051660516605
9/8/2020,Washington,1,272,321,21920,61204,14,0.051470588235294115
9/9/2020,Washington,0,272,92,22012,61204,14,0.051470588235294115
9/10/2020,Washington,3,275,246,22258,61204,14,0.05090909090909091
9/11/2020,Washington,8,283,230,22488,61204,14,0.04946996466431095
9/12/2020,Washington,1,284,149,22637,61204,14,0.04929577464788732
9/13/2020,Washington,0,284,184,22821,61204,14,0.04929577464788732
9/14/2020,Washington,0,284,117,22938,61204,14,0.04929577464788732
9/15/2020,Washington,2,286,249,23187,61204,14,0.04895104895104895
9/16/2020,Washington,1,287,191,23378,61204,14,0.04878048780487805
9/17/2020,Washington,0,287,210,23588,61204,14,0.04878048780487805
9/18/2020,Washington,0,287,185,23773,61204,14,0.04878048780487805
9/19/2020,Washington,0,287,214,23987,61204,14,0.04878048780487805
9/20/2020,Washington,0,287,110,24097,61204,14,0.04878048780487805
9/21/2020,Washington,1,288,356,24453,61204,14,0.04861111111111111
9/22/2020,Washington,1,289,193,24646,61204,14,0.04844290657439446
9/23/2020,Washington,5,294,295,24941,61204,14,0.047619047619047616
9/24/2020,Washington,0,294,215,25156,61204,14,0.047619047619047616
9/25/2020,Washington,2,296,311,25467,61204,14,0.0472972972972973
9/26/2020,Washington,0,296,274,25741,61204,14,0.0472972972972973
9/27/2020,Washington,3,299,165,25906,61204,14,0.046822742474916385
9/28/2020,Washington,2,301,313,26219,61204,14,0.046511627906976744
9/29/2020,Washington,1,302,243,26462,61204,14,0.046357615894039736
9/30/2020,Washington,0,302,335,26797,61204,14,0.046357615894039736
10/1/2020,Washington,3,305,248,27045,61204,14,0.04590163934426229
10/2/2020,Washington,2,307,345,27390,61204,14,0.04560260586319218
10/3/2020,Washington,0,307,387,27777,61204,14,0.04560260586319218
10/4/2020,Washington,0,307,128,27905,61204,14,0.04560260586319218
10/5/2020,Washington,3,310,324,28229,61204,14,0.04516129032258064
10/6/2020,Washington,1,311,226,28455,61204,14,0.04501607717041801
10/7/2020,Washington,3,314,271,28726,61204,14,0.044585987261146494
10/8/2020,Washington,3,317,423,29149,61204,14,0.04416403785488959
10/9/2020,Washington,0,317,256,29405,61204,14,0.04416403785488959
10/10/2020,Washington,0,317,294,29699,61204,14,0.04416403785488959
10/11/2020,Washington,1,318,168,29867,61204,14,0.0440251572327044
10/12/2020,Washington,1,319,388,30255,61204,14,0.0438871473354232
10/13/2020,Washington,3,322,184,30439,61204,14,0.043478260869565216
10/14/2020,Washington,2,324,301,30740,61204,14,0.043209876543209874
10/15/2020,Washington,1,325,485,31225,61204,14,0.043076923076923075
10/16/2020,Washington,1,326,329,31554,61204,14,0.04294478527607362
10/17/2020,Washington,0,326,248,31802,61204,14,0.04294478527607362
10/18/2020,Washington,0,326,172,31974,61204,14,0.04294478527607362
10/19/2020,Washington,0,326,283,32257,61204,14,0.04294478527607362
10/20/2020,Washington,0,326,193,32450,61204,14,0.04294478527607362
10/21/2020,Washington,0,326,271,32721,61204,14,0.04294478527607362
10/22/2020,Washington,1,327,286,33007,61204,14,0.04281345565749235
10/23/2020,Washington,3,330,375,33382,61204,14,0.04242424242424243
10/24/2020,Washington,2,332,301,33683,61204,14,0.04216867469879518
10/25/2020,Washington,2,334,174,33857,61204,14,0.041916167664670656
10/26/2020,Washington,1,335,345,34202,61204,14,0.041791044776119404
10/27/2020,Washington,1,336,167,34369,61204,14,0.041666666666666664
10/28/2020,Washington,2,338,244,34613,61204,14,0.04142011834319527
10/29/2020,Washington,2,340,313,34926,61204,14,0.041176470588235294
10/30/2020,Washington,7,347,349,35275,61204,14,0.040345821325648415
10/31/2020,Washington,3,350,306,35581,61204,14,0.04
11/1/2020,Washington,3,353,189,35770,61204,14,0.039660056657223795
11/2/2020,Washington,3,356,320,36090,61204,14,0.03932584269662921
11/3/2020,Washington,2,358,400,36490,61204,14,0.03910614525139665
11/4/2020,Washington,3,361,487,36977,61204,14,0.038781163434903045
11/5/2020,Washington,16,377,484,37461,61204,14,0.03713527851458886
11/6/2020,Washington,3,380,652,38113,61204,14,0.03684210526315789
11/7/2020,Washington,0,380,600,38713,61204,14,0.03684210526315789
11/8/2020,Washington,2,382,125,38838,61204,14,0.03664921465968586
11/9/2020,Washington,2,384,541,39379,61204,14,0.036458333333333336
11/10/2020,Washington,6,390,809,40188,61204,14,0.035897435897435895
11/11/2020,Washington,0,390,503,40691,61204,14,0.035897435897435895
11/12/2020,Washington,5,395,310,41001,61204,14,0.035443037974683546
11/13/2020,Washington,5,400,255,41256,61204,14,0.035
11/14/2020,Washington,3,403,169,41425,61204,14,0.034739454094292806
3/1/2020,Wayne,0,0,0,0,89918,0,NaN
3/2/2020,Wayne,0,0,0,0,89918,0,NaN
3/3/2020,Wayne,0,0,0,0,89918,0,NaN
3/4/2020,Wayne,0,0,0,0,89918,0,NaN
3/5/2020,Wayne,0,0,0,0,89918,0,NaN
3/6/2020,Wayne,0,0,0,0,89918,0,NaN
3/7/2020,Wayne,0,0,0,0,89918,0,NaN
3/8/2020,Wayne,0,0,0,0,89918,0,NaN
3/9/2020,Wayne,0,0,0,0,89918,0,NaN
3/10/2020,Wayne,0,0,0,0,89918,0,NaN
3/11/2020,Wayne,0,0,0,0,89918,0,NaN
3/12/2020,Wayne,0,0,0,0,89918,0,NaN
3/13/2020,Wayne,0,0,2,2,89918,0,NaN
3/14/2020,Wayne,0,0,1,3,89918,0,NaN
3/15/2020,Wayne,0,0,3,6,89918,0,NaN
3/16/2020,Wayne,0,0,3,9,89918,0,NaN
3/17/2020,Wayne,0,0,10,19,89918,0,NaN
3/18/2020,Wayne,1,1,15,34,89918,0,0
3/19/2020,Wayne,0,1,21,55,89918,0,0
3/20/2020,Wayne,2,3,13,68,89918,0,0
3/21/2020,Wayne,0,3,9,77,89918,0,0
3/22/2020,Wayne,3,6,14,91,89918,0,0
3/23/2020,Wayne,0,6,17,108,89918,0,0
3/24/2020,Wayne,1,7,15,123,89918,0,0
3/25/2020,Wayne,1,8,37,160,89918,0,0
3/26/2020,Wayne,3,11,27,187,89918,0,0
3/27/2020,Wayne,1,12,32,219,89918,0,0
3/28/2020,Wayne,0,12,13,232,89918,0,0
3/29/2020,Wayne,3,15,24,256,89918,0,0
3/30/2020,Wayne,4,19,28,284,89918,0,0
3/31/2020,Wayne,5,24,33,317,89918,0,0
4/1/2020,Wayne,3,27,28,345,89918,0,0
4/2/2020,Wayne,3,30,28,373,89918,0,0
4/3/2020,Wayne,0,30,35,408,89918,0,0
4/4/2020,Wayne,2,32,24,432,89918,0,0
4/5/2020,Wayne,2,34,15,447,89918,0,0
4/6/2020,Wayne,1,35,31,478,89918,0,0
4/7/2020,Wayne,4,39,46,524,89918,0,0
4/8/2020,Wayne,0,39,34,558,89918,0,0
4/9/2020,Wayne,2,41,34,592,89918,0,0
4/10/2020,Wayne,1,42,17,609,89918,0,0
4/11/2020,Wayne,0,42,7,616,89918,0,0
4/12/2020,Wayne,0,42,8,624,89918,0,0
4/13/2020,Wayne,6,48,39,663,89918,0,0
4/14/2020,Wayne,0,48,20,683,89918,0,0
4/15/2020,Wayne,1,49,12,695,89918,1,0.02040816326530612
4/16/2020,Wayne,0,49,7,702,89918,1,0.02040816326530612
4/17/2020,Wayne,0,49,7,709,89918,1,0.02040816326530612
4/18/2020,Wayne,1,50,6,715,89918,1,0.02
4/19/2020,Wayne,0,50,2,717,89918,1,0.02
4/20/2020,Wayne,1,51,8,725,89918,1,0.0196078431372549
4/21/2020,Wayne,1,52,16,741,89918,1,0.019230769230769232
4/22/2020,Wayne,1,53,13,754,89918,1,0.018867924528301886
4/23/2020,Wayne,0,53,12,766,89918,1,0.018867924528301886
4/24/2020,Wayne,12,65,257,1023,89918,1,0.015384615384615385
4/25/2020,Wayne,0,65,36,1059,89918,1,0.015384615384615385
4/26/2020,Wayne,4,69,28,1087,89918,1,0.014492753623188406
4/27/2020,Wayne,1,70,53,1140,89918,1,0.014285714285714285
4/28/2020,Wayne,0,70,45,1185,89918,1,0.014285714285714285
4/29/2020,Wayne,1,71,54,1239,89918,1,0.014084507042253521
4/30/2020,Wayne,0,71,56,1295,89918,1,0.014084507042253521
5/1/2020,Wayne,2,73,43,1338,89918,1,0.0136986301369863
5/2/2020,Wayne,2,75,86,1424,89918,1,0.013333333333333334
5/3/2020,Wayne,1,76,88,1512,89918,1,0.013157894736842105
5/4/2020,Wayne,2,78,66,1578,89918,1,0.01282051282051282
5/5/2020,Wayne,0,78,93,1671,89918,1,0.01282051282051282
5/6/2020,Wayne,0,78,93,1764,89918,2,0.02564102564102564
5/7/2020,Wayne,1,79,95,1859,89918,2,0.02531645569620253
5/8/2020,Wayne,0,79,63,1922,89918,2,0.02531645569620253
5/9/2020,Wayne,1,80,101,2023,89918,2,0.025
5/10/2020,Wayne,1,81,72,2095,89918,2,0.024691358024691357
5/11/2020,Wayne,2,83,64,2159,89918,2,0.024096385542168676
5/12/2020,Wayne,1,84,168,2327,89918,2,0.023809523809523808
5/13/2020,Wayne,5,89,120,2447,89918,2,0.02247191011235955
5/14/2020,Wayne,2,91,110,2557,89918,2,0.02197802197802198
5/15/2020,Wayne,1,92,86,2643,89918,2,0.021739130434782608
5/16/2020,Wayne,4,96,118,2761,89918,2,0.020833333333333332
5/17/2020,Wayne,1,97,114,2875,89918,2,0.020618556701030927
5/18/2020,Wayne,1,98,128,3003,89918,2,0.02040816326530612
5/19/2020,Wayne,5,103,187,3190,89918,2,0.019417475728155338
5/20/2020,Wayne,0,103,155,3345,89918,2,0.019417475728155338
5/21/2020,Wayne,1,104,104,3449,89918,2,0.019230769230769232
5/22/2020,Wayne,3,107,163,3612,89918,2,0.018691588785046728
5/23/2020,Wayne,1,108,107,3719,89918,2,0.018518518518518517
5/24/2020,Wayne,1,109,106,3825,89918,2,0.01834862385321101
5/25/2020,Wayne,1,110,170,3995,89918,2,0.01818181818181818
5/26/2020,Wayne,0,110,339,4334,89918,2,0.01818181818181818
5/27/2020,Wayne,2,112,303,4637,89918,2,0.017857142857142856
5/28/2020,Wayne,1,113,290,4927,89918,2,0.017699115044247787
5/29/2020,Wayne,0,113,299,5226,89918,2,0.017699115044247787
5/30/2020,Wayne,2,115,284,5510,89918,2,0.017391304347826087
5/31/2020,Wayne,1,116,228,5738,89918,2,0.017241379310344827
6/1/2020,Wayne,0,116,216,5954,89918,2,0.017241379310344827
6/2/2020,Wayne,4,120,396,6350,89918,2,0.016666666666666666
6/3/2020,Wayne,1,121,468,6818,89918,2,0.01652892561983471
6/4/2020,Wayne,1,122,323,7141,89918,2,0.01639344262295082
6/5/2020,Wayne,1,123,409,7550,89918,2,0.016260162601626018
6/6/2020,Wayne,1,124,362,7912,89918,2,0.016129032258064516
6/7/2020,Wayne,1,125,322,8234,89918,2,0.016
6/8/2020,Wayne,1,126,362,8596,89918,2,0.015873015873015872
6/9/2020,Wayne,0,126,388,8984,89918,2,0.015873015873015872
6/10/2020,Wayne,1,127,509,9493,89918,2,0.015748031496062992
6/11/2020,Wayne,2,129,460,9953,89918,2,0.015503875968992248
6/12/2020,Wayne,2,131,348,10301,89918,2,0.015267175572519083
6/13/2020,Wayne,2,133,363,10664,89918,2,0.015037593984962405
6/14/2020,Wayne,0,133,160,10824,89918,2,0.015037593984962405
6/15/2020,Wayne,1,134,456,11280,89918,2,0.014925373134328358
6/16/2020,Wayne,3,137,298,11578,89918,2,0.014598540145985401
6/17/2020,Wayne,2,139,184,11762,89918,2,0.014388489208633094
6/18/2020,Wayne,2,141,224,11986,89918,2,0.014184397163120567
6/19/2020,Wayne,2,143,280,12266,89918,2,0.013986013986013986
6/20/2020,Wayne,0,143,249,12515,89918,2,0.013986013986013986
6/21/2020,Wayne,0,143,239,12754,89918,2,0.013986013986013986
6/22/2020,Wayne,2,145,297,13051,89918,2,0.013793103448275862
6/23/2020,Wayne,5,150,305,13356,89918,2,0.013333333333333334
6/24/2020,Wayne,4,154,227,13583,89918,2,0.012987012987012988
6/25/2020,Wayne,5,159,171,13754,89918,2,0.012578616352201259
6/26/2020,Wayne,2,161,280,14034,89918,2,0.012422360248447204
6/27/2020,Wayne,1,162,246,14280,89918,2,0.012345679012345678
6/28/2020,Wayne,3,165,276,14556,89918,2,0.012121212121212121
6/29/2020,Wayne,5,170,334,14890,89918,2,0.011764705882352941
6/30/2020,Wayne,4,174,230,15120,89918,2,0.011494252873563218
7/1/2020,Wayne,2,176,298,15418,89918,2,0.011363636363636364
7/2/2020,Wayne,5,181,234,15652,89918,2,0.011049723756906077
7/3/2020,Wayne,2,183,269,15921,89918,2,0.01092896174863388
7/4/2020,Wayne,2,185,357,16278,89918,2,0.010810810810810811
7/5/2020,Wayne,1,186,259,16537,89918,2,0.010752688172043012
7/6/2020,Wayne,5,191,466,17003,89918,2,0.010471204188481676
7/7/2020,Wayne,2,193,270,17273,89918,2,0.010362694300518135
7/8/2020,Wayne,2,195,352,17625,89918,2,0.010256410256410256
7/9/2020,Wayne,6,201,354,17979,89918,2,0.009950248756218905
7/10/2020,Wayne,2,203,233,18212,89918,2,0.009852216748768473
7/11/2020,Wayne,2,205,325,18537,89918,2,0.00975609756097561
7/12/2020,Wayne,4,209,290,18827,89918,2,0.009569377990430622
7/13/2020,Wayne,5,214,285,19112,89918,2,0.009345794392523364
7/14/2020,Wayne,7,221,268,19380,89918,2,0.00904977375565611
7/15/2020,Wayne,2,223,370,19750,89918,2,0.008968609865470852
7/16/2020,Wayne,0,223,334,20084,89918,2,0.008968609865470852
7/17/2020,Wayne,2,225,430,20514,89918,2,0.008888888888888889
7/18/2020,Wayne,2,227,234,20748,89918,2,0.00881057268722467
7/19/2020,Wayne,1,228,274,21022,89918,2,0.008771929824561403
7/20/2020,Wayne,4,232,385,21407,89918,2,0.008620689655172414
7/21/2020,Wayne,4,236,343,21750,89918,2,0.00847457627118644
7/22/2020,Wayne,2,238,284,22034,89918,2,0.008403361344537815
7/23/2020,Wayne,1,239,414,22448,89918,2,0.008368200836820083
7/24/2020,Wayne,1,240,373,22821,89918,2,0.008333333333333333
7/25/2020,Wayne,1,241,363,23184,89918,2,0.008298755186721992
7/26/2020,Wayne,2,243,272,23456,89918,2,0.00823045267489712
7/27/2020,Wayne,0,243,356,23812,89918,2,0.00823045267489712
7/28/2020,Wayne,0,243,417,24229,89918,2,0.00823045267489712
7/29/2020,Wayne,0,243,355,24584,89918,2,0.00823045267489712
7/30/2020,Wayne,2,245,308,24892,89918,2,0.00816326530612245
7/31/2020,Wayne,0,245,458,25350,89918,2,0.00816326530612245
8/1/2020,Wayne,1,246,294,25644,89918,2,0.008130081300813009
8/2/2020,Wayne,1,247,224,25868,89918,2,0.008097165991902834
8/3/2020,Wayne,1,248,236,26104,89918,2,0.008064516129032258
8/4/2020,Wayne,0,248,304,26408,89918,2,0.008064516129032258
8/5/2020,Wayne,1,249,315,26723,89918,2,0.008032128514056224
8/6/2020,Wayne,0,249,346,27069,89918,2,0.008032128514056224
8/7/2020,Wayne,0,249,276,27345,89918,2,0.008032128514056224
8/8/2020,Wayne,1,250,417,27762,89918,2,0.008
8/9/2020,Wayne,2,252,255,28017,89918,2,0.007936507936507936
8/10/2020,Wayne,0,252,257,28274,89918,2,0.007936507936507936
8/11/2020,Wayne,6,258,354,28628,89918,3,0.011627906976744186
8/12/2020,Wayne,5,263,535,29163,89918,3,0.011406844106463879
8/13/2020,Wayne,2,265,423,29586,89918,3,0.011320754716981131
8/14/2020,Wayne,4,269,369,29955,89918,3,0.011152416356877323
8/15/2020,Wayne,0,269,325,30280,89918,3,0.011152416356877323
8/16/2020,Wayne,0,269,273,30553,89918,3,0.011152416356877323
8/17/2020,Wayne,1,270,246,30799,89918,3,0.011111111111111112
8/18/2020,Wayne,0,270,364,31163,89918,3,0.011111111111111112
8/19/2020,Wayne,0,270,322,31485,89918,3,0.011111111111111112
8/20/2020,Wayne,2,272,475,31960,89918,3,0.011029411764705883
8/21/2020,Wayne,3,275,396,32356,89918,3,0.01090909090909091
8/22/2020,Wayne,0,275,393,32749,89918,3,0.01090909090909091
8/23/2020,Wayne,0,275,273,33022,89918,3,0.01090909090909091
8/24/2020,Wayne,0,275,200,33222,89918,3,0.01090909090909091
8/25/2020,Wayne,2,277,236,33458,89918,3,0.010830324909747292
8/26/2020,Wayne,2,279,438,33896,89918,3,0.010752688172043012
8/27/2020,Wayne,0,279,402,34298,89918,3,0.010752688172043012
8/28/2020,Wayne,1,280,335,34633,89918,3,0.010714285714285714
8/29/2020,Wayne,0,280,371,35004,89918,3,0.010714285714285714
8/30/2020,Wayne,0,280,215,35219,89918,3,0.010714285714285714
8/31/2020,Wayne,0,280,208,35427,89918,3,0.010714285714285714
9/1/2020,Wayne,1,281,271,35698,89918,3,0.010676156583629894
9/2/2020,Wayne,2,283,465,36163,89918,3,0.01060070671378092
9/3/2020,Wayne,5,288,417,36580,89918,3,0.010416666666666666
9/4/2020,Wayne,0,288,359,36939,89918,3,0.010416666666666666
9/5/2020,Wayne,3,291,340,37279,89918,3,0.010309278350515464
9/6/2020,Wayne,5,296,214,37493,89918,3,0.010135135135135136
9/7/2020,Wayne,0,296,166,37659,89918,3,0.010135135135135136
9/8/2020,Wayne,1,297,237,37896,89918,3,0.010101010101010102
9/9/2020,Wayne,1,298,272,38168,89918,3,0.010067114093959731
9/10/2020,Wayne,3,301,383,38551,89918,3,0.009966777408637873
9/11/2020,Wayne,0,301,426,38977,89918,3,0.009966777408637873
9/12/2020,Wayne,2,303,427,39404,89918,3,0.009900990099009901
9/13/2020,Wayne,0,303,243,39647,89918,3,0.009900990099009901
9/14/2020,Wayne,1,304,271,39918,89918,3,0.009868421052631578
9/15/2020,Wayne,0,304,297,40215,89918,3,0.009868421052631578
9/16/2020,Wayne,1,305,475,40690,89918,3,0.009836065573770493
9/17/2020,Wayne,1,306,352,41042,89918,3,0.00980392156862745
9/18/2020,Wayne,3,309,411,41453,89918,3,0.009708737864077669
9/19/2020,Wayne,1,310,446,41899,89918,3,0.00967741935483871
9/20/2020,Wayne,1,311,170,42069,89918,3,0.00964630225080386
9/21/2020,Wayne,0,311,418,42487,89918,3,0.00964630225080386
9/22/2020,Wayne,1,312,357,42844,89918,3,0.009615384615384616
9/23/2020,Wayne,2,314,448,43292,89918,3,0.009554140127388535
9/24/2020,Wayne,1,315,535,43827,89918,3,0.009523809523809525
9/25/2020,Wayne,1,316,586,44413,89918,3,0.00949367088607595
9/26/2020,Wayne,2,318,325,44738,89918,3,0.009433962264150943
9/27/2020,Wayne,2,320,262,45000,89918,3,0.009375
9/28/2020,Wayne,1,321,313,45313,89918,3,0.009345794392523364
9/29/2020,Wayne,2,323,402,45715,89918,3,0.009287925696594427
9/30/2020,Wayne,3,326,565,46280,89918,3,0.009202453987730062
10/1/2020,Wayne,5,331,452,46732,89918,3,0.00906344410876133
10/2/2020,Wayne,1,332,644,47376,89918,3,0.009036144578313253
10/3/2020,Wayne,0,332,343,47719,89918,3,0.009036144578313253
10/4/2020,Wayne,3,335,145,47864,89918,3,0.008955223880597015
10/5/2020,Wayne,2,337,411,48275,89918,3,0.008902077151335312
10/6/2020,Wayne,2,339,349,48624,89918,3,0.008849557522123894
10/7/2020,Wayne,8,347,470,49094,89918,3,0.008645533141210375
10/8/2020,Wayne,10,357,407,49501,89918,3,0.008403361344537815
10/9/2020,Wayne,4,361,507,50008,89918,3,0.008310249307479225
10/10/2020,Wayne,1,362,337,50345,89918,3,0.008287292817679558
10/11/2020,Wayne,3,365,331,50676,89918,3,0.00821917808219178
10/12/2020,Wayne,0,365,459,51135,89918,3,0.00821917808219178
10/13/2020,Wayne,2,367,306,51441,89918,3,0.008174386920980926
10/14/2020,Wayne,3,370,626,52067,89918,3,0.008108108108108109
10/15/2020,Wayne,3,373,362,52429,89918,3,0.00804289544235925
10/16/2020,Wayne,4,377,438,52867,89918,3,0.007957559681697613
10/17/2020,Wayne,2,379,296,53163,89918,3,0.0079155672823219
10/18/2020,Wayne,4,383,266,53429,89918,3,0.007832898172323759
10/19/2020,Wayne,3,386,321,53750,89918,3,0.007772020725388601
10/20/2020,Wayne,7,393,392,54142,89918,3,0.007633587786259542
10/21/2020,Wayne,7,400,384,54526,89918,3,0.0075
10/22/2020,Wayne,8,408,526,55052,89918,3,0.007352941176470588
10/23/2020,Wayne,24,432,520,55572,89918,3,0.006944444444444444
10/24/2020,Wayne,16,448,368,55940,89918,3,0.006696428571428571
10/25/2020,Wayne,23,471,367,56307,89918,3,0.006369426751592357
10/26/2020,Wayne,11,482,674,56981,89918,3,0.006224066390041493
10/27/2020,Wayne,6,488,388,57369,89918,3,0.006147540983606557
10/28/2020,Wayne,24,512,685,58054,89918,3,0.005859375
10/29/2020,Wayne,18,530,686,58740,89918,3,0.005660377358490566
10/30/2020,Wayne,20,550,587,59327,89918,4,0.007272727272727273
10/31/2020,Wayne,11,561,339,59666,89918,4,0.0071301247771836
11/1/2020,Wayne,12,573,313,59979,89918,4,0.006980802792321117
11/2/2020,Wayne,15,588,486,60465,89918,4,0.006802721088435374
11/3/2020,Wayne,14,602,429,60894,89918,4,0.006644518272425249
11/4/2020,Wayne,20,622,764,61658,89918,4,0.006430868167202572
11/5/2020,Wayne,17,639,528,62186,89918,4,0.006259780907668232
11/6/2020,Wayne,16,655,617,62803,89918,4,0.0061068702290076335
11/7/2020,Wayne,8,663,323,63126,89918,6,0.00904977375565611
11/8/2020,Wayne,13,676,324,63450,89918,6,0.008875739644970414
11/9/2020,Wayne,13,689,513,63963,89918,8,0.011611030478955007
11/10/2020,Wayne,15,704,468,64431,89918,8,0.011363636363636364
11/11/2020,Wayne,14,718,758,65189,89918,10,0.013927576601671309
11/12/2020,Wayne,17,735,549,65738,89918,10,0.013605442176870748
11/13/2020,Wayne,14,749,501,66239,89918,10,0.01335113484646195
11/14/2020,Wayne,8,757,335,66574,89918,10,0.013210039630118891
3/1/2020,Westchester,0,0,0,0,967506,0,NaN
3/2/2020,Westchester,1,1,1,1,967506,0,0
3/3/2020,Westchester,0,1,1,2,967506,0,0
3/4/2020,Westchester,0,1,0,2,967506,0,0
3/5/2020,Westchester,19,20,42,44,967506,0,0
3/6/2020,Westchester,0,20,9,53,967506,0,0
3/7/2020,Westchester,22,42,110,163,967506,0,0
3/8/2020,Westchester,18,60,207,370,967506,0,0
3/9/2020,Westchester,42,102,222,592,967506,0,0
3/10/2020,Westchester,9,111,177,769,967506,0,0
3/11/2020,Westchester,21,132,183,952,967506,0,0
3/12/2020,Westchester,19,151,108,1060,967506,0,0
3/13/2020,Westchester,20,171,209,1269,967506,0,0
3/14/2020,Westchester,11,182,220,1489,967506,0,0
3/15/2020,Westchester,41,223,372,1861,967506,0,0
3/16/2020,Westchester,157,380,1219,3080,967506,0,0
3/17/2020,Westchester,158,538,1026,4106,967506,0,0
3/18/2020,Westchester,261,799,1588,5694,967506,0,0
3/19/2020,Westchester,292,1091,1483,7177,967506,0,0
3/20/2020,Westchester,296,1387,1459,8636,967506,0,0
3/21/2020,Westchester,486,1873,2011,10647,967506,0,0
3/22/2020,Westchester,1021,2894,4037,14684,967506,1,3.455425017277125e-4
3/23/2020,Westchester,997,3891,3282,17966,967506,1,2.5700334104343357e-4
3/24/2020,Westchester,800,4691,2371,20337,967506,1,2.1317416329140907e-4
3/25/2020,Westchester,1253,5944,5951,26288,967506,8,0.0013458950201884253
3/26/2020,Westchester,1243,7187,3227,29515,967506,10,0.0013914011409489355
3/27/2020,Westchester,688,7875,1588,31103,967506,10,0.0012698412698412698
3/28/2020,Westchester,644,8519,1410,32513,967506,10,0.0011738466956215518
3/29/2020,Westchester,807,9326,1595,34108,967506,10,0.001072271070126528
3/30/2020,Westchester,641,9967,1515,35623,967506,19,0.001906290759506371
3/31/2020,Westchester,716,10683,1567,37190,967506,25,0.002340166619863334
4/1/2020,Westchester,884,11567,1891,39081,967506,64,0.005532981758450765
4/2/2020,Westchester,784,12351,1632,40713,967506,67,0.005424661970690632
4/3/2020,Westchester,730,13081,1621,42334,967506,71,0.005427719593303264
4/4/2020,Westchester,642,13723,1621,43955,967506,197,0.014355461633753553
4/5/2020,Westchester,571,14294,1398,45353,967506,211,0.014761438365747866
4/6/2020,Westchester,510,14804,1348,46701,967506,233,0.015738989462307486
4/7/2020,Westchester,1083,15887,2647,49348,967506,283,0.01781330647699377
4/8/2020,Westchester,1117,17004,2889,52237,967506,315,0.018525052928722655
4/9/2020,Westchester,1073,18077,2911,55148,967506,389,0.021519057365713336
4/10/2020,Westchester,652,18729,1679,56827,967506,389,0.020769928987132254
4/11/2020,Westchester,584,19313,1472,58299,967506,461,0.023869932170040905
4/12/2020,Westchester,473,19786,1163,59462,967506,511,0.02582634185787931
4/13/2020,Westchester,405,20191,1145,60607,967506,557,0.02758654846218612
4/14/2020,Westchester,756,20947,2019,62626,967506,596,0.02845276173199026
4/15/2020,Westchester,881,21828,2642,65268,967506,640,0.029320139270661537
4/16/2020,Westchester,648,22476,2042,67310,967506,668,0.02972059085246485
4/17/2020,Westchester,703,23179,2298,69608,967506,668,0.028819189783856076
4/18/2020,Westchester,624,23803,2133,71741,967506,668,0.02806368945090955
4/19/2020,Westchester,503,24306,1599,73340,967506,743,0.03056858388875175
4/20/2020,Westchester,350,24656,1208,74548,967506,776,0.03147306943543154
4/21/2020,Westchester,620,25276,2016,76564,967506,809,0.03200664662130084
4/22/2020,Westchester,683,25959,2317,78881,967506,838,0.03228167494895797
4/23/2020,Westchester,674,26633,2672,81553,967506,863,0.03240340930424661
4/24/2020,Westchester,598,27231,2468,84021,967506,891,0.03272006169439242
4/25/2020,Westchester,433,27664,1951,85972,967506,920,0.03325621746674378
4/26/2020,Westchester,343,28007,1764,87736,967506,946,0.03377726996822223
4/27/2020,Westchester,238,28245,1408,89144,967506,962,0.034059125508939636
4/28/2020,Westchester,381,28626,1843,90987,967506,963,0.03364074617480612
4/29/2020,Westchester,344,28970,1842,92829,967506,1006,0.034725578184328615
4/30/2020,Westchester,262,29232,1613,94442,967506,1031,0.03526956759715381
5/1/2020,Westchester,394,29626,2359,96801,967506,1049,0.03540808749071761
5/2/2020,Westchester,258,29884,1809,98610,967506,1067,0.03570472493642083
5/3/2020,Westchester,213,30097,1662,100272,967506,1086,0.03608333056450809
5/4/2020,Westchester,143,30240,1225,101497,967506,1101,0.03640873015873016
5/5/2020,Westchester,186,30426,1434,102931,967506,1116,0.03667915598501282
5/6/2020,Westchester,282,30708,2311,105242,967506,1167,0.03800312622118015
5/7/2020,Westchester,197,30905,2224,107466,967506,1184,0.03831095292023944
5/8/2020,Westchester,182,31087,1936,109402,967506,1191,0.03831183452890276
5/9/2020,Westchester,207,31294,1940,111342,967506,1203,0.03844187384163098
5/10/2020,Westchester,90,31384,1321,112663,967506,1218,0.0388095845016569
5/11/2020,Westchester,88,31472,984,113647,967506,1227,0.03898703609557702
5/12/2020,Westchester,139,31611,1925,115572,967506,1238,0.039163582297301575
5/13/2020,Westchester,181,31792,2450,118022,967506,1245,0.03916079516859587
5/14/2020,Westchester,151,31943,2024,120046,967506,1256,0.039320038819146606
5/15/2020,Westchester,154,32097,2059,122105,967506,1269,0.039536405271520705
5/16/2020,Westchester,127,32224,1940,124045,967506,1275,0.039566782522343594
5/17/2020,Westchester,99,32323,1326,125371,967506,1289,0.03987872412832967
5/18/2020,Westchester,79,32402,1125,126496,967506,1295,0.03996666872415283
5/19/2020,Westchester,115,32517,1867,128363,967506,1298,0.03991758157271581
5/20/2020,Westchester,156,32673,2671,131034,967506,1305,0.039941235882839043
5/21/2020,Westchester,94,32767,2350,133384,967506,1313,0.04007080294198431
5/22/2020,Westchester,114,32881,3234,136618,967506,1319,0.04011435175329218
5/23/2020,Westchester,87,32968,2542,139160,967506,1327,0.040251152632856106
5/24/2020,Westchester,81,33049,2323,141483,967506,1337,0.04045508184816485
5/25/2020,Westchester,58,33107,1695,143178,967506,1343,0.04056543933307156
5/26/2020,Westchester,79,33186,2207,145385,967506,1345,0.040529138793467125
5/27/2020,Westchester,107,33293,3266,148651,967506,1352,0.04060913705583756
5/28/2020,Westchester,56,33349,3203,151854,967506,1357,0.04069087528861435
5/29/2020,Westchester,80,33429,3388,155242,967506,1359,0.04065332495737234
5/30/2020,Westchester,52,33481,3290,158532,967506,1359,0.040590185478330994
5/31/2020,Westchester,71,33552,3376,161908,967506,1359,0.04050429184549356
6/1/2020,Westchester,81,33633,3183,165091,967506,1374,0.040852733922040856
6/2/2020,Westchester,58,33691,3253,168344,967506,1378,0.04090113086580986
6/3/2020,Westchester,76,33767,3524,171868,967506,1381,0.040897918085704976
6/4/2020,Westchester,87,33854,4216,176084,967506,1385,0.040910970638624686
6/5/2020,Westchester,70,33924,3979,180063,967506,1389,0.04094446409621507
6/6/2020,Westchester,30,33954,3162,183225,967506,1392,0.04099664251634565
6/7/2020,Westchester,46,34000,3336,186561,967506,1392,0.04094117647058824
6/8/2020,Westchester,35,34035,2577,189138,967506,1395,0.04098721903922433
6/9/2020,Westchester,41,34076,3304,192442,967506,1396,0.04096724967719216
6/10/2020,Westchester,30,34106,3494,195936,967506,1399,0.04101917551164018
6/11/2020,Westchester,69,34175,4954,200890,967506,1400,0.040965618141916606
6/12/2020,Westchester,78,34253,5099,205989,967506,1402,0.04093072139666599
6/13/2020,Westchester,37,34290,3399,209388,967506,1404,0.04094488188976378
6/14/2020,Westchester,37,34327,3594,212982,967506,1404,0.04090074868179567
6/15/2020,Westchester,31,34358,3204,216186,967506,1405,0.04089295069561674
6/16/2020,Westchester,27,34385,3189,219375,967506,1405,0.04086084048276865
6/17/2020,Westchester,24,34409,3998,223373,967506,1407,0.04089046470400186
6/18/2020,Westchester,46,34455,4521,227894,967506,1410,0.04092294296909012
6/19/2020,Westchester,31,34486,3624,231518,967506,1410,0.040886156701270084
6/20/2020,Westchester,35,34521,3879,235397,967506,1413,0.040931606848005564
6/21/2020,Westchester,36,34557,3794,239191,967506,1414,0.04091790375321932
6/22/2020,Westchester,24,34581,2844,242035,967506,1415,0.040918423411700065
6/23/2020,Westchester,16,34597,2320,244355,967506,1416,0.04092840419689568
6/24/2020,Westchester,45,34642,4611,248966,967506,1416,0.04087523815022227
6/25/2020,Westchester,58,34700,4127,253093,967506,1416,0.04080691642651297
6/26/2020,Westchester,48,34748,4520,257613,967506,1418,0.040808104063543224
6/27/2020,Westchester,32,34780,3087,260700,967506,1419,0.04079930994824612
6/28/2020,Westchester,18,34798,2560,263260,967506,1420,0.04080694292775447
6/29/2020,Westchester,40,34838,3702,266962,967506,1420,0.04076008955737987
6/30/2020,Westchester,28,34866,3730,270692,967506,1425,0.04087076234727242
7/1/2020,Westchester,46,34912,4469,275161,967506,1425,0.04081691109074244
7/2/2020,Westchester,68,34980,4827,279988,967506,1425,0.040737564322469985
7/3/2020,Westchester,40,35020,3437,283425,967506,1425,0.04069103369503141
7/4/2020,Westchester,23,35043,4519,287944,967506,1425,0.040664326684359216
7/5/2020,Westchester,41,35084,3639,291583,967506,1427,0.04067381142401095
7/6/2020,Westchester,22,35106,3586,295169,967506,1427,0.040648322224121236
7/7/2020,Westchester,48,35154,3387,298556,967506,1430,0.040678158957728854
7/8/2020,Westchester,29,35183,4843,303399,967506,1431,0.04067305232640764
7/9/2020,Westchester,43,35226,5182,308581,967506,1432,0.04065179129052404
7/10/2020,Westchester,34,35260,4293,312874,967506,1433,0.04064095292115712
7/11/2020,Westchester,37,35297,3958,316832,967506,1433,0.04059835113465734
7/12/2020,Westchester,30,35327,3238,320070,967506,1435,0.040620488578141364
7/13/2020,Westchester,39,35366,3851,323921,967506,1435,0.04057569416954137
7/14/2020,Westchester,28,35394,3598,327519,967506,1435,0.040543594959597674
7/15/2020,Westchester,28,35422,4364,331883,967506,1436,0.0405397775393823
7/16/2020,Westchester,41,35463,4989,336872,967506,1436,0.04049290810140146
7/17/2020,Westchester,40,35503,4669,341541,967506,1436,0.04044728614483283
7/18/2020,Westchester,12,35515,3004,344545,967506,1437,0.04046177671406448
7/19/2020,Westchester,36,35551,3104,347649,967506,1440,0.040505189727433825
7/20/2020,Westchester,36,35587,3044,350693,967506,1440,0.04046421446033664
7/21/2020,Westchester,49,35636,4198,354891,967506,1440,0.04040857559771018
7/22/2020,Westchester,31,35667,4000,358891,967506,1442,0.0404295286959935
7/23/2020,Westchester,33,35700,4805,363696,967506,1443,0.04042016806722689
7/24/2020,Westchester,38,35738,4045,367741,967506,1443,0.04037718954614136
7/25/2020,Westchester,39,35777,3149,370890,967506,1443,0.040333174944796935
7/26/2020,Westchester,22,35799,3937,374827,967506,1443,0.040308388502472134
7/27/2020,Westchester,39,35838,3847,378674,967506,1443,0.040264523689938055
7/28/2020,Westchester,36,35874,3393,382067,967506,1443,0.040224117745442385
7/29/2020,Westchester,39,35913,4552,386619,967506,1443,0.040180436053796675
7/30/2020,Westchester,20,35933,3133,389752,967506,1445,0.040213731110678205
7/31/2020,Westchester,41,35974,4465,394217,967506,1445,0.04016789903819425
8/1/2020,Westchester,24,35998,3363,397580,967506,1445,0.04014111895105284
8/2/2020,Westchester,16,36014,2919,400499,967506,1446,0.04015105236852335
8/3/2020,Westchester,35,36049,4310,404809,967506,1446,0.040112069682931566
8/4/2020,Westchester,26,36075,4340,409149,967506,1446,0.04008316008316008
8/5/2020,Westchester,32,36107,4246,413395,967506,1446,0.040047636192428064
8/6/2020,Westchester,29,36136,3794,417189,967506,1447,0.04004317024573832
8/7/2020,Westchester,44,36180,4021,421210,967506,1447,0.039994472084024325
8/8/2020,Westchester,25,36205,4018,425228,967506,1447,0.03996685540671178
8/9/2020,Westchester,28,36233,3572,428800,967506,1447,0.03993596997212486
8/10/2020,Westchester,39,36272,4879,433679,967506,1447,0.039893030436700484
8/11/2020,Westchester,52,36324,4970,438649,967506,1447,0.03983592115405792
8/12/2020,Westchester,33,36357,4767,443416,967506,1447,0.039799763456830874
8/13/2020,Westchester,45,36402,4340,447756,967506,1447,0.039750563155870555
8/14/2020,Westchester,33,36435,5397,453153,967506,1447,0.03971456017565528
8/15/2020,Westchester,18,36453,5180,458333,967506,1447,0.03969494966120758
8/16/2020,Westchester,33,36486,3985,462318,967506,1447,0.03965904730581593
8/17/2020,Westchester,54,36540,4984,467302,967506,1448,0.039627805145046525
8/18/2020,Westchester,23,36563,4578,471880,967506,1448,0.03960287722561059
8/19/2020,Westchester,23,36586,5147,477027,967506,1449,0.0396053135078992
8/20/2020,Westchester,35,36621,5357,482384,967506,1449,0.03956746129270091
8/21/2020,Westchester,30,36651,6410,488794,967506,1449,0.03953507407710567
8/22/2020,Westchester,38,36689,4646,493440,967506,1449,0.03949412630488702
8/23/2020,Westchester,21,36710,3977,497417,967506,1449,0.03947153364205938
8/24/2020,Westchester,32,36742,3725,501142,967506,1449,0.0394371563877851
8/25/2020,Westchester,38,36780,4334,505476,967506,1449,0.03939641109298532
8/26/2020,Westchester,45,36825,5279,510755,967506,1449,0.03934826883910387
8/27/2020,Westchester,38,36863,4891,515646,967506,1450,0.03933483438678349
8/28/2020,Westchester,32,36895,5080,520726,967506,1450,0.03930071825450603
8/29/2020,Westchester,54,36949,5745,526471,967506,1450,0.03924328127960161
8/30/2020,Westchester,35,36984,4143,530614,967506,1451,0.039233181916504434
8/31/2020,Westchester,37,37021,4338,534952,967506,1452,0.03922098268550282
9/1/2020,Westchester,36,37057,4422,539374,967506,1452,0.03918288042744961
9/2/2020,Westchester,49,37106,5469,544843,967506,1452,0.039131137821376595
9/3/2020,Westchester,46,37152,5292,550135,967506,1452,0.039082687338501294
9/4/2020,Westchester,53,37205,5401,555536,967506,1452,0.03902701249832012
9/5/2020,Westchester,41,37246,5013,560549,967506,1452,0.03898405197873597
9/6/2020,Westchester,31,37277,3619,564168,967506,1452,0.038951632373849826
9/7/2020,Westchester,37,37314,3039,567207,967506,1452,0.03891300852227046
9/8/2020,Westchester,41,37355,3322,570529,967506,1452,0.03887029848748494
9/9/2020,Westchester,50,37405,4394,574923,967506,1452,0.03881833979414517
9/10/2020,Westchester,49,37454,4849,579772,967506,1452,0.03876755486730389
9/11/2020,Westchester,32,37486,4795,584567,967506,1452,0.038734460865389744
9/12/2020,Westchester,45,37531,3976,588543,967506,1452,0.03868801790519837
9/13/2020,Westchester,40,37571,3371,591914,967506,1452,0.03864682867104948
9/14/2020,Westchester,30,37601,4081,595995,967506,1453,0.03864258929283795
9/15/2020,Westchester,33,37634,4896,600891,967506,1453,0.038608704894510286
9/16/2020,Westchester,38,37672,4826,605717,967506,1454,0.03859630494797197
9/17/2020,Westchester,46,37718,4825,610542,967506,1454,0.03854923378758152
9/18/2020,Westchester,37,37755,5740,616282,967506,1454,0.03851145543636605
9/19/2020,Westchester,46,37801,5776,622058,967506,1454,0.03846459088383905
9/20/2020,Westchester,36,37837,3507,625565,967506,1454,0.038427993762719034
9/21/2020,Westchester,29,37866,4373,629938,967506,1454,0.038398563354988646
9/22/2020,Westchester,37,37903,3880,633818,967506,1454,0.03836107959792101
9/23/2020,Westchester,45,37948,4839,638657,967506,1455,0.03834194160430062
9/24/2020,Westchester,53,38001,5209,643866,967506,1455,0.038288466092997554
9/25/2020,Westchester,50,38051,5411,649277,967506,1456,0.038264434574649814
9/26/2020,Westchester,47,38098,5203,654480,967506,1456,0.03821722925087931
9/27/2020,Westchester,35,38133,2944,657424,967506,1456,0.03818215194188761
9/28/2020,Westchester,49,38182,4215,661639,967506,1456,0.038133151746896445
9/29/2020,Westchester,57,38239,3993,665632,967506,1456,0.03807630952692277
9/30/2020,Westchester,61,38300,5027,670659,967506,1456,0.03801566579634465
10/1/2020,Westchester,46,38346,6018,676677,967506,1456,0.03797006206644761
10/2/2020,Westchester,85,38431,6800,683477,967506,1456,0.03788608154874971
10/3/2020,Westchester,44,38475,5443,688920,967506,1456,0.037842755035737495
10/4/2020,Westchester,40,38515,4438,693358,967506,1457,0.0378294171102168
10/5/2020,Westchester,52,38567,4267,697625,967506,1457,0.037778411595405396
10/6/2020,Westchester,61,38628,5097,702722,967506,1457,0.03771875323599461
10/7/2020,Westchester,66,38694,7634,710356,967506,1458,0.03768026050550473
10/8/2020,Westchester,77,38771,7257,717613,967506,1459,0.037631219210234455
10/9/2020,Westchester,76,38847,7337,724950,967506,1460,0.03758333976883672
10/10/2020,Westchester,47,38894,5815,730765,967506,1461,0.03756363449375225
10/11/2020,Westchester,107,39001,5332,736097,967506,1461,0.037460577933899133
10/12/2020,Westchester,63,39064,4990,741087,967506,1462,0.037425762850706534
10/13/2020,Westchester,54,39118,5661,746748,967506,1462,0.03737409888031085
10/14/2020,Westchester,82,39200,6575,753323,967506,1462,0.03729591836734694
10/15/2020,Westchester,88,39288,7113,760436,967506,1463,0.03723783343514559
10/16/2020,Westchester,110,39398,7386,767822,967506,1465,0.037184628661353365
10/17/2020,Westchester,78,39476,5852,773674,967506,1466,0.03713648799270443
10/18/2020,Westchester,72,39548,4893,778567,967506,1467,0.03709416405380803
10/19/2020,Westchester,68,39616,4171,782738,967506,1469,0.03708097738287561
10/20/2020,Westchester,78,39694,4962,787700,967506,1469,0.03700811205723787
10/21/2020,Westchester,95,39789,7568,795268,967506,1470,0.036944884264495215
10/22/2020,Westchester,101,39890,7241,802509,967506,1470,0.03685134118826774
10/23/2020,Westchester,151,40041,7199,809708,967506,1470,0.036712369820933545
10/24/2020,Westchester,90,40131,5455,815163,967506,1470,0.03663003663003663
10/25/2020,Westchester,71,40202,4502,819665,967506,1471,0.03659021939207004
10/26/2020,Westchester,120,40322,5760,825425,967506,1471,0.036481325331084766
10/27/2020,Westchester,116,40438,6312,831737,967506,1471,0.03637667540432267
10/28/2020,Westchester,116,40554,7381,839118,967506,1471,0.03627262415544706
10/29/2020,Westchester,127,40681,7446,846564,967506,1471,0.03615938644576092
10/30/2020,Westchester,116,40797,6188,852752,967506,1471,0.03605657278721475
10/31/2020,Westchester,149,40946,7355,860107,967506,1471,0.03592536511502955
11/1/2020,Westchester,115,41061,5095,865202,967506,1472,0.03584910255473564
11/2/2020,Westchester,165,41226,6484,871686,967506,1473,0.03572987920244506
11/3/2020,Westchester,134,41360,6358,878044,967506,1473,0.03561411992263056
11/4/2020,Westchester,182,41542,7790,885834,967506,1473,0.03545809060709643
11/5/2020,Westchester,178,41720,7653,893487,967506,1474,0.03533077660594439
11/6/2020,Westchester,234,41954,8184,901671,967506,1475,0.035157553510988225
11/7/2020,Westchester,225,42179,6606,908277,967506,1476,0.034993717252661274
11/8/2020,Westchester,275,42454,6601,914878,967506,1476,0.03476704197484336
11/9/2020,Westchester,242,42696,5528,920406,967506,1479,0.034640247329960655
11/10/2020,Westchester,244,42940,7158,927564,967506,1480,0.034466697717745694
11/11/2020,Westchester,352,43292,8163,935727,967506,1482,0.034232652684098676
11/12/2020,Westchester,364,43656,9137,944864,967506,1482,0.03394722374931281
11/13/2020,Westchester,437,44093,9495,954359,967506,1483,0.03363345655773025
11/14/2020,Westchester,253,44346,6983,961342,967506,1486,0.03350922292878726
3/1/2020,Wyoming,0,0,0,0,39859,0,NaN
3/2/2020,Wyoming,0,0,0,0,39859,0,NaN
3/3/2020,Wyoming,0,0,0,0,39859,0,NaN
3/4/2020,Wyoming,0,0,0,0,39859,0,NaN
3/5/2020,Wyoming,0,0,0,0,39859,0,NaN
3/6/2020,Wyoming,0,0,0,0,39859,0,NaN
3/7/2020,Wyoming,0,0,0,0,39859,0,NaN
3/8/2020,Wyoming,0,0,0,0,39859,0,NaN
3/9/2020,Wyoming,0,0,0,0,39859,0,NaN
3/10/2020,Wyoming,0,0,0,0,39859,0,NaN
3/11/2020,Wyoming,0,0,0,0,39859,0,NaN
3/12/2020,Wyoming,0,0,0,0,39859,0,NaN
3/13/2020,Wyoming,0,0,0,0,39859,0,NaN
3/14/2020,Wyoming,0,0,0,0,39859,0,NaN
3/15/2020,Wyoming,1,1,3,3,39859,0,0
3/16/2020,Wyoming,0,1,0,3,39859,0,0
3/17/2020,Wyoming,0,1,2,5,39859,0,0
3/18/2020,Wyoming,1,2,6,11,39859,0,0
3/19/2020,Wyoming,0,2,3,14,39859,0,0
3/20/2020,Wyoming,0,2,0,14,39859,0,0
3/21/2020,Wyoming,0,2,4,18,39859,0,0
3/22/2020,Wyoming,2,4,11,29,39859,0,0
3/23/2020,Wyoming,0,4,8,37,39859,0,0
3/24/2020,Wyoming,0,4,7,44,39859,0,0
3/25/2020,Wyoming,3,7,9,53,39859,0,0
3/26/2020,Wyoming,0,7,14,67,39859,0,0
3/27/2020,Wyoming,0,7,15,82,39859,1,0.14285714285714285
3/28/2020,Wyoming,1,8,13,95,39859,1,0.125
3/29/2020,Wyoming,0,8,7,102,39859,1,0.125
3/30/2020,Wyoming,1,9,13,115,39859,1,0.1111111111111111
3/31/2020,Wyoming,1,10,10,125,39859,1,0.1
4/1/2020,Wyoming,4,14,12,137,39859,1,0.07142857142857142
4/2/2020,Wyoming,1,15,11,148,39859,1,0.06666666666666667
4/3/2020,Wyoming,3,18,11,159,39859,1,0.05555555555555555
4/4/2020,Wyoming,4,22,16,175,39859,1,0.045454545454545456
4/5/2020,Wyoming,1,23,6,181,39859,1,0.043478260869565216
4/6/2020,Wyoming,0,23,7,188,39859,1,0.043478260869565216
4/7/2020,Wyoming,4,27,18,206,39859,1,0.037037037037037035
4/8/2020,Wyoming,2,29,12,218,39859,1,0.034482758620689655
4/9/2020,Wyoming,1,30,13,231,39859,1,0.03333333333333333
4/10/2020,Wyoming,1,31,12,243,39859,1,0.03225806451612903
4/11/2020,Wyoming,0,31,2,245,39859,1,0.03225806451612903
4/12/2020,Wyoming,0,31,2,247,39859,1,0.03225806451612903
4/13/2020,Wyoming,1,32,21,268,39859,4,0.125
4/14/2020,Wyoming,2,34,9,277,39859,4,0.11764705882352941
4/15/2020,Wyoming,0,34,8,285,39859,4,0.11764705882352941
4/16/2020,Wyoming,1,35,11,296,39859,4,0.11428571428571428
4/17/2020,Wyoming,1,36,6,302,39859,4,0.1111111111111111
4/18/2020,Wyoming,0,36,6,308,39859,4,0.1111111111111111
4/19/2020,Wyoming,0,36,4,312,39859,4,0.1111111111111111
4/20/2020,Wyoming,0,36,6,318,39859,4,0.1111111111111111
4/21/2020,Wyoming,4,40,14,332,39859,4,0.1
4/22/2020,Wyoming,1,41,15,347,39859,4,0.0975609756097561
4/23/2020,Wyoming,2,43,18,365,39859,4,0.09302325581395349
4/24/2020,Wyoming,14,57,117,482,39859,4,0.07017543859649122
4/25/2020,Wyoming,2,59,19,501,39859,4,0.06779661016949153
4/26/2020,Wyoming,4,63,15,516,39859,4,0.06349206349206349
4/27/2020,Wyoming,0,63,9,525,39859,4,0.06349206349206349
4/28/2020,Wyoming,2,65,26,551,39859,4,0.06153846153846154
4/29/2020,Wyoming,2,67,17,568,39859,4,0.05970149253731343
4/30/2020,Wyoming,1,68,16,584,39859,4,0.058823529411764705
5/1/2020,Wyoming,1,69,32,616,39859,4,0.057971014492753624
5/2/2020,Wyoming,0,69,15,631,39859,4,0.057971014492753624
5/3/2020,Wyoming,0,69,16,647,39859,4,0.057971014492753624
5/4/2020,Wyoming,1,70,24,671,39859,4,0.05714285714285714
5/5/2020,Wyoming,0,70,42,713,39859,4,0.05714285714285714
5/6/2020,Wyoming,1,71,22,735,39859,4,0.056338028169014086
5/7/2020,Wyoming,2,73,130,865,39859,4,0.0547945205479452
5/8/2020,Wyoming,2,75,187,1052,39859,4,0.05333333333333334
5/9/2020,Wyoming,2,77,26,1078,39859,4,0.05194805194805195
5/10/2020,Wyoming,0,77,39,1117,39859,4,0.05194805194805195
5/11/2020,Wyoming,0,77,24,1141,39859,4,0.05194805194805195
5/12/2020,Wyoming,0,77,63,1204,39859,4,0.05194805194805195
5/13/2020,Wyoming,0,77,41,1245,39859,4,0.05194805194805195
5/14/2020,Wyoming,0,77,106,1351,39859,4,0.05194805194805195
5/15/2020,Wyoming,1,78,28,1379,39859,4,0.05128205128205128
5/16/2020,Wyoming,0,78,43,1422,39859,4,0.05128205128205128
5/17/2020,Wyoming,1,79,56,1478,39859,4,0.05063291139240506
5/18/2020,Wyoming,0,79,27,1505,39859,4,0.05063291139240506
5/19/2020,Wyoming,0,79,60,1565,39859,4,0.05063291139240506
5/20/2020,Wyoming,0,79,64,1629,39859,4,0.05063291139240506
5/21/2020,Wyoming,0,79,46,1675,39859,4,0.05063291139240506
5/22/2020,Wyoming,1,80,150,1825,39859,4,0.05
5/23/2020,Wyoming,1,81,113,1938,39859,4,0.04938271604938271
5/24/2020,Wyoming,1,82,42,1980,39859,4,0.04878048780487805
5/25/2020,Wyoming,0,82,29,2009,39859,4,0.04878048780487805
5/26/2020,Wyoming,0,82,42,2051,39859,4,0.04878048780487805
5/27/2020,Wyoming,0,82,77,2128,39859,4,0.04878048780487805
5/28/2020,Wyoming,0,82,66,2194,39859,4,0.04878048780487805
5/29/2020,Wyoming,2,84,90,2284,39859,4,0.047619047619047616
5/30/2020,Wyoming,2,86,45,2329,39859,4,0.046511627906976744
5/31/2020,Wyoming,0,86,85,2414,39859,4,0.046511627906976744
6/1/2020,Wyoming,0,86,229,2643,39859,4,0.046511627906976744
6/2/2020,Wyoming,1,87,91,2734,39859,4,0.04597701149425287
6/3/2020,Wyoming,0,87,122,2856,39859,4,0.04597701149425287
6/4/2020,Wyoming,1,88,67,2923,39859,4,0.045454545454545456
6/5/2020,Wyoming,1,89,129,3052,39859,4,0.0449438202247191
6/6/2020,Wyoming,0,89,124,3176,39859,4,0.0449438202247191
6/7/2020,Wyoming,1,90,127,3303,39859,4,0.044444444444444446
6/8/2020,Wyoming,1,91,102,3405,39859,4,0.04395604395604396
6/9/2020,Wyoming,0,91,188,3593,39859,4,0.04395604395604396
6/10/2020,Wyoming,0,91,97,3690,39859,4,0.04395604395604396
6/11/2020,Wyoming,0,91,97,3787,39859,4,0.04395604395604396
6/12/2020,Wyoming,0,91,113,3900,39859,4,0.04395604395604396
6/13/2020,Wyoming,1,92,65,3965,39859,4,0.043478260869565216
6/14/2020,Wyoming,0,92,49,4014,39859,4,0.043478260869565216
6/15/2020,Wyoming,1,93,201,4215,39859,4,0.043010752688172046
6/16/2020,Wyoming,0,93,85,4300,39859,4,0.043010752688172046
6/17/2020,Wyoming,0,93,68,4368,39859,4,0.043010752688172046
6/18/2020,Wyoming,0,93,126,4494,39859,4,0.043010752688172046
6/19/2020,Wyoming,0,93,33,4527,39859,4,0.043010752688172046
6/20/2020,Wyoming,0,93,33,4560,39859,4,0.043010752688172046
6/21/2020,Wyoming,0,93,151,4711,39859,4,0.043010752688172046
6/22/2020,Wyoming,0,93,147,4858,39859,4,0.043010752688172046
6/23/2020,Wyoming,0,93,83,4941,39859,4,0.043010752688172046
6/24/2020,Wyoming,0,93,95,5036,39859,4,0.043010752688172046
6/25/2020,Wyoming,1,94,167,5203,39859,4,0.0425531914893617
6/26/2020,Wyoming,1,95,113,5316,39859,4,0.042105263157894736
6/27/2020,Wyoming,0,95,65,5381,39859,4,0.042105263157894736
6/28/2020,Wyoming,0,95,149,5530,39859,4,0.042105263157894736
6/29/2020,Wyoming,0,95,99,5629,39859,4,0.042105263157894736
6/30/2020,Wyoming,0,95,94,5723,39859,4,0.042105263157894736
7/1/2020,Wyoming,0,95,167,5890,39859,4,0.042105263157894736
7/2/2020,Wyoming,0,95,112,6002,39859,4,0.042105263157894736
7/3/2020,Wyoming,1,96,224,6226,39859,4,0.041666666666666664
7/4/2020,Wyoming,1,97,64,6290,39859,4,0.041237113402061855
7/5/2020,Wyoming,0,97,42,6332,39859,4,0.041237113402061855
7/6/2020,Wyoming,0,97,89,6421,39859,4,0.041237113402061855
7/7/2020,Wyoming,1,98,67,6488,39859,4,0.04081632653061224
7/8/2020,Wyoming,1,99,222,6710,39859,4,0.04040404040404041
7/9/2020,Wyoming,2,101,70,6780,39859,4,0.039603960396039604
7/10/2020,Wyoming,0,101,211,6991,39859,4,0.039603960396039604
7/11/2020,Wyoming,0,101,86,7077,39859,4,0.039603960396039604
7/12/2020,Wyoming,1,102,65,7142,39859,4,0.0392156862745098
7/13/2020,Wyoming,1,103,215,7357,39859,4,0.038834951456310676
7/14/2020,Wyoming,0,103,97,7454,39859,4,0.038834951456310676
7/15/2020,Wyoming,0,103,92,7546,39859,4,0.038834951456310676
7/16/2020,Wyoming,0,103,75,7621,39859,4,0.038834951456310676
7/17/2020,Wyoming,1,104,83,7704,39859,4,0.038461538461538464
7/18/2020,Wyoming,0,104,161,7865,39859,4,0.038461538461538464
7/19/2020,Wyoming,0,104,113,7978,39859,4,0.038461538461538464
7/20/2020,Wyoming,3,107,114,8092,39859,4,0.037383177570093455
7/21/2020,Wyoming,1,108,102,8194,39859,4,0.037037037037037035
7/22/2020,Wyoming,0,108,122,8316,39859,4,0.037037037037037035
7/23/2020,Wyoming,2,110,101,8417,39859,4,0.03636363636363636
7/24/2020,Wyoming,0,110,151,8568,39859,4,0.03636363636363636
7/25/2020,Wyoming,0,110,209,8777,39859,4,0.03636363636363636
7/26/2020,Wyoming,0,110,175,8952,39859,4,0.03636363636363636
7/27/2020,Wyoming,1,111,106,9058,39859,4,0.036036036036036036
7/28/2020,Wyoming,0,111,83,9141,39859,4,0.036036036036036036
7/29/2020,Wyoming,0,111,129,9270,39859,4,0.036036036036036036
7/30/2020,Wyoming,1,112,114,9384,39859,4,0.03571428571428571
7/31/2020,Wyoming,0,112,74,9458,39859,4,0.03571428571428571
8/1/2020,Wyoming,0,112,309,9767,39859,4,0.03571428571428571
8/2/2020,Wyoming,1,113,64,9831,39859,4,0.035398230088495575
8/3/2020,Wyoming,0,113,85,9916,39859,4,0.035398230088495575
8/4/2020,Wyoming,1,114,116,10032,39859,4,0.03508771929824561
8/5/2020,Wyoming,1,115,104,10136,39859,4,0.034782608695652174
8/6/2020,Wyoming,1,116,114,10250,39859,4,0.034482758620689655
8/7/2020,Wyoming,0,116,139,10389,39859,4,0.034482758620689655
8/8/2020,Wyoming,2,118,153,10542,39859,4,0.03389830508474576
8/9/2020,Wyoming,0,118,96,10638,39859,4,0.03389830508474576
8/10/2020,Wyoming,0,118,88,10726,39859,4,0.03389830508474576
8/11/2020,Wyoming,0,118,56,10782,39859,4,0.03389830508474576
8/12/2020,Wyoming,0,118,167,10949,39859,4,0.03389830508474576
8/13/2020,Wyoming,0,118,117,11066,39859,4,0.03389830508474576
8/14/2020,Wyoming,0,118,151,11217,39859,4,0.03389830508474576
8/15/2020,Wyoming,0,118,284,11501,39859,4,0.03389830508474576
8/16/2020,Wyoming,0,118,26,11527,39859,4,0.03389830508474576
8/17/2020,Wyoming,2,120,110,11637,39859,4,0.03333333333333333
8/18/2020,Wyoming,0,120,94,11731,39859,4,0.03333333333333333
8/19/2020,Wyoming,0,120,132,11863,39859,4,0.03333333333333333
8/20/2020,Wyoming,1,121,138,12001,39859,4,0.03305785123966942
8/21/2020,Wyoming,0,121,159,12160,39859,4,0.03305785123966942
8/22/2020,Wyoming,2,123,80,12240,39859,4,0.032520325203252036
8/23/2020,Wyoming,1,124,166,12406,39859,4,0.03225806451612903
8/24/2020,Wyoming,1,125,156,12562,39859,4,0.032
8/25/2020,Wyoming,0,125,128,12690,39859,4,0.032
8/26/2020,Wyoming,0,125,99,12789,39859,4,0.032
8/27/2020,Wyoming,0,125,120,12909,39859,4,0.032
8/28/2020,Wyoming,0,125,237,13146,39859,4,0.032
8/29/2020,Wyoming,1,126,197,13343,39859,4,0.031746031746031744
8/30/2020,Wyoming,0,126,61,13404,39859,4,0.031746031746031744
8/31/2020,Wyoming,0,126,98,13502,39859,4,0.031746031746031744
9/1/2020,Wyoming,0,126,153,13655,39859,4,0.031746031746031744
9/2/2020,Wyoming,0,126,102,13757,39859,4,0.031746031746031744
9/3/2020,Wyoming,0,126,86,13843,39859,4,0.031746031746031744
9/4/2020,Wyoming,0,126,115,13958,39859,4,0.031746031746031744
9/5/2020,Wyoming,0,126,196,14154,39859,4,0.031746031746031744
9/6/2020,Wyoming,1,127,161,14315,39859,4,0.031496062992125984
9/7/2020,Wyoming,0,127,40,14355,39859,4,0.031496062992125984
9/8/2020,Wyoming,0,127,92,14447,39859,4,0.031496062992125984
9/9/2020,Wyoming,0,127,103,14550,39859,4,0.031496062992125984
9/10/2020,Wyoming,0,127,51,14601,39859,4,0.031496062992125984
9/11/2020,Wyoming,1,128,128,14729,39859,4,0.03125
9/12/2020,Wyoming,0,128,76,14805,39859,4,0.03125
9/13/2020,Wyoming,2,130,222,15027,39859,4,0.03076923076923077
9/14/2020,Wyoming,0,130,411,15438,39859,4,0.03076923076923077
9/15/2020,Wyoming,0,130,430,15868,39859,4,0.03076923076923077
9/16/2020,Wyoming,0,130,459,16327,39859,4,0.03076923076923077
9/17/2020,Wyoming,1,131,342,16669,39859,4,0.030534351145038167
9/18/2020,Wyoming,1,132,416,17085,39859,4,0.030303030303030304
9/19/2020,Wyoming,0,132,579,17664,39859,4,0.030303030303030304
9/20/2020,Wyoming,0,132,126,17790,39859,4,0.030303030303030304
9/21/2020,Wyoming,0,132,722,18512,39859,4,0.030303030303030304
9/22/2020,Wyoming,0,132,417,18929,39859,4,0.030303030303030304
9/23/2020,Wyoming,2,134,374,19303,39859,4,0.029850746268656716
9/24/2020,Wyoming,1,135,251,19554,39859,4,0.02962962962962963
9/25/2020,Wyoming,1,136,165,19719,39859,4,0.029411764705882353
9/26/2020,Wyoming,1,137,291,20010,39859,4,0.029197080291970802
9/27/2020,Wyoming,0,137,62,20072,39859,4,0.029197080291970802
9/28/2020,Wyoming,0,137,78,20150,39859,4,0.029197080291970802
9/29/2020,Wyoming,0,137,98,20248,39859,4,0.029197080291970802
9/30/2020,Wyoming,0,137,157,20405,39859,4,0.029197080291970802
10/1/2020,Wyoming,0,137,190,20595,39859,4,0.029197080291970802
10/2/2020,Wyoming,3,140,177,20772,39859,4,0.02857142857142857
10/3/2020,Wyoming,1,141,348,21120,39859,4,0.028368794326241134
10/4/2020,Wyoming,1,142,54,21174,39859,4,0.028169014084507043
10/5/2020,Wyoming,2,144,126,21300,39859,4,0.027777777777777776
10/6/2020,Wyoming,3,147,129,21429,39859,4,0.027210884353741496
10/7/2020,Wyoming,0,147,153,21582,39859,4,0.027210884353741496
10/8/2020,Wyoming,3,150,267,21849,39859,4,0.02666666666666667
10/9/2020,Wyoming,0,150,218,22067,39859,4,0.02666666666666667
10/10/2020,Wyoming,2,152,80,22147,39859,5,0.03289473684210526
10/11/2020,Wyoming,0,152,166,22313,39859,5,0.03289473684210526
10/12/2020,Wyoming,1,153,68,22381,39859,5,0.032679738562091505
10/13/2020,Wyoming,3,156,86,22467,39859,5,0.03205128205128205
10/14/2020,Wyoming,0,156,108,22575,39859,5,0.03205128205128205
10/15/2020,Wyoming,4,160,139,22714,39859,5,0.03125
10/16/2020,Wyoming,3,163,458,23172,39859,5,0.03067484662576687
10/17/2020,Wyoming,3,166,89,23261,39859,5,0.030120481927710843
10/18/2020,Wyoming,1,167,70,23331,39859,5,0.029940119760479042
10/19/2020,Wyoming,0,167,278,23609,39859,5,0.029940119760479042
10/20/2020,Wyoming,5,172,142,23751,39859,5,0.029069767441860465
10/21/2020,Wyoming,2,174,218,23969,39859,5,0.028735632183908046
10/22/2020,Wyoming,3,177,176,24145,39859,5,0.02824858757062147
10/23/2020,Wyoming,2,179,296,24441,39859,5,0.027932960893854747
10/24/2020,Wyoming,3,182,104,24545,39859,5,0.027472527472527472
10/25/2020,Wyoming,3,185,191,24736,39859,5,0.02702702702702703
10/26/2020,Wyoming,1,186,124,24860,39859,5,0.026881720430107527
10/27/2020,Wyoming,2,188,92,24952,39859,5,0.026595744680851064
10/28/2020,Wyoming,4,192,169,25121,39859,5,0.026041666666666668
10/29/2020,Wyoming,4,196,164,25285,39859,5,0.025510204081632654
10/30/2020,Wyoming,3,199,213,25498,39859,5,0.02512562814070352
10/31/2020,Wyoming,4,203,230,25728,39859,5,0.024630541871921183
11/1/2020,Wyoming,2,205,218,25946,39859,5,0.024390243902439025
11/2/2020,Wyoming,11,216,171,26117,39859,5,0.023148148148148147
11/3/2020,Wyoming,3,219,160,26277,39859,5,0.0228310502283105
11/4/2020,Wyoming,7,226,166,26443,39859,5,0.022123893805309734
11/5/2020,Wyoming,4,230,233,26676,39859,5,0.021739130434782608
11/6/2020,Wyoming,13,243,312,26988,39859,5,0.0205761316872428
11/7/2020,Wyoming,3,246,129,27117,39859,5,0.02032520325203252
11/8/2020,Wyoming,4,250,120,27237,39859,5,0.02
11/9/2020,Wyoming,11,261,198,27435,39859,5,0.019157088122605363
11/10/2020,Wyoming,10,271,218,27653,39859,5,0.01845018450184502
11/11/2020,Wyoming,16,287,178,27831,39859,5,0.017421602787456445
11/12/2020,Wyoming,45,332,365,28196,39859,5,0.015060240963855422
11/13/2020,Wyoming,8,340,330,28526,39859,5,0.014705882352941176
11/14/2020,Wyoming,3,343,92,28618,39859,5,0.014577259475218658
3/1/2020,Yates,0,0,0,0,24913,0,NaN
3/2/2020,Yates,0,0,0,0,24913,0,NaN
3/3/2020,Yates,0,0,0,0,24913,0,NaN
3/4/2020,Yates,0,0,0,0,24913,0,NaN
3/5/2020,Yates,0,0,0,0,24913,0,NaN
3/6/2020,Yates,0,0,0,0,24913,0,NaN
3/7/2020,Yates,0,0,0,0,24913,0,NaN
3/8/2020,Yates,0,0,0,0,24913,0,NaN
3/9/2020,Yates,0,0,0,0,24913,0,NaN
3/10/2020,Yates,0,0,0,0,24913,0,NaN
3/11/2020,Yates,0,0,0,0,24913,0,NaN
3/12/2020,Yates,0,0,0,0,24913,0,NaN
3/13/2020,Yates,0,0,1,1,24913,0,NaN
3/14/2020,Yates,0,0,2,3,24913,0,NaN
3/15/2020,Yates,0,0,1,4,24913,0,NaN
3/16/2020,Yates,0,0,0,4,24913,0,NaN
3/17/2020,Yates,0,0,0,4,24913,0,NaN
3/18/2020,Yates,0,0,3,7,24913,0,NaN
3/19/2020,Yates,0,0,1,8,24913,0,NaN
3/20/2020,Yates,0,0,2,10,24913,0,NaN
3/21/2020,Yates,0,0,3,13,24913,0,NaN
3/22/2020,Yates,0,0,3,16,24913,0,NaN
3/23/2020,Yates,0,0,3,19,24913,0,NaN
3/24/2020,Yates,0,0,3,22,24913,0,NaN
3/25/2020,Yates,0,0,1,23,24913,0,NaN
3/26/2020,Yates,0,0,2,25,24913,0,NaN
3/27/2020,Yates,0,0,10,35,24913,0,NaN
3/28/2020,Yates,0,0,7,42,24913,0,NaN
3/29/2020,Yates,0,0,2,44,24913,0,NaN
3/30/2020,Yates,0,0,3,47,24913,0,NaN
3/31/2020,Yates,0,0,7,54,24913,0,NaN
4/1/2020,Yates,1,1,8,62,24913,0,0
4/2/2020,Yates,0,1,7,69,24913,0,0
4/3/2020,Yates,0,1,3,72,24913,0,0
4/4/2020,Yates,0,1,6,78,24913,0,0
4/5/2020,Yates,0,1,2,80,24913,0,0
4/6/2020,Yates,0,1,3,83,24913,0,0
4/7/2020,Yates,0,1,5,88,24913,0,0
4/8/2020,Yates,0,1,7,95,24913,0,0
4/9/2020,Yates,1,2,3,98,24913,0,0
4/10/2020,Yates,0,2,5,103,24913,0,0
4/11/2020,Yates,1,3,6,109,24913,0,0
4/12/2020,Yates,1,4,4,113,24913,0,0
4/13/2020,Yates,2,6,5,118,24913,0,0
4/14/2020,Yates,0,6,5,123,24913,0,0
4/15/2020,Yates,1,7,2,125,24913,0,0
4/16/2020,Yates,1,8,10,135,24913,0,0
4/17/2020,Yates,1,9,28,163,24913,0,0
4/18/2020,Yates,0,9,2,165,24913,0,0
4/19/2020,Yates,1,10,13,178,24913,0,0
4/20/2020,Yates,0,10,1,179,24913,0,0
4/21/2020,Yates,1,11,1,180,24913,0,0
4/22/2020,Yates,0,11,8,188,24913,1,0.09090909090909091
4/23/2020,Yates,0,11,5,193,24913,1,0.09090909090909091
4/24/2020,Yates,5,16,41,234,24913,1,0.0625
4/25/2020,Yates,1,17,4,238,24913,1,0.058823529411764705
4/26/2020,Yates,0,17,3,241,24913,1,0.058823529411764705
4/27/2020,Yates,0,17,3,244,24913,1,0.058823529411764705
4/28/2020,Yates,0,17,8,252,24913,1,0.058823529411764705
4/29/2020,Yates,1,18,10,262,24913,1,0.05555555555555555
4/30/2020,Yates,0,18,12,274,24913,1,0.05555555555555555
5/1/2020,Yates,0,18,13,287,24913,1,0.05555555555555555
5/2/2020,Yates,1,19,23,310,24913,1,0.05263157894736842
5/3/2020,Yates,0,19,9,319,24913,1,0.05263157894736842
5/4/2020,Yates,0,19,7,326,24913,1,0.05263157894736842
5/5/2020,Yates,0,19,13,339,24913,2,0.10526315789473684
5/6/2020,Yates,0,19,13,352,24913,3,0.15789473684210525
5/7/2020,Yates,1,20,12,364,24913,3,0.15
5/8/2020,Yates,0,20,24,388,24913,3,0.15
5/9/2020,Yates,1,21,27,415,24913,3,0.14285714285714285
5/10/2020,Yates,0,21,15,430,24913,3,0.14285714285714285
5/11/2020,Yates,0,21,15,445,24913,4,0.19047619047619047
5/12/2020,Yates,1,22,23,468,24913,4,0.18181818181818182
5/13/2020,Yates,0,22,51,519,24913,4,0.18181818181818182
5/14/2020,Yates,0,22,16,535,24913,4,0.18181818181818182
5/15/2020,Yates,0,22,15,550,24913,4,0.18181818181818182
5/16/2020,Yates,1,23,14,564,24913,5,0.21739130434782608
5/17/2020,Yates,2,25,22,586,24913,5,0.2
5/18/2020,Yates,1,26,25,611,24913,5,0.19230769230769232
5/19/2020,Yates,8,34,67,678,24913,5,0.14705882352941177
5/20/2020,Yates,0,34,62,740,24913,5,0.14705882352941177
5/21/2020,Yates,0,34,107,847,24913,6,0.17647058823529413
5/22/2020,Yates,3,37,22,869,24913,6,0.16216216216216217
5/23/2020,Yates,0,37,58,927,24913,6,0.16216216216216217
5/24/2020,Yates,0,37,28,955,24913,6,0.16216216216216217
5/25/2020,Yates,0,37,67,1022,24913,6,0.16216216216216217
5/26/2020,Yates,2,39,28,1050,24913,6,0.15384615384615385
5/27/2020,Yates,0,39,50,1100,24913,6,0.15384615384615385
5/28/2020,Yates,0,39,130,1230,24913,6,0.15384615384615385
5/29/2020,Yates,0,39,31,1261,24913,6,0.15384615384615385
5/30/2020,Yates,0,39,87,1348,24913,6,0.15384615384615385
5/31/2020,Yates,0,39,77,1425,24913,6,0.15384615384615385
6/1/2020,Yates,0,39,48,1473,24913,6,0.15384615384615385
6/2/2020,Yates,0,39,108,1581,24913,6,0.15384615384615385
6/3/2020,Yates,0,39,78,1659,24913,6,0.15384615384615385
6/4/2020,Yates,0,39,113,1772,24913,6,0.15384615384615385
6/5/2020,Yates,0,39,109,1881,24913,6,0.15384615384615385
6/6/2020,Yates,0,39,73,1954,24913,6,0.15384615384615385
6/7/2020,Yates,0,39,110,2064,24913,6,0.15384615384615385
6/8/2020,Yates,0,39,30,2094,24913,6,0.15384615384615385
6/9/2020,Yates,0,39,64,2158,24913,6,0.15384615384615385
6/10/2020,Yates,0,39,99,2257,24913,6,0.15384615384615385
6/11/2020,Yates,0,39,103,2360,24913,6,0.15384615384615385
6/12/2020,Yates,0,39,52,2412,24913,6,0.15384615384615385
6/13/2020,Yates,1,40,64,2476,24913,6,0.15
6/14/2020,Yates,0,40,89,2565,24913,6,0.15
6/15/2020,Yates,0,40,98,2663,24913,6,0.15
6/16/2020,Yates,0,40,58,2721,24913,6,0.15
6/17/2020,Yates,0,40,53,2774,24913,6,0.15
6/18/2020,Yates,0,40,74,2848,24913,6,0.15
6/19/2020,Yates,1,41,49,2897,24913,6,0.14634146341463414
6/20/2020,Yates,0,41,70,2967,24913,6,0.14634146341463414
6/21/2020,Yates,1,42,72,3039,24913,6,0.14285714285714285
6/22/2020,Yates,1,43,43,3082,24913,6,0.13953488372093023
6/23/2020,Yates,1,44,44,3126,24913,6,0.13636363636363635
6/24/2020,Yates,0,44,41,3167,24913,6,0.13636363636363635
6/25/2020,Yates,1,45,61,3228,24913,6,0.13333333333333333
6/26/2020,Yates,0,45,56,3284,24913,6,0.13333333333333333
6/27/2020,Yates,0,45,63,3347,24913,6,0.13333333333333333
6/28/2020,Yates,1,46,133,3480,24913,6,0.13043478260869565
6/29/2020,Yates,0,46,55,3535,24913,6,0.13043478260869565
6/30/2020,Yates,0,46,53,3588,24913,6,0.13043478260869565
7/1/2020,Yates,0,46,28,3616,24913,6,0.13043478260869565
7/2/2020,Yates,0,46,67,3683,24913,6,0.13043478260869565
7/3/2020,Yates,2,48,84,3767,24913,6,0.125
7/4/2020,Yates,0,48,45,3812,24913,6,0.125
7/5/2020,Yates,0,48,33,3845,24913,6,0.125
7/6/2020,Yates,0,48,59,3904,24913,6,0.125
7/7/2020,Yates,0,48,73,3977,24913,6,0.125
7/8/2020,Yates,0,48,87,4064,24913,6,0.125
7/9/2020,Yates,0,48,65,4129,24913,6,0.125
7/10/2020,Yates,0,48,59,4188,24913,6,0.125
7/11/2020,Yates,0,48,44,4232,24913,6,0.125
7/12/2020,Yates,0,48,46,4278,24913,6,0.125
7/13/2020,Yates,1,49,54,4332,24913,6,0.12244897959183673
7/14/2020,Yates,1,50,55,4387,24913,6,0.12
7/15/2020,Yates,0,50,84,4471,24913,6,0.12
7/16/2020,Yates,1,51,89,4560,24913,6,0.11764705882352941
7/17/2020,Yates,0,51,104,4664,24913,6,0.11764705882352941
7/18/2020,Yates,0,51,33,4697,24913,6,0.11764705882352941
7/19/2020,Yates,0,51,46,4743,24913,6,0.11764705882352941
7/20/2020,Yates,0,51,109,4852,24913,6,0.11764705882352941
7/21/2020,Yates,0,51,53,4905,24913,6,0.11764705882352941
7/22/2020,Yates,0,51,115,5020,24913,6,0.11764705882352941
7/23/2020,Yates,0,51,41,5061,24913,6,0.11764705882352941
7/24/2020,Yates,0,51,79,5140,24913,6,0.11764705882352941
7/25/2020,Yates,0,51,120,5260,24913,6,0.11764705882352941
7/26/2020,Yates,1,52,67,5327,24913,6,0.11538461538461539
7/27/2020,Yates,0,52,55,5382,24913,6,0.11538461538461539
7/28/2020,Yates,0,52,47,5429,24913,6,0.11538461538461539
7/29/2020,Yates,0,52,39,5468,24913,6,0.11538461538461539
7/30/2020,Yates,1,53,90,5558,24913,6,0.11320754716981132
7/31/2020,Yates,2,55,58,5616,24913,6,0.10909090909090909
8/1/2020,Yates,0,55,86,5702,24913,6,0.10909090909090909
8/2/2020,Yates,0,55,51,5753,24913,6,0.10909090909090909
8/3/2020,Yates,1,56,65,5818,24913,6,0.10714285714285714
8/4/2020,Yates,0,56,49,5867,24913,6,0.10714285714285714
8/5/2020,Yates,0,56,75,5942,24913,6,0.10714285714285714
8/6/2020,Yates,0,56,50,5992,24913,6,0.10714285714285714
8/7/2020,Yates,0,56,122,6114,24913,6,0.10714285714285714
8/8/2020,Yates,1,57,64,6178,24913,6,0.10526315789473684
8/9/2020,Yates,0,57,37,6215,24913,6,0.10526315789473684
8/10/2020,Yates,0,57,49,6264,24913,6,0.10526315789473684
8/11/2020,Yates,0,57,133,6397,24913,6,0.10526315789473684
8/12/2020,Yates,1,58,94,6491,24913,6,0.10344827586206896
8/13/2020,Yates,0,58,58,6549,24913,6,0.10344827586206896
8/14/2020,Yates,1,59,55,6604,24913,6,0.1016949152542373
8/15/2020,Yates,0,59,82,6686,24913,6,0.1016949152542373
8/16/2020,Yates,0,59,59,6745,24913,6,0.1016949152542373
8/17/2020,Yates,0,59,70,6815,24913,6,0.1016949152542373
8/18/2020,Yates,0,59,51,6866,24913,6,0.1016949152542373
8/19/2020,Yates,0,59,64,6930,24913,6,0.1016949152542373
8/20/2020,Yates,0,59,96,7026,24913,6,0.1016949152542373
8/21/2020,Yates,0,59,61,7087,24913,6,0.1016949152542373
8/22/2020,Yates,1,60,90,7177,24913,6,0.1
8/23/2020,Yates,0,60,27,7204,24913,6,0.1
8/24/2020,Yates,0,60,35,7239,24913,6,0.1
8/25/2020,Yates,0,60,78,7317,24913,6,0.1
8/26/2020,Yates,0,60,47,7364,24913,6,0.1
8/27/2020,Yates,0,60,94,7458,24913,6,0.1
8/28/2020,Yates,1,61,65,7523,24913,6,0.09836065573770492
8/29/2020,Yates,0,61,100,7623,24913,6,0.09836065573770492
8/30/2020,Yates,1,62,80,7703,24913,6,0.0967741935483871
8/31/2020,Yates,0,62,32,7735,24913,6,0.0967741935483871
9/1/2020,Yates,0,62,47,7782,24913,6,0.0967741935483871
9/2/2020,Yates,0,62,69,7851,24913,6,0.0967741935483871
9/3/2020,Yates,0,62,86,7937,24913,6,0.0967741935483871
9/4/2020,Yates,0,62,56,7993,24913,6,0.0967741935483871
9/5/2020,Yates,0,62,87,8080,24913,6,0.0967741935483871
9/6/2020,Yates,0,62,60,8140,24913,6,0.0967741935483871
9/7/2020,Yates,0,62,37,8177,24913,6,0.0967741935483871
9/8/2020,Yates,0,62,34,8211,24913,6,0.0967741935483871
9/9/2020,Yates,0,62,35,8246,24913,6,0.0967741935483871
9/10/2020,Yates,0,62,85,8331,24913,6,0.0967741935483871
9/11/2020,Yates,0,62,97,8428,24913,6,0.0967741935483871
9/12/2020,Yates,0,62,74,8502,24913,6,0.0967741935483871
9/13/2020,Yates,0,62,113,8615,24913,6,0.0967741935483871
9/14/2020,Yates,0,62,40,8655,24913,6,0.0967741935483871
9/15/2020,Yates,0,62,50,8705,24913,6,0.0967741935483871
9/16/2020,Yates,0,62,94,8799,24913,6,0.0967741935483871
9/17/2020,Yates,0,62,91,8890,24913,6,0.0967741935483871
9/18/2020,Yates,0,62,71,8961,24913,6,0.0967741935483871
9/19/2020,Yates,0,62,179,9140,24913,6,0.0967741935483871
9/20/2020,Yates,0,62,71,9211,24913,6,0.0967741935483871
9/21/2020,Yates,0,62,43,9254,24913,6,0.0967741935483871
9/22/2020,Yates,0,62,72,9326,24913,6,0.0967741935483871
9/23/2020,Yates,0,62,63,9389,24913,6,0.0967741935483871
9/24/2020,Yates,0,62,92,9481,24913,6,0.0967741935483871
9/25/2020,Yates,0,62,77,9558,24913,6,0.0967741935483871
9/26/2020,Yates,2,64,124,9682,24913,6,0.09375
9/27/2020,Yates,0,64,103,9785,24913,6,0.09375
9/28/2020,Yates,0,64,45,9830,24913,6,0.09375
9/29/2020,Yates,0,64,63,9893,24913,6,0.09375
9/30/2020,Yates,0,64,87,9980,24913,6,0.09375
10/1/2020,Yates,1,65,86,10066,24913,6,0.09230769230769231
10/2/2020,Yates,0,65,101,10167,24913,6,0.09230769230769231
10/3/2020,Yates,1,66,132,10299,24913,6,0.09090909090909091
10/4/2020,Yates,0,66,66,10365,24913,6,0.09090909090909091
10/5/2020,Yates,1,67,78,10443,24913,6,0.08955223880597014
10/6/2020,Yates,0,67,66,10509,24913,6,0.08955223880597014
10/7/2020,Yates,0,67,101,10610,24913,6,0.08955223880597014
10/8/2020,Yates,3,70,112,10722,24913,6,0.08571428571428572
10/9/2020,Yates,1,71,111,10833,24913,6,0.08450704225352113
10/10/2020,Yates,0,71,117,10950,24913,6,0.08450704225352113
10/11/2020,Yates,1,72,93,11043,24913,6,0.08333333333333333
10/12/2020,Yates,5,77,52,11095,24913,6,0.07792207792207792
10/13/2020,Yates,0,77,60,11155,24913,6,0.07792207792207792
10/14/2020,Yates,1,78,107,11262,24913,6,0.07692307692307693
10/15/2020,Yates,3,81,205,11467,24913,6,0.07407407407407407
10/16/2020,Yates,3,84,106,11573,24913,6,0.07142857142857142
10/17/2020,Yates,4,88,111,11684,24913,6,0.06818181818181818
10/18/2020,Yates,6,94,99,11783,24913,6,0.06382978723404255
10/19/2020,Yates,4,98,52,11835,24913,6,0.061224489795918366
10/20/2020,Yates,1,99,133,11968,24913,6,0.06060606060606061
10/21/2020,Yates,3,102,110,12078,24913,6,0.058823529411764705
10/22/2020,Yates,5,107,107,12185,24913,6,0.056074766355140186
10/23/2020,Yates,4,111,119,12304,24913,6,0.05405405405405406
10/24/2020,Yates,1,112,109,12413,24913,6,0.05357142857142857
10/25/2020,Yates,3,115,69,12482,24913,6,0.05217391304347826
10/26/2020,Yates,6,121,109,12591,24913,6,0.049586776859504134
10/27/2020,Yates,2,123,47,12638,24913,6,0.04878048780487805
10/28/2020,Yates,3,126,209,12847,24913,6,0.047619047619047616
10/29/2020,Yates,2,128,133,12980,24913,6,0.046875
10/30/2020,Yates,4,132,89,13069,24913,6,0.045454545454545456
10/31/2020,Yates,2,134,92,13161,24913,6,0.04477611940298507
11/1/2020,Yates,3,137,124,13285,24913,6,0.043795620437956206
11/2/2020,Yates,8,145,78,13363,24913,6,0.041379310344827586
11/3/2020,Yates,2,147,51,13414,24913,6,0.04081632653061224
11/4/2020,Yates,6,153,99,13513,24913,6,0.0392156862745098
11/5/2020,Yates,3,156,82,13595,24913,6,0.038461538461538464
11/6/2020,Yates,5,161,117,13712,24913,6,0.037267080745341616
11/7/2020,Yates,2,163,145,13857,24913,6,0.03680981595092025
11/8/2020,Yates,8,171,88,13945,24913,6,0.03508771929824561
11/9/2020,Yates,5,176,80,14025,24913,6,0.03409090909090909
11/10/2020,Yates,2,178,51,14076,24913,6,0.033707865168539325
11/11/2020,Yates,4,182,72,14148,24913,6,0.03296703296703297
11/12/2020,Yates,8,190,138,14286,24913,6,0.031578947368421054
11/13/2020,Yates,11,201,101,14387,24913,6,0.029850746268656716
11/14/2020,Yates,5,206,85,14472,24913,6,0.02912621359223301
