Test Date,County,New Positives,Cumulative Number of Positives,Total Number of Tests Performed,Cumulative Number of Tests Performed
3/1/2020,Albany,0,0,0,0
3/2/2020,Albany,0,0,0,0
3/3/2020,Albany,0,0,0,0
3/4/2020,Albany,0,0,0,0
3/5/2020,Albany,0,0,3,3
3/6/2020,Albany,0,0,0,3
3/7/2020,Albany,0,0,5,8
3/8/2020,Albany,0,0,2,10
3/9/2020,Albany,0,0,3,13
3/10/2020,Albany,0,0,2,15
3/11/2020,Albany,0,0,13,28
3/12/2020,Albany,1,1,11,39
3/13/2020,Albany,2,3,26,65
3/14/2020,Albany,3,6,108,173
3/15/2020,Albany,6,12,108,281
3/16/2020,Albany,11,23,140,421
3/17/2020,Albany,13,36,267,688
3/18/2020,Albany,7,43,331,1019
3/19/2020,Albany,18,61,450,1469
3/20/2020,Albany,27,88,499,1968
3/21/2020,Albany,35,123,577,2545
3/22/2020,Albany,4,127,197,2742
3/23/2020,Albany,19,146,144,2886
3/24/2020,Albany,6,152,198,3084
3/25/2020,Albany,19,171,93,3177
3/26/2020,Albany,16,187,112,3289
3/27/2020,Albany,8,195,101,3390
3/28/2020,Albany,10,205,73,3463
3/29/2020,Albany,12,217,61,3524
3/30/2020,Albany,9,226,72,3596
3/31/2020,Albany,14,240,108,3704
4/1/2020,Albany,13,253,106,3810
4/2/2020,Albany,14,267,105,3915
4/3/2020,Albany,26,293,123,4038
4/4/2020,Albany,12,305,117,4155
4/5/2020,Albany,14,319,89,4244
4/6/2020,Albany,14,333,86,4330
4/7/2020,Albany,9,342,74,4404
4/8/2020,Albany,37,379,229,4633
4/9/2020,Albany,47,426,332,4965
4/10/2020,Albany,20,446,159,5124
4/11/2020,Albany,32,478,223,5347
4/12/2020,Albany,21,499,193,5540
4/13/2020,Albany,36,535,216,5756
4/14/2020,Albany,13,548,106,5862
4/15/2020,Albany,33,581,301,6163
4/16/2020,Albany,38,619,273,6436
4/17/2020,Albany,29,648,291,6727
4/18/2020,Albany,34,682,305,7032
4/19/2020,Albany,5,687,103,7135
4/20/2020,Albany,17,704,164,7299
4/21/2020,Albany,33,737,236,7535
4/22/2020,Albany,21,758,178,7713
4/23/2020,Albany,47,805,319,8032
4/24/2020,Albany,94,899,626,8658
4/25/2020,Albany,49,948,402,9060
4/26/2020,Albany,31,979,263,9323
4/27/2020,Albany,30,1009,197,9520
4/28/2020,Albany,58,1067,351,9871
4/29/2020,Albany,98,1165,439,10310
4/30/2020,Albany,39,1204,378,10688
5/1/2020,Albany,34,1238,434,11122
5/2/2020,Albany,20,1258,441,11563
5/3/2020,Albany,29,1287,391,11954
5/4/2020,Albany,7,1294,130,12084
5/5/2020,Albany,27,1321,367,12451
5/6/2020,Albany,27,1348,407,12858
5/7/2020,Albany,36,1384,385,13243
5/8/2020,Albany,32,1416,488,13731
5/9/2020,Albany,16,1432,455,14186
5/10/2020,Albany,24,1456,384,14570
5/11/2020,Albany,23,1479,341,14911
5/12/2020,Albany,15,1494,335,15246
5/13/2020,Albany,15,1509,546,15792
5/14/2020,Albany,29,1538,541,16333
5/15/2020,Albany,34,1572,482,16815
5/16/2020,Albany,7,1579,411,17226
5/17/2020,Albany,31,1610,342,17568
5/18/2020,Albany,45,1655,398,17966
5/19/2020,Albany,27,1682,697,18663
5/20/2020,Albany,18,1700,650,19313
5/21/2020,Albany,56,1756,920,20233
5/22/2020,Albany,14,1770,655,20888
5/23/2020,Albany,12,1782,438,21326
5/24/2020,Albany,9,1791,378,21704
5/25/2020,Albany,2,1793,328,22032
5/26/2020,Albany,3,1796,369,22401
5/27/2020,Albany,18,1814,666,23067
5/28/2020,Albany,20,1834,416,23483
5/29/2020,Albany,9,1843,521,24004
5/30/2020,Albany,17,1860,760,24764
5/31/2020,Albany,22,1882,537,25301
6/1/2020,Albany,18,1900,618,25919
6/2/2020,Albany,20,1920,1170,27089
6/3/2020,Albany,10,1930,817,27906
6/4/2020,Albany,11,1941,1179,29085
6/5/2020,Albany,12,1953,1164,30249
6/6/2020,Albany,8,1961,751,31000
6/7/2020,Albany,17,1978,1194,32194
6/8/2020,Albany,5,1983,616,32810
6/9/2020,Albany,3,1986,569,33379
6/10/2020,Albany,10,1996,774,34153
6/11/2020,Albany,11,2007,1103,35256
6/12/2020,Albany,9,2016,739,35995
6/13/2020,Albany,4,2020,874,36869
6/14/2020,Albany,2,2022,496,37365
6/15/2020,Albany,4,2026,577,37942
6/16/2020,Albany,3,2029,592,38534
6/17/2020,Albany,5,2034,843,39377
6/18/2020,Albany,15,2049,1070,40447
6/19/2020,Albany,4,2053,610,41057
6/20/2020,Albany,1,2054,784,41841
6/21/2020,Albany,6,2060,931,42772
6/22/2020,Albany,2,2062,427,43199
6/23/2020,Albany,3,2065,586,43785
6/24/2020,Albany,11,2076,1325,45110
6/25/2020,Albany,8,2084,630,45740
6/26/2020,Albany,7,2091,799,46539
6/27/2020,Albany,6,2097,762,47301
6/28/2020,Albany,2,2099,514,47815
6/29/2020,Albany,3,2102,543,48358
6/30/2020,Albany,10,2112,731,49089
7/1/2020,Albany,13,2125,928,50017
7/2/2020,Albany,5,2130,805,50822
7/3/2020,Albany,15,2145,970,51792
7/4/2020,Albany,7,2152,1098,52890
7/5/2020,Albany,8,2160,626,53516
7/6/2020,Albany,4,2164,421,53937
7/7/2020,Albany,11,2175,1020,54957
7/8/2020,Albany,8,2183,1260,56217
7/9/2020,Albany,7,2190,625,56842
7/10/2020,Albany,18,2208,1252,58094
7/11/2020,Albany,11,2219,815,58909
7/12/2020,Albany,6,2225,594,59503
7/13/2020,Albany,22,2247,1139,60642
7/14/2020,Albany,33,2280,860,61502
7/15/2020,Albany,10,2290,1065,62567
7/16/2020,Albany,20,2310,1098,63665
7/17/2020,Albany,5,2315,816,64481
7/18/2020,Albany,3,2318,335,64816
7/19/2020,Albany,4,2322,877,65693
7/20/2020,Albany,29,2351,1354,67047
7/21/2020,Albany,18,2369,981,68028
7/22/2020,Albany,32,2401,975,69003
7/23/2020,Albany,25,2426,896,69899
7/24/2020,Albany,12,2438,632,70531
7/25/2020,Albany,13,2451,817,71348
7/26/2020,Albany,2,2453,820,72168
7/27/2020,Albany,15,2468,929,73097
7/28/2020,Albany,12,2480,843,73940
7/29/2020,Albany,13,2493,763,74703
7/30/2020,Albany,10,2503,745,75448
7/31/2020,Albany,12,2515,1055,76503
8/1/2020,Albany,6,2521,463,76966
8/2/2020,Albany,10,2531,529,77495
8/3/2020,Albany,12,2543,770,78265
8/4/2020,Albany,13,2556,1218,79483
8/5/2020,Albany,9,2565,800,80283
8/6/2020,Albany,8,2573,757,81040
8/7/2020,Albany,8,2581,946,81986
8/8/2020,Albany,14,2595,903,82889
8/9/2020,Albany,5,2600,739,83628
8/10/2020,Albany,14,2614,1127,84755
8/11/2020,Albany,10,2624,1451,86206
8/12/2020,Albany,12,2636,1052,87258
8/13/2020,Albany,3,2639,1173,88431
8/14/2020,Albany,4,2643,1109,89540
8/15/2020,Albany,11,2654,1142,90682
8/16/2020,Albany,3,2657,700,91382
8/17/2020,Albany,4,2661,991,92373
8/18/2020,Albany,14,2675,1197,93570
8/19/2020,Albany,9,2684,1750,95320
8/20/2020,Albany,7,2691,1443,96763
8/21/2020,Albany,2,2693,1336,98099
8/22/2020,Albany,6,2699,1263,99362
8/23/2020,Albany,2,2701,490,99852
8/24/2020,Albany,10,2711,972,100824
8/25/2020,Albany,7,2718,1042,101866
8/26/2020,Albany,18,2736,1266,103132
8/27/2020,Albany,10,2746,1264,104396
8/28/2020,Albany,8,2754,1183,105579
8/29/2020,Albany,10,2764,1519,107098
8/30/2020,Albany,6,2770,594,107692
8/31/2020,Albany,16,2786,841,108533
9/1/2020,Albany,5,2791,1116,109649
9/2/2020,Albany,11,2802,1655,111304
9/3/2020,Albany,17,2819,899,112203
9/4/2020,Albany,4,2823,996,113199
9/5/2020,Albany,8,2831,824,114023
9/6/2020,Albany,2,2833,727,114750
9/7/2020,Albany,7,2840,665,115415
9/8/2020,Albany,6,2846,499,115914
9/9/2020,Albany,13,2859,724,116638
9/10/2020,Albany,23,2882,1326,117964
9/11/2020,Albany,14,2896,1386,119350
9/12/2020,Albany,19,2915,844,120194
9/13/2020,Albany,6,2921,555,120749
9/14/2020,Albany,15,2936,797,121546
9/15/2020,Albany,12,2948,997,122543
9/16/2020,Albany,21,2969,1084,123627
9/17/2020,Albany,10,2979,1229,124856
9/18/2020,Albany,27,3006,1322,126178
9/19/2020,Albany,10,3016,1147,127325
9/20/2020,Albany,8,3024,669,127994
9/21/2020,Albany,13,3037,776,128770
9/22/2020,Albany,6,3043,869,129639
9/23/2020,Albany,10,3053,1519,131158
9/24/2020,Albany,10,3063,1348,132506
9/25/2020,Albany,19,3082,1202,133708
9/26/2020,Albany,13,3095,1091,134799
9/27/2020,Albany,9,3104,789,135588
9/28/2020,Albany,12,3116,939,136527
9/29/2020,Albany,4,3120,925,137452
9/30/2020,Albany,13,3133,1496,138948
10/1/2020,Albany,20,3153,1343,140291
10/2/2020,Albany,22,3175,1783,142074
10/3/2020,Albany,15,3190,1052,143126
10/4/2020,Albany,11,3201,833,143959
10/5/2020,Albany,17,3218,1061,145020
10/6/2020,Albany,15,3233,1328,146348
10/7/2020,Albany,18,3251,2089,148437
10/8/2020,Albany,17,3268,2240,150677
10/9/2020,Albany,12,3280,2225,152902
10/10/2020,Albany,13,3293,1823,154725
10/11/2020,Albany,11,3304,819,155544
10/12/2020,Albany,20,3324,1393,156937
10/13/2020,Albany,19,3343,1278,158215
10/14/2020,Albany,26,3369,1823,160038
10/15/2020,Albany,14,3383,3007,163045
10/16/2020,Albany,15,3398,1318,164363
10/17/2020,Albany,18,3416,1354,165717
10/18/2020,Albany,11,3427,769,166486
10/19/2020,Albany,9,3436,997,167483
10/20/2020,Albany,24,3460,1466,168949
10/21/2020,Albany,28,3488,1454,170403
10/22/2020,Albany,28,3516,1856,172259
10/23/2020,Albany,33,3549,2694,174953
10/24/2020,Albany,28,3577,1148,176101
10/25/2020,Albany,13,3590,809,176910
10/26/2020,Albany,23,3613,1212,178122
10/27/2020,Albany,14,3627,1082,179204
10/28/2020,Albany,33,3660,2240,181444
10/29/2020,Albany,45,3705,2037,183481
10/30/2020,Albany,19,3724,1581,185062
10/31/2020,Albany,26,3750,1578,186640
11/1/2020,Albany,21,3771,905,187545
11/2/2020,Albany,31,3802,1432,188977
11/3/2020,Albany,43,3845,1169,190146
11/4/2020,Albany,32,3877,2982,193128
11/5/2020,Albany,65,3942,3059,196187
11/6/2020,Albany,82,4024,2976,199163
11/7/2020,Albany,25,4049,2845,202008
11/8/2020,Albany,46,4095,976,202984
11/9/2020,Albany,97,4192,1767,204751
11/10/2020,Albany,60,4252,4990,209741
11/11/2020,Albany,84,4336,2714,212455
11/12/2020,Albany,89,4425,3923,216378
11/13/2020,Albany,89,4514,3012,219390
11/14/2020,Albany,15,4529,1000,220390
3/1/2020,Allegany,0,0,0,0
3/2/2020,Allegany,0,0,0,0
3/3/2020,Allegany,0,0,0,0
3/4/2020,Allegany,0,0,0,0
3/5/2020,Allegany,0,0,0,0
3/6/2020,Allegany,0,0,0,0
3/7/2020,Allegany,0,0,0,0
3/8/2020,Allegany,0,0,0,0
3/9/2020,Allegany,0,0,0,0
3/10/2020,Allegany,0,0,0,0
3/11/2020,Allegany,0,0,4,4
3/12/2020,Allegany,0,0,1,5
3/13/2020,Allegany,0,0,0,5
3/14/2020,Allegany,0,0,1,6
3/15/2020,Allegany,2,2,5,11
3/16/2020,Allegany,0,2,1,12
3/17/2020,Allegany,0,2,0,12
3/18/2020,Allegany,0,2,3,15
3/19/2020,Allegany,0,2,2,17
3/20/2020,Allegany,0,2,10,27
3/21/2020,Allegany,0,2,10,37
3/22/2020,Allegany,0,2,39,76
3/23/2020,Allegany,0,2,2,78
3/24/2020,Allegany,0,2,5,83
3/25/2020,Allegany,0,2,6,89
3/26/2020,Allegany,0,2,9,98
3/27/2020,Allegany,0,2,4,102
3/28/2020,Allegany,4,6,12,114
3/29/2020,Allegany,1,7,7,121
3/30/2020,Allegany,0,7,4,125
3/31/2020,Allegany,2,9,10,135
4/1/2020,Allegany,3,12,14,149
4/2/2020,Allegany,2,14,18,167
4/3/2020,Allegany,2,16,13,180
4/4/2020,Allegany,0,16,8,188
4/5/2020,Allegany,1,17,8,196
4/6/2020,Allegany,0,17,3,199
4/7/2020,Allegany,4,21,16,215
4/8/2020,Allegany,1,22,12,227
4/9/2020,Allegany,4,26,21,248
4/10/2020,Allegany,0,26,16,264
4/11/2020,Allegany,0,26,11,275
4/12/2020,Allegany,0,26,5,280
4/13/2020,Allegany,2,28,14,294
4/14/2020,Allegany,0,28,10,304
4/15/2020,Allegany,0,28,8,312
4/16/2020,Allegany,1,29,21,333
4/17/2020,Allegany,1,30,15,348
4/18/2020,Allegany,0,30,7,355
4/19/2020,Allegany,0,30,5,360
4/20/2020,Allegany,0,30,9,369
4/21/2020,Allegany,0,30,10,379
4/22/2020,Allegany,0,30,14,393
4/23/2020,Allegany,1,31,10,403
4/24/2020,Allegany,4,35,61,464
4/25/2020,Allegany,0,35,12,476
4/26/2020,Allegany,0,35,9,485
4/27/2020,Allegany,0,35,14,499
4/28/2020,Allegany,0,35,26,525
4/29/2020,Allegany,0,35,18,543
4/30/2020,Allegany,0,35,20,563
5/1/2020,Allegany,0,35,11,574
5/2/2020,Allegany,0,35,18,592
5/3/2020,Allegany,0,35,14,606
5/4/2020,Allegany,0,35,31,637
5/5/2020,Allegany,0,35,22,659
5/6/2020,Allegany,0,35,40,699
5/7/2020,Allegany,0,35,33,732
5/8/2020,Allegany,0,35,18,750
5/9/2020,Allegany,1,36,20,770
5/10/2020,Allegany,2,38,35,805
5/11/2020,Allegany,4,42,41,846
5/12/2020,Allegany,2,44,39,885
5/13/2020,Allegany,0,44,53,938
5/14/2020,Allegany,0,44,44,982
5/15/2020,Allegany,0,44,27,1009
5/16/2020,Allegany,0,44,36,1045
5/17/2020,Allegany,0,44,89,1134
5/18/2020,Allegany,0,44,28,1162
5/19/2020,Allegany,0,44,49,1211
5/20/2020,Allegany,0,44,68,1279
5/21/2020,Allegany,0,44,47,1326
5/22/2020,Allegany,0,44,26,1352
5/23/2020,Allegany,0,44,33,1385
5/24/2020,Allegany,0,44,53,1438
5/25/2020,Allegany,0,44,28,1466
5/26/2020,Allegany,1,45,96,1562
5/27/2020,Allegany,0,45,98,1660
5/28/2020,Allegany,0,45,60,1720
5/29/2020,Allegany,0,45,64,1784
5/30/2020,Allegany,0,45,51,1835
5/31/2020,Allegany,3,48,100,1935
6/1/2020,Allegany,0,48,160,2095
6/2/2020,Allegany,1,49,181,2276
6/3/2020,Allegany,0,49,131,2407
6/4/2020,Allegany,2,51,154,2561
6/5/2020,Allegany,0,51,309,2870
6/6/2020,Allegany,0,51,98,2968
6/7/2020,Allegany,0,51,149,3117
6/8/2020,Allegany,0,51,220,3337
6/9/2020,Allegany,1,52,128,3465
6/10/2020,Allegany,1,53,137,3602
6/11/2020,Allegany,0,53,163,3765
6/12/2020,Allegany,1,54,144,3909
6/13/2020,Allegany,0,54,103,4012
6/14/2020,Allegany,1,55,65,4077
6/15/2020,Allegany,0,55,120,4197
6/16/2020,Allegany,0,55,134,4331
6/17/2020,Allegany,2,57,77,4408
6/18/2020,Allegany,1,58,220,4628
6/19/2020,Allegany,0,58,166,4794
6/20/2020,Allegany,0,58,66,4860
6/21/2020,Allegany,0,58,114,4974
6/22/2020,Allegany,0,58,142,5116
6/23/2020,Allegany,0,58,104,5220
6/24/2020,Allegany,0,58,131,5351
6/25/2020,Allegany,0,58,109,5460
6/26/2020,Allegany,0,58,55,5515
6/27/2020,Allegany,1,59,74,5589
6/28/2020,Allegany,0,59,157,5746
6/29/2020,Allegany,0,59,194,5940
6/30/2020,Allegany,2,61,78,6018
7/1/2020,Allegany,1,62,48,6066
7/2/2020,Allegany,1,63,105,6171
7/3/2020,Allegany,0,63,75,6246
7/4/2020,Allegany,0,63,97,6343
7/5/2020,Allegany,0,63,93,6436
7/6/2020,Allegany,0,63,87,6523
7/7/2020,Allegany,1,64,205,6728
7/8/2020,Allegany,0,64,91,6819
7/9/2020,Allegany,0,64,78,6897
7/10/2020,Allegany,2,66,106,7003
7/11/2020,Allegany,0,66,107,7110
7/12/2020,Allegany,0,66,88,7198
7/13/2020,Allegany,2,68,243,7441
7/14/2020,Allegany,1,69,97,7538
7/15/2020,Allegany,1,70,80,7618
7/16/2020,Allegany,1,71,72,7690
7/17/2020,Allegany,0,71,111,7801
7/18/2020,Allegany,0,71,78,7879
7/19/2020,Allegany,0,71,72,7951
7/20/2020,Allegany,1,72,97,8048
7/21/2020,Allegany,0,72,171,8219
7/22/2020,Allegany,0,72,130,8349
7/23/2020,Allegany,2,74,112,8461
7/24/2020,Allegany,0,74,138,8599
7/25/2020,Allegany,0,74,75,8674
7/26/2020,Allegany,0,74,58,8732
7/27/2020,Allegany,0,74,53,8785
7/28/2020,Allegany,0,74,212,8997
7/29/2020,Allegany,0,74,100,9097
7/30/2020,Allegany,0,74,65,9162
7/31/2020,Allegany,0,74,102,9264
8/1/2020,Allegany,0,74,118,9382
8/2/2020,Allegany,1,75,63,9445
8/3/2020,Allegany,0,75,153,9598
8/4/2020,Allegany,1,76,178,9776
8/5/2020,Allegany,2,78,118,9894
8/6/2020,Allegany,1,79,128,10022
8/7/2020,Allegany,0,79,110,10132
8/8/2020,Allegany,0,79,65,10197
8/9/2020,Allegany,1,80,71,10268
8/10/2020,Allegany,0,80,325,10593
8/11/2020,Allegany,0,80,95,10688
8/12/2020,Allegany,0,80,74,10762
8/13/2020,Allegany,0,80,90,10852
8/14/2020,Allegany,0,80,141,10993
8/15/2020,Allegany,0,80,118,11111
8/16/2020,Allegany,0,80,66,11177
8/17/2020,Allegany,0,80,169,11346
8/18/2020,Allegany,0,80,242,11588
8/19/2020,Allegany,1,81,94,11682
8/20/2020,Allegany,3,84,149,11831
8/21/2020,Allegany,0,84,145,11976
8/22/2020,Allegany,1,85,93,12069
8/23/2020,Allegany,0,85,47,12116
8/24/2020,Allegany,1,86,199,12315
8/25/2020,Allegany,0,86,258,12573
8/26/2020,Allegany,1,87,180,12753
8/27/2020,Allegany,0,87,236,12989
8/28/2020,Allegany,1,88,180,13169
8/29/2020,Allegany,1,89,149,13318
8/30/2020,Allegany,0,89,94,13412
8/31/2020,Allegany,0,89,355,13767
9/1/2020,Allegany,0,89,122,13889
9/2/2020,Allegany,1,90,253,14142
9/3/2020,Allegany,0,90,220,14362
9/4/2020,Allegany,2,92,126,14488
9/5/2020,Allegany,0,92,51,14539
9/6/2020,Allegany,0,92,102,14641
9/7/2020,Allegany,0,92,194,14835
9/8/2020,Allegany,0,92,156,14991
9/9/2020,Allegany,1,93,86,15077
9/10/2020,Allegany,0,93,230,15307
9/11/2020,Allegany,1,94,135,15442
9/12/2020,Allegany,0,94,51,15493
9/13/2020,Allegany,0,94,106,15599
9/14/2020,Allegany,0,94,121,15720
9/15/2020,Allegany,0,94,232,15952
9/16/2020,Allegany,0,94,86,16038
9/17/2020,Allegany,1,95,169,16207
9/18/2020,Allegany,1,96,115,16322
9/19/2020,Allegany,2,98,165,16487
9/20/2020,Allegany,1,99,145,16632
9/21/2020,Allegany,0,99,230,16862
9/22/2020,Allegany,0,99,135,16997
9/23/2020,Allegany,2,101,161,17158
9/24/2020,Allegany,2,103,129,17287
9/25/2020,Allegany,3,106,301,17588
9/26/2020,Allegany,0,106,137,17725
9/27/2020,Allegany,0,106,129,17854
9/28/2020,Allegany,2,108,170,18024
9/29/2020,Allegany,6,114,139,18163
9/30/2020,Allegany,5,119,140,18303
10/1/2020,Allegany,3,122,207,18510
10/2/2020,Allegany,2,124,435,18945
10/3/2020,Allegany,0,124,153,19098
10/4/2020,Allegany,1,125,67,19165
10/5/2020,Allegany,3,128,330,19495
10/6/2020,Allegany,2,130,314,19809
10/7/2020,Allegany,1,131,309,20118
10/8/2020,Allegany,10,141,203,20321
10/9/2020,Allegany,3,144,137,20458
10/10/2020,Allegany,6,150,266,20724
10/11/2020,Allegany,1,151,110,20834
10/12/2020,Allegany,5,156,434,21268
10/13/2020,Allegany,5,161,379,21647
10/14/2020,Allegany,15,176,355,22002
10/15/2020,Allegany,12,188,191,22193
10/16/2020,Allegany,12,200,342,22535
10/17/2020,Allegany,5,205,182,22717
10/18/2020,Allegany,7,212,120,22837
10/19/2020,Allegany,8,220,195,23032
10/20/2020,Allegany,4,224,627,23659
10/21/2020,Allegany,19,243,206,23865
10/22/2020,Allegany,21,264,485,24350
10/23/2020,Allegany,5,269,312,24662
10/24/2020,Allegany,2,271,128,24790
10/25/2020,Allegany,16,287,148,24938
10/26/2020,Allegany,2,289,136,25074
10/27/2020,Allegany,19,308,464,25538
10/28/2020,Allegany,6,314,591,26129
10/29/2020,Allegany,22,336,628,26757
10/30/2020,Allegany,5,341,256,27013
10/31/2020,Allegany,7,348,85,27098
11/1/2020,Allegany,16,364,358,27456
11/2/2020,Allegany,10,374,227,27683
11/3/2020,Allegany,5,379,477,28160
11/4/2020,Allegany,10,389,704,28864
11/5/2020,Allegany,25,414,245,29109
11/6/2020,Allegany,41,455,296,29405
11/7/2020,Allegany,14,469,187,29592
11/8/2020,Allegany,2,471,59,29651
11/9/2020,Allegany,13,484,263,29914
11/10/2020,Allegany,19,503,799,30713
11/11/2020,Allegany,40,543,715,31428
11/12/2020,Allegany,46,589,432,31860
11/13/2020,Allegany,39,628,272,32132
11/14/2020,Allegany,16,644,97,32229
3/1/2020,Bronx,0,0,0,0
3/2/2020,Bronx,0,0,0,0
3/3/2020,Bronx,0,0,1,1
3/4/2020,Bronx,0,0,0,1
3/5/2020,Bronx,0,0,5,6
3/6/2020,Bronx,0,0,6,12
3/7/2020,Bronx,0,0,17,29
3/8/2020,Bronx,1,1,16,45
3/9/2020,Bronx,4,5,31,76
3/10/2020,Bronx,0,5,47,123
3/11/2020,Bronx,2,7,31,154
3/12/2020,Bronx,3,10,36,190
3/13/2020,Bronx,10,20,99,289
3/14/2020,Bronx,8,28,80,369
3/15/2020,Bronx,29,57,116,485
3/16/2020,Bronx,29,86,151,636
3/17/2020,Bronx,123,209,433,1069
3/18/2020,Bronx,154,363,597,1666
3/19/2020,Bronx,191,554,605,2271
3/20/2020,Bronx,297,851,884,3155
3/21/2020,Bronx,367,1218,1044,4199
3/22/2020,Bronx,606,1824,1276,5475
3/23/2020,Bronx,455,2279,970,6445
3/24/2020,Bronx,611,2890,1188,7633
3/25/2020,Bronx,838,3728,1770,9403
3/26/2020,Bronx,829,4557,1428,10831
3/27/2020,Bronx,846,5403,1478,12309
3/28/2020,Bronx,901,6304,1529,13838
3/29/2020,Bronx,658,6962,1160,14998
3/30/2020,Bronx,804,7766,1341,16339
3/31/2020,Bronx,1095,8861,1818,18157
4/1/2020,Bronx,1066,9927,1754,19911
4/2/2020,Bronx,1159,11086,1946,21857
4/3/2020,Bronx,1229,12315,2108,23965
4/4/2020,Bronx,1053,13368,1778,25743
4/5/2020,Bronx,959,14327,1628,27371
4/6/2020,Bronx,1021,15348,1996,29367
4/7/2020,Bronx,1278,16626,2562,31929
4/8/2020,Bronx,1166,17792,2348,34277
4/9/2020,Bronx,1368,19160,2637,36914
4/10/2020,Bronx,1317,20477,2580,39494
4/11/2020,Bronx,964,21441,2081,41575
4/12/2020,Bronx,764,22205,1623,43198
4/13/2020,Bronx,1061,23266,2294,45492
4/14/2020,Bronx,1387,24653,2622,48114
4/15/2020,Bronx,1279,25932,2939,51053
4/16/2020,Bronx,1103,27035,2793,53846
4/17/2020,Bronx,984,28019,2597,56443
4/18/2020,Bronx,804,28823,2162,58605
4/19/2020,Bronx,549,29372,1707,60312
4/20/2020,Bronx,617,29989,2050,62362
4/21/2020,Bronx,879,30868,2942,65304
4/22/2020,Bronx,791,31659,3084,68388
4/23/2020,Bronx,1042,32701,3691,72079
4/24/2020,Bronx,1482,34183,4800,76879
4/25/2020,Bronx,787,34970,2967,79846
4/26/2020,Bronx,586,35556,2363,82209
4/27/2020,Bronx,438,35994,2107,84316
4/28/2020,Bronx,606,36600,2938,87254
4/29/2020,Bronx,644,37244,2977,90231
4/30/2020,Bronx,541,37785,2824,93055
5/1/2020,Bronx,665,38450,3694,96749
5/2/2020,Bronx,466,38916,2857,99606
5/3/2020,Bronx,307,39223,1869,101475
5/4/2020,Bronx,253,39476,2001,103476
5/5/2020,Bronx,363,39839,2657,106133
5/6/2020,Bronx,342,40181,2786,108919
5/7/2020,Bronx,352,40533,3078,111997
5/8/2020,Bronx,271,40804,2873,114870
5/9/2020,Bronx,255,41059,2935,117805
5/10/2020,Bronx,237,41296,2140,119945
5/11/2020,Bronx,145,41441,1510,121455
5/12/2020,Bronx,236,41677,2678,124133
5/13/2020,Bronx,303,41980,3338,127471
5/14/2020,Bronx,539,42519,4408,131879
5/15/2020,Bronx,293,42812,3632,135511
5/16/2020,Bronx,210,43022,2861,138372
5/17/2020,Bronx,136,43158,2126,140498
5/18/2020,Bronx,112,43270,2102,142600
5/19/2020,Bronx,148,43418,2682,145282
5/20/2020,Bronx,185,43603,3618,148900
5/21/2020,Bronx,163,43766,3421,152321
5/22/2020,Bronx,155,43921,3518,155839
5/23/2020,Bronx,216,44137,4575,160414
5/24/2020,Bronx,110,44247,2445,162859
5/25/2020,Bronx,117,44364,2233,165092
5/26/2020,Bronx,139,44503,3064,168156
5/27/2020,Bronx,250,44753,5657,173813
5/28/2020,Bronx,221,44974,5781,179594
5/29/2020,Bronx,142,45116,4817,184411
5/30/2020,Bronx,137,45253,4338,188749
5/31/2020,Bronx,106,45359,3997,192746
6/1/2020,Bronx,107,45466,4069,196815
6/2/2020,Bronx,105,45571,3579,200394
6/3/2020,Bronx,117,45688,4303,204697
6/4/2020,Bronx,90,45778,4606,209303
6/5/2020,Bronx,104,45882,5144,214447
6/6/2020,Bronx,98,45980,4164,218611
6/7/2020,Bronx,72,46052,3718,222329
6/8/2020,Bronx,75,46127,3214,225543
6/9/2020,Bronx,96,46223,4468,230011
6/10/2020,Bronx,93,46316,3929,233940
6/11/2020,Bronx,80,46396,4894,238834
6/12/2020,Bronx,105,46501,5869,244703
6/13/2020,Bronx,66,46567,4578,249281
6/14/2020,Bronx,78,46645,4689,253970
6/15/2020,Bronx,65,46710,4542,258512
6/16/2020,Bronx,68,46778,5106,263618
6/17/2020,Bronx,52,46830,5556,269174
6/18/2020,Bronx,85,46915,6272,275446
6/19/2020,Bronx,64,46979,5007,280453
6/20/2020,Bronx,48,47027,4694,285147
6/21/2020,Bronx,65,47092,4917,290064
6/22/2020,Bronx,62,47154,3723,293787
6/23/2020,Bronx,76,47230,3549,297336
6/24/2020,Bronx,64,47294,4930,302266
6/25/2020,Bronx,89,47383,4377,306643
6/26/2020,Bronx,73,47456,5794,312437
6/27/2020,Bronx,58,47514,5208,317645
6/28/2020,Bronx,41,47555,3588,321233
6/29/2020,Bronx,43,47598,4056,325289
6/30/2020,Bronx,53,47651,4725,330014
7/1/2020,Bronx,107,47758,5267,335281
7/2/2020,Bronx,80,47838,5521,340802
7/3/2020,Bronx,64,47902,4449,345251
7/4/2020,Bronx,36,47938,4275,349526
7/5/2020,Bronx,56,47994,4111,353637
7/6/2020,Bronx,44,48038,3695,357332
7/7/2020,Bronx,38,48076,3456,360788
7/8/2020,Bronx,50,48126,3993,364781
7/9/2020,Bronx,82,48208,5706,370487
7/10/2020,Bronx,59,48267,4932,375419
7/11/2020,Bronx,60,48327,4401,379820
7/12/2020,Bronx,50,48377,3980,383800
7/13/2020,Bronx,56,48433,4169,387969
7/14/2020,Bronx,63,48496,4435,392404
7/15/2020,Bronx,79,48575,5635,398039
7/16/2020,Bronx,68,48643,5250,403289
7/17/2020,Bronx,72,48715,5748,409037
7/18/2020,Bronx,54,48769,4297,413334
7/19/2020,Bronx,68,48837,3543,416877
7/20/2020,Bronx,89,48926,4443,421320
7/21/2020,Bronx,91,49017,5492,426812
7/22/2020,Bronx,69,49086,4802,431614
7/23/2020,Bronx,114,49200,5276,436890
7/24/2020,Bronx,80,49280,4754,441644
7/25/2020,Bronx,56,49336,3711,445355
7/26/2020,Bronx,52,49388,3459,448814
7/27/2020,Bronx,34,49422,3654,452468
7/28/2020,Bronx,59,49481,3397,455865
7/29/2020,Bronx,46,49527,4741,460606
7/30/2020,Bronx,46,49573,3994,464600
7/31/2020,Bronx,53,49626,5253,469853
8/1/2020,Bronx,50,49676,3384,473237
8/2/2020,Bronx,38,49714,3630,476867
8/3/2020,Bronx,109,49823,7059,483926
8/4/2020,Bronx,83,49906,5301,489227
8/5/2020,Bronx,74,49980,5205,494432
8/6/2020,Bronx,77,50057,5151,499583
8/7/2020,Bronx,63,50120,4634,504217
8/8/2020,Bronx,68,50188,5261,509478
8/9/2020,Bronx,38,50226,4747,514225
8/10/2020,Bronx,52,50278,5083,519308
8/11/2020,Bronx,91,50369,7934,527242
8/12/2020,Bronx,116,50485,7110,534352
8/13/2020,Bronx,94,50579,6420,540772
8/14/2020,Bronx,72,50651,6849,547621
8/15/2020,Bronx,73,50724,6399,554020
8/16/2020,Bronx,62,50786,4742,558762
8/17/2020,Bronx,54,50840,4675,563437
8/18/2020,Bronx,67,50907,5591,569028
8/19/2020,Bronx,47,50954,5402,574430
8/20/2020,Bronx,56,51010,6412,580842
8/21/2020,Bronx,57,51067,6574,587416
8/22/2020,Bronx,70,51137,4937,592353
8/23/2020,Bronx,57,51194,5141,597494
8/24/2020,Bronx,45,51239,4296,601790
8/25/2020,Bronx,53,51292,5358,607148
8/26/2020,Bronx,65,51357,5535,612683
8/27/2020,Bronx,49,51406,6190,618873
8/28/2020,Bronx,62,51468,6305,625178
8/29/2020,Bronx,65,51533,6778,631956
8/30/2020,Bronx,77,51610,4854,636810
8/31/2020,Bronx,53,51663,4880,641690
9/1/2020,Bronx,48,51711,7314,649004
9/2/2020,Bronx,57,51768,5696,654700
9/3/2020,Bronx,52,51820,6594,661294
9/4/2020,Bronx,40,51860,6365,667659
9/5/2020,Bronx,52,51912,5858,673517
9/6/2020,Bronx,32,51944,4414,677931
9/7/2020,Bronx,40,51984,5366,683297
9/8/2020,Bronx,34,52018,5571,688868
9/9/2020,Bronx,58,52076,5655,694523
9/10/2020,Bronx,49,52125,5615,700138
9/11/2020,Bronx,61,52186,7455,707593
9/12/2020,Bronx,49,52235,4625,712218
9/13/2020,Bronx,46,52281,4288,716506
9/14/2020,Bronx,54,52335,4856,721362
9/15/2020,Bronx,36,52371,4810,726172
9/16/2020,Bronx,51,52422,5950,732122
9/17/2020,Bronx,46,52468,5601,737723
9/18/2020,Bronx,58,52526,6097,743820
9/19/2020,Bronx,52,52578,7106,750926
9/20/2020,Bronx,41,52619,3854,754780
9/21/2020,Bronx,47,52666,5869,760649
9/22/2020,Bronx,44,52710,5074,765723
9/23/2020,Bronx,46,52756,5812,771535
9/24/2020,Bronx,59,52815,7131,778666
9/25/2020,Bronx,57,52872,6388,785054
9/26/2020,Bronx,48,52920,4941,789995
9/27/2020,Bronx,36,52956,3456,793451
9/28/2020,Bronx,69,53025,6624,800075
9/29/2020,Bronx,66,53091,6152,806227
9/30/2020,Bronx,78,53169,6093,812320
10/1/2020,Bronx,63,53232,6554,818874
10/2/2020,Bronx,66,53298,6513,825387
10/3/2020,Bronx,55,53353,5282,830669
10/4/2020,Bronx,64,53417,4521,835190
10/5/2020,Bronx,84,53501,6190,841380
10/6/2020,Bronx,55,53556,5842,847222
10/7/2020,Bronx,61,53617,6595,853817
10/8/2020,Bronx,74,53691,7217,861034
10/9/2020,Bronx,71,53762,6783,867817
10/10/2020,Bronx,74,53836,6143,873960
10/11/2020,Bronx,58,53894,3930,877890
10/12/2020,Bronx,66,53960,6546,884436
10/13/2020,Bronx,46,54006,6116,890552
10/14/2020,Bronx,71,54077,6174,896726
10/15/2020,Bronx,121,54198,7400,904126
10/16/2020,Bronx,109,54307,9054,913180
10/17/2020,Bronx,102,54409,6911,920091
10/18/2020,Bronx,63,54472,5081,925172
10/19/2020,Bronx,51,54523,5727,930899
10/20/2020,Bronx,105,54628,7912,938811
10/21/2020,Bronx,78,54706,6996,945807
10/22/2020,Bronx,86,54792,7642,953449
10/23/2020,Bronx,100,54892,9802,963251
10/24/2020,Bronx,119,55011,6745,969996
10/25/2020,Bronx,75,55086,4808,974804
10/26/2020,Bronx,127,55213,7625,982429
10/27/2020,Bronx,141,55354,7498,989927
10/28/2020,Bronx,173,55527,8348,998275
10/29/2020,Bronx,134,55661,8374,1006649
10/30/2020,Bronx,106,55767,6473,1013122
10/31/2020,Bronx,145,55912,7975,1021097
11/1/2020,Bronx,87,55999,5713,1026810
11/2/2020,Bronx,166,56165,7615,1034425
11/3/2020,Bronx,127,56292,9344,1043769
11/4/2020,Bronx,168,56460,8765,1052534
11/5/2020,Bronx,195,56655,8772,1061306
11/6/2020,Bronx,162,56817,8258,1069564
11/7/2020,Bronx,247,57064,7618,1077182
11/8/2020,Bronx,170,57234,6413,1083595
11/9/2020,Bronx,191,57425,7110,1090705
11/10/2020,Bronx,232,57657,8467,1099172
11/11/2020,Bronx,260,57917,10011,1109183
11/12/2020,Bronx,288,58205,9635,1118818
11/13/2020,Bronx,286,58491,10066,1128884
11/14/2020,Bronx,221,58712,8575,1137459
3/1/2020,Broome,0,0,0,0
3/2/2020,Broome,0,0,0,0
3/3/2020,Broome,0,0,0,0
3/4/2020,Broome,0,0,0,0
3/5/2020,Broome,0,0,0,0
3/6/2020,Broome,0,0,0,0
3/7/2020,Broome,0,0,0,0
3/8/2020,Broome,0,0,2,2
3/9/2020,Broome,0,0,1,3
3/10/2020,Broome,0,0,1,4
3/11/2020,Broome,0,0,1,5
3/12/2020,Broome,1,1,2,7
3/13/2020,Broome,0,1,2,9
3/14/2020,Broome,0,1,3,12
3/15/2020,Broome,0,1,2,14
3/16/2020,Broome,0,1,1,15
3/17/2020,Broome,0,1,6,21
3/18/2020,Broome,1,2,9,30
3/19/2020,Broome,0,2,3,33
3/20/2020,Broome,0,2,16,49
3/21/2020,Broome,1,3,5,54
3/22/2020,Broome,4,7,20,74
3/23/2020,Broome,2,9,18,92
3/24/2020,Broome,2,11,13,105
3/25/2020,Broome,5,16,37,142
3/26/2020,Broome,2,18,25,167
3/27/2020,Broome,5,23,37,204
3/28/2020,Broome,6,29,45,249
3/29/2020,Broome,6,35,36,285
3/30/2020,Broome,3,38,48,333
3/31/2020,Broome,4,42,35,368
4/1/2020,Broome,4,46,43,411
4/2/2020,Broome,10,56,72,483
4/3/2020,Broome,9,65,55,538
4/4/2020,Broome,6,71,36,574
4/5/2020,Broome,5,76,33,607
4/6/2020,Broome,10,86,47,654
4/7/2020,Broome,2,88,24,678
4/8/2020,Broome,17,105,82,760
4/9/2020,Broome,7,112,58,818
4/10/2020,Broome,5,117,31,849
4/11/2020,Broome,9,126,60,909
4/12/2020,Broome,7,133,39,948
4/13/2020,Broome,13,146,90,1038
4/14/2020,Broome,7,153,73,1111
4/15/2020,Broome,14,167,74,1185
4/16/2020,Broome,11,178,82,1267
4/17/2020,Broome,8,186,64,1331
4/18/2020,Broome,6,192,52,1383
4/19/2020,Broome,7,199,43,1426
4/20/2020,Broome,6,205,47,1473
4/21/2020,Broome,14,219,54,1527
4/22/2020,Broome,5,224,102,1629
4/23/2020,Broome,8,232,85,1714
4/24/2020,Broome,19,251,212,1926
4/25/2020,Broome,6,257,105,2031
4/26/2020,Broome,4,261,69,2100
4/27/2020,Broome,5,266,60,2160
4/28/2020,Broome,7,273,87,2247
4/29/2020,Broome,11,284,114,2361
4/30/2020,Broome,15,299,110,2471
5/1/2020,Broome,6,305,114,2585
5/2/2020,Broome,22,327,415,3000
5/3/2020,Broome,7,334,353,3353
5/4/2020,Broome,4,338,180,3533
5/5/2020,Broome,7,345,273,3806
5/6/2020,Broome,15,360,333,4139
5/7/2020,Broome,4,364,214,4353
5/8/2020,Broome,8,372,252,4605
5/9/2020,Broome,1,373,317,4922
5/10/2020,Broome,5,378,319,5241
5/11/2020,Broome,1,379,271,5512
5/12/2020,Broome,3,382,291,5803
5/13/2020,Broome,1,383,343,6146
5/14/2020,Broome,7,390,343,6489
5/15/2020,Broome,23,413,458,6947
5/16/2020,Broome,1,414,486,7433
5/17/2020,Broome,9,423,379,7812
5/18/2020,Broome,6,429,295,8107
5/19/2020,Broome,7,436,639,8746
5/20/2020,Broome,15,451,419,9165
5/21/2020,Broome,17,468,820,9985
5/22/2020,Broome,17,485,645,10630
5/23/2020,Broome,16,501,629,11259
5/24/2020,Broome,18,519,669,11928
5/25/2020,Broome,3,522,536,12464
5/26/2020,Broome,6,528,369,12833
5/27/2020,Broome,17,545,523,13356
5/28/2020,Broome,12,557,614,13970
5/29/2020,Broome,4,561,531,14501
5/30/2020,Broome,5,566,1002,15503
5/31/2020,Broome,8,574,777,16280
6/1/2020,Broome,4,578,629,16909
6/2/2020,Broome,11,589,826,17735
6/3/2020,Broome,4,593,631,18366
6/4/2020,Broome,12,605,1417,19783
6/5/2020,Broome,8,613,1311,21094
6/6/2020,Broome,7,620,950,22044
6/7/2020,Broome,4,624,745,22789
6/8/2020,Broome,3,627,797,23586
6/9/2020,Broome,3,630,755,24341
6/10/2020,Broome,11,641,875,25216
6/11/2020,Broome,3,644,1085,26301
6/12/2020,Broome,3,647,779,27080
6/13/2020,Broome,4,651,795,27875
6/14/2020,Broome,4,655,382,28257
6/15/2020,Broome,1,656,606,28863
6/16/2020,Broome,1,657,546,29409
6/17/2020,Broome,0,657,442,29851
6/18/2020,Broome,6,663,952,30803
6/19/2020,Broome,2,665,586,31389
6/20/2020,Broome,3,668,430,31819
6/21/2020,Broome,2,670,552,32371
6/22/2020,Broome,1,671,588,32959
6/23/2020,Broome,0,671,179,33138
6/24/2020,Broome,9,680,935,34073
6/25/2020,Broome,17,697,509,34582
6/26/2020,Broome,4,701,922,35504
6/27/2020,Broome,2,703,486,35990
6/28/2020,Broome,7,710,377,36367
6/29/2020,Broome,6,716,772,37139
6/30/2020,Broome,6,722,448,37587
7/1/2020,Broome,7,729,846,38433
7/2/2020,Broome,7,736,476,38909
7/3/2020,Broome,16,752,979,39888
7/4/2020,Broome,1,753,898,40786
7/5/2020,Broome,4,757,554,41340
7/6/2020,Broome,5,762,588,41928
7/7/2020,Broome,4,766,234,42162
7/8/2020,Broome,4,770,731,42893
7/9/2020,Broome,14,784,662,43555
7/10/2020,Broome,23,807,747,44302
7/11/2020,Broome,13,820,1236,45538
7/12/2020,Broome,7,827,595,46133
7/13/2020,Broome,14,841,852,46985
7/14/2020,Broome,11,852,592,47577
7/15/2020,Broome,9,861,914,48491
7/16/2020,Broome,9,870,595,49086
7/17/2020,Broome,7,877,522,49608
7/18/2020,Broome,6,883,347,49955
7/19/2020,Broome,19,902,914,50869
7/20/2020,Broome,15,917,687,51556
7/21/2020,Broome,13,930,915,52471
7/22/2020,Broome,4,934,538,53009
7/23/2020,Broome,20,954,756,53765
7/24/2020,Broome,12,966,762,54527
7/25/2020,Broome,12,978,549,55076
7/26/2020,Broome,8,986,1287,56363
7/27/2020,Broome,6,992,522,56885
7/28/2020,Broome,23,1015,779,57664
7/29/2020,Broome,14,1029,698,58362
7/30/2020,Broome,8,1037,777,59139
7/31/2020,Broome,11,1048,781,59920
8/1/2020,Broome,6,1054,825,60745
8/2/2020,Broome,10,1064,743,61488
8/3/2020,Broome,14,1078,1025,62513
8/4/2020,Broome,4,1082,379,62892
8/5/2020,Broome,12,1094,711,63603
8/6/2020,Broome,21,1115,517,64120
8/7/2020,Broome,5,1120,412,64532
8/8/2020,Broome,6,1126,583,65115
8/9/2020,Broome,5,1131,747,65862
8/10/2020,Broome,12,1143,1408,67270
8/11/2020,Broome,7,1150,559,67829
8/12/2020,Broome,3,1153,641,68470
8/13/2020,Broome,12,1165,947,69417
8/14/2020,Broome,0,1165,708,70125
8/15/2020,Broome,1,1166,417,70542
8/16/2020,Broome,6,1172,607,71149
8/17/2020,Broome,5,1177,1523,72672
8/18/2020,Broome,12,1189,679,73351
8/19/2020,Broome,7,1196,627,73978
8/20/2020,Broome,15,1211,1124,75102
8/21/2020,Broome,16,1227,1203,76305
8/22/2020,Broome,12,1239,725,77030
8/23/2020,Broome,11,1250,848,77878
8/24/2020,Broome,6,1256,508,78386
8/25/2020,Broome,12,1268,844,79230
8/26/2020,Broome,6,1274,1434,80664
8/27/2020,Broome,9,1283,902,81566
8/28/2020,Broome,3,1286,851,82417
8/29/2020,Broome,9,1295,4937,87354
8/30/2020,Broome,12,1307,1000,88354
8/31/2020,Broome,4,1311,482,88836
9/1/2020,Broome,4,1315,477,89313
9/2/2020,Broome,18,1333,809,90122
9/3/2020,Broome,9,1342,850,90972
9/4/2020,Broome,8,1350,2400,93372
9/5/2020,Broome,7,1357,873,94245
9/6/2020,Broome,8,1365,546,94791
9/7/2020,Broome,9,1374,644,95435
9/8/2020,Broome,4,1378,199,95634
9/9/2020,Broome,5,1383,572,96206
9/10/2020,Broome,12,1395,1248,97454
9/11/2020,Broome,15,1410,1875,99329
9/12/2020,Broome,8,1418,571,99900
9/13/2020,Broome,2,1420,720,100620
9/14/2020,Broome,3,1423,593,101213
9/15/2020,Broome,5,1428,514,101727
9/16/2020,Broome,9,1437,730,102457
9/17/2020,Broome,13,1450,1394,103851
9/18/2020,Broome,9,1459,1102,104953
9/19/2020,Broome,6,1465,2159,107112
9/20/2020,Broome,7,1472,502,107614
9/21/2020,Broome,4,1476,738,108352
9/22/2020,Broome,4,1480,850,109202
9/23/2020,Broome,16,1496,1356,110558
9/24/2020,Broome,17,1513,1327,111885
9/25/2020,Broome,37,1550,1510,113395
9/26/2020,Broome,22,1572,606,114001
9/27/2020,Broome,34,1606,690,114691
9/28/2020,Broome,36,1642,1175,115866
9/29/2020,Broome,31,1673,928,116794
9/30/2020,Broome,56,1729,1188,117982
10/1/2020,Broome,57,1786,1472,119454
10/2/2020,Broome,110,1896,2145,121599
10/3/2020,Broome,51,1947,1591,123190
10/4/2020,Broome,27,1974,865,124055
10/5/2020,Broome,52,2026,892,124947
10/6/2020,Broome,105,2131,1723,126670
10/7/2020,Broome,108,2239,2144,128814
10/8/2020,Broome,75,2314,2332,131146
10/9/2020,Broome,86,2400,1885,133031
10/10/2020,Broome,42,2442,1235,134266
10/11/2020,Broome,43,2485,1371,135637
10/12/2020,Broome,53,2538,1434,137071
10/13/2020,Broome,69,2607,1318,138389
10/14/2020,Broome,96,2703,3366,141755
10/15/2020,Broome,81,2784,2717,144472
10/16/2020,Broome,60,2844,2030,146502
10/17/2020,Broome,52,2896,1241,147743
10/18/2020,Broome,31,2927,1088,148831
10/19/2020,Broome,76,3003,1756,150587
10/20/2020,Broome,57,3060,1439,152026
10/21/2020,Broome,106,3166,2307,154333
10/22/2020,Broome,96,3262,2746,157079
10/23/2020,Broome,68,3330,2217,159296
10/24/2020,Broome,38,3368,1375,160671
10/25/2020,Broome,47,3415,1246,161917
10/26/2020,Broome,101,3516,2013,163930
10/27/2020,Broome,50,3566,1639,165569
10/28/2020,Broome,54,3620,1908,167477
10/29/2020,Broome,42,3662,2192,169669
10/30/2020,Broome,48,3710,2050,171719
10/31/2020,Broome,28,3738,1267,172986
11/1/2020,Broome,21,3759,850,173836
11/2/2020,Broome,30,3789,1500,175336
11/3/2020,Broome,46,3835,1166,176502
11/4/2020,Broome,49,3884,1707,178209
11/5/2020,Broome,43,3927,2293,180502
11/6/2020,Broome,55,3982,2430,182932
11/7/2020,Broome,21,4003,1307,184239
11/8/2020,Broome,29,4032,863,185102
11/9/2020,Broome,54,4086,1253,186355
11/10/2020,Broome,81,4167,2119,188474
11/11/2020,Broome,48,4215,1841,190315
11/12/2020,Broome,88,4303,3055,193370
11/13/2020,Broome,59,4362,2125,195495
11/14/2020,Broome,32,4394,988,196483
3/1/2020,Cattaraugus,0,0,0,0
3/2/2020,Cattaraugus,0,0,0,0
3/3/2020,Cattaraugus,0,0,0,0
3/4/2020,Cattaraugus,0,0,0,0
3/5/2020,Cattaraugus,0,0,0,0
3/6/2020,Cattaraugus,0,0,0,0
3/7/2020,Cattaraugus,0,0,0,0
3/8/2020,Cattaraugus,0,0,0,0
3/9/2020,Cattaraugus,0,0,0,0
3/10/2020,Cattaraugus,0,0,0,0
3/11/2020,Cattaraugus,0,0,0,0
3/12/2020,Cattaraugus,0,0,2,2
3/13/2020,Cattaraugus,0,0,2,4
3/14/2020,Cattaraugus,0,0,1,5
3/15/2020,Cattaraugus,0,0,2,7
3/16/2020,Cattaraugus,0,0,0,7
3/17/2020,Cattaraugus,0,0,0,7
3/18/2020,Cattaraugus,0,0,5,12
3/19/2020,Cattaraugus,0,0,2,14
3/20/2020,Cattaraugus,0,0,10,24
3/21/2020,Cattaraugus,0,0,23,47
3/22/2020,Cattaraugus,0,0,14,61
3/23/2020,Cattaraugus,0,0,12,73
3/24/2020,Cattaraugus,0,0,3,76
3/25/2020,Cattaraugus,0,0,12,88
3/26/2020,Cattaraugus,0,0,13,101
3/27/2020,Cattaraugus,1,1,25,126
3/28/2020,Cattaraugus,3,4,13,139
3/29/2020,Cattaraugus,2,6,7,146
3/30/2020,Cattaraugus,0,6,5,151
3/31/2020,Cattaraugus,1,7,12,163
4/1/2020,Cattaraugus,1,8,28,191
4/2/2020,Cattaraugus,1,9,24,215
4/3/2020,Cattaraugus,0,9,8,223
4/4/2020,Cattaraugus,1,10,12,235
4/5/2020,Cattaraugus,2,12,16,251
4/6/2020,Cattaraugus,1,13,14,265
4/7/2020,Cattaraugus,2,15,19,284
4/8/2020,Cattaraugus,2,17,15,299
4/9/2020,Cattaraugus,1,18,26,325
4/10/2020,Cattaraugus,1,19,7,332
4/11/2020,Cattaraugus,9,28,32,364
4/12/2020,Cattaraugus,0,28,6,370
4/13/2020,Cattaraugus,4,32,13,383
4/14/2020,Cattaraugus,0,32,11,394
4/15/2020,Cattaraugus,0,32,14,408
4/16/2020,Cattaraugus,2,34,31,439
4/17/2020,Cattaraugus,0,34,15,454
4/18/2020,Cattaraugus,0,34,17,471
4/19/2020,Cattaraugus,0,34,1,472
4/20/2020,Cattaraugus,1,35,8,480
4/21/2020,Cattaraugus,2,37,34,514
4/22/2020,Cattaraugus,0,37,40,554
4/23/2020,Cattaraugus,2,39,32,586
4/24/2020,Cattaraugus,6,45,102,688
4/25/2020,Cattaraugus,0,45,24,712
4/26/2020,Cattaraugus,0,45,21,733
4/27/2020,Cattaraugus,0,45,15,748
4/28/2020,Cattaraugus,2,47,76,824
4/29/2020,Cattaraugus,0,47,85,909
4/30/2020,Cattaraugus,2,49,78,987
5/1/2020,Cattaraugus,1,50,80,1067
5/2/2020,Cattaraugus,3,53,54,1121
5/3/2020,Cattaraugus,0,53,7,1128
5/4/2020,Cattaraugus,0,53,14,1142
5/5/2020,Cattaraugus,1,54,47,1189
5/6/2020,Cattaraugus,5,59,65,1254
5/7/2020,Cattaraugus,0,59,36,1290
5/8/2020,Cattaraugus,1,60,54,1344
5/9/2020,Cattaraugus,0,60,21,1365
5/10/2020,Cattaraugus,1,61,103,1468
5/11/2020,Cattaraugus,0,61,29,1497
5/12/2020,Cattaraugus,0,61,77,1574
5/13/2020,Cattaraugus,3,64,134,1708
5/14/2020,Cattaraugus,0,64,173,1881
5/15/2020,Cattaraugus,1,65,186,2067
5/16/2020,Cattaraugus,0,65,142,2209
5/17/2020,Cattaraugus,2,67,207,2416
5/18/2020,Cattaraugus,2,69,24,2440
5/19/2020,Cattaraugus,1,70,152,2592
5/20/2020,Cattaraugus,1,71,186,2778
5/21/2020,Cattaraugus,3,74,125,2903
5/22/2020,Cattaraugus,4,78,176,3079
5/23/2020,Cattaraugus,0,78,172,3251
5/24/2020,Cattaraugus,3,81,311,3562
5/25/2020,Cattaraugus,0,81,136,3698
5/26/2020,Cattaraugus,1,82,162,3860
5/27/2020,Cattaraugus,3,85,286,4146
5/28/2020,Cattaraugus,1,86,147,4293
5/29/2020,Cattaraugus,1,87,189,4482
5/30/2020,Cattaraugus,1,88,183,4665
5/31/2020,Cattaraugus,1,89,215,4880
6/1/2020,Cattaraugus,0,89,333,5213
6/2/2020,Cattaraugus,1,90,375,5588
6/3/2020,Cattaraugus,1,91,290,5878
6/4/2020,Cattaraugus,1,92,304,6182
6/5/2020,Cattaraugus,0,92,416,6598
6/6/2020,Cattaraugus,2,94,193,6791
6/7/2020,Cattaraugus,1,95,245,7036
6/8/2020,Cattaraugus,0,95,183,7219
6/9/2020,Cattaraugus,1,96,205,7424
6/10/2020,Cattaraugus,2,98,258,7682
6/11/2020,Cattaraugus,3,101,282,7964
6/12/2020,Cattaraugus,0,101,341,8305
6/13/2020,Cattaraugus,3,104,272,8577
6/14/2020,Cattaraugus,2,106,155,8732
6/15/2020,Cattaraugus,1,107,393,9125
6/16/2020,Cattaraugus,2,109,202,9327
6/17/2020,Cattaraugus,0,109,219,9546
6/18/2020,Cattaraugus,0,109,335,9881
6/19/2020,Cattaraugus,4,113,325,10206
6/20/2020,Cattaraugus,2,115,377,10583
6/21/2020,Cattaraugus,0,115,252,10835
6/22/2020,Cattaraugus,3,118,220,11055
6/23/2020,Cattaraugus,2,120,210,11265
6/24/2020,Cattaraugus,1,121,316,11581
6/25/2020,Cattaraugus,2,123,149,11730
6/26/2020,Cattaraugus,0,123,389,12119
6/27/2020,Cattaraugus,0,123,107,12226
6/28/2020,Cattaraugus,0,123,191,12417
6/29/2020,Cattaraugus,0,123,120,12537
6/30/2020,Cattaraugus,0,123,163,12700
7/1/2020,Cattaraugus,1,124,173,12873
7/2/2020,Cattaraugus,0,124,313,13186
7/3/2020,Cattaraugus,3,127,460,13646
7/4/2020,Cattaraugus,0,127,202,13848
7/5/2020,Cattaraugus,1,128,249,14097
7/6/2020,Cattaraugus,0,128,129,14226
7/7/2020,Cattaraugus,2,130,119,14345
7/8/2020,Cattaraugus,1,131,210,14555
7/9/2020,Cattaraugus,3,134,421,14976
7/10/2020,Cattaraugus,4,138,345,15321
7/11/2020,Cattaraugus,0,138,122,15443
7/12/2020,Cattaraugus,0,138,105,15548
7/13/2020,Cattaraugus,1,139,288,15836
7/14/2020,Cattaraugus,2,141,178,16014
7/15/2020,Cattaraugus,1,142,294,16308
7/16/2020,Cattaraugus,3,145,381,16689
7/17/2020,Cattaraugus,0,145,207,16896
7/18/2020,Cattaraugus,0,145,103,16999
7/19/2020,Cattaraugus,0,145,56,17055
7/20/2020,Cattaraugus,2,147,359,17414
7/21/2020,Cattaraugus,0,147,253,17667
7/22/2020,Cattaraugus,1,148,146,17813
7/23/2020,Cattaraugus,2,150,180,17993
7/24/2020,Cattaraugus,0,150,340,18333
7/25/2020,Cattaraugus,1,151,104,18437
7/26/2020,Cattaraugus,2,153,229,18666
7/27/2020,Cattaraugus,0,153,182,18848
7/28/2020,Cattaraugus,4,157,176,19024
7/29/2020,Cattaraugus,0,157,239,19263
7/30/2020,Cattaraugus,1,158,254,19517
7/31/2020,Cattaraugus,0,158,217,19734
8/1/2020,Cattaraugus,1,159,229,19963
8/2/2020,Cattaraugus,3,162,146,20109
8/3/2020,Cattaraugus,2,164,190,20299
8/4/2020,Cattaraugus,0,164,379,20678
8/5/2020,Cattaraugus,0,164,325,21003
8/6/2020,Cattaraugus,0,164,277,21280
8/7/2020,Cattaraugus,1,165,217,21497
8/8/2020,Cattaraugus,0,165,165,21662
8/9/2020,Cattaraugus,1,166,174,21836
8/10/2020,Cattaraugus,2,168,282,22118
8/11/2020,Cattaraugus,0,168,192,22310
8/12/2020,Cattaraugus,1,169,238,22548
8/13/2020,Cattaraugus,0,169,281,22829
8/14/2020,Cattaraugus,1,170,283,23112
8/15/2020,Cattaraugus,1,171,397,23509
8/16/2020,Cattaraugus,0,171,113,23622
8/17/2020,Cattaraugus,1,172,276,23898
8/18/2020,Cattaraugus,1,173,356,24254
8/19/2020,Cattaraugus,1,174,354,24608
8/20/2020,Cattaraugus,0,174,375,24983
8/21/2020,Cattaraugus,4,178,145,25128
8/22/2020,Cattaraugus,2,180,299,25427
8/23/2020,Cattaraugus,2,182,150,25577
8/24/2020,Cattaraugus,2,184,264,25841
8/25/2020,Cattaraugus,1,185,176,26017
8/26/2020,Cattaraugus,3,188,314,26331
8/27/2020,Cattaraugus,9,197,291,26622
8/28/2020,Cattaraugus,0,197,231,26853
8/29/2020,Cattaraugus,4,201,334,27187
8/30/2020,Cattaraugus,4,205,283,27470
8/31/2020,Cattaraugus,1,206,320,27790
9/1/2020,Cattaraugus,10,216,242,28032
9/2/2020,Cattaraugus,6,222,276,28308
9/3/2020,Cattaraugus,1,223,320,28628
9/4/2020,Cattaraugus,4,227,459,29087
9/5/2020,Cattaraugus,2,229,214,29301
9/6/2020,Cattaraugus,1,230,133,29434
9/7/2020,Cattaraugus,3,233,372,29806
9/8/2020,Cattaraugus,1,234,162,29968
9/9/2020,Cattaraugus,2,236,200,30168
9/10/2020,Cattaraugus,3,239,248,30416
9/11/2020,Cattaraugus,0,239,486,30902
9/12/2020,Cattaraugus,2,241,258,31160
9/13/2020,Cattaraugus,1,242,230,31390
9/14/2020,Cattaraugus,0,242,244,31634
9/15/2020,Cattaraugus,3,245,137,31771
9/16/2020,Cattaraugus,3,248,255,32026
9/17/2020,Cattaraugus,1,249,247,32273
9/18/2020,Cattaraugus,4,253,290,32563
9/19/2020,Cattaraugus,1,254,335,32898
9/20/2020,Cattaraugus,1,255,160,33058
9/21/2020,Cattaraugus,0,255,226,33284
9/22/2020,Cattaraugus,3,258,196,33480
9/23/2020,Cattaraugus,0,258,298,33778
9/24/2020,Cattaraugus,0,258,404,34182
9/25/2020,Cattaraugus,1,259,392,34574
9/26/2020,Cattaraugus,1,260,300,34874
9/27/2020,Cattaraugus,0,260,120,34994
9/28/2020,Cattaraugus,11,271,295,35289
9/29/2020,Cattaraugus,5,276,141,35430
9/30/2020,Cattaraugus,3,279,298,35728
10/1/2020,Cattaraugus,11,290,233,35961
10/2/2020,Cattaraugus,12,302,657,36618
10/3/2020,Cattaraugus,1,303,419,37037
10/4/2020,Cattaraugus,4,307,188,37225
10/5/2020,Cattaraugus,4,311,321,37546
10/6/2020,Cattaraugus,5,316,238,37784
10/7/2020,Cattaraugus,11,327,413,38197
10/8/2020,Cattaraugus,16,343,330,38527
10/9/2020,Cattaraugus,12,355,396,38923
10/10/2020,Cattaraugus,3,358,265,39188
10/11/2020,Cattaraugus,4,362,331,39519
10/12/2020,Cattaraugus,2,364,263,39782
10/13/2020,Cattaraugus,3,367,300,40082
10/14/2020,Cattaraugus,16,383,427,40509
10/15/2020,Cattaraugus,10,393,456,40965
10/16/2020,Cattaraugus,6,399,445,41410
10/17/2020,Cattaraugus,4,403,284,41694
10/18/2020,Cattaraugus,3,406,390,42084
10/19/2020,Cattaraugus,11,417,333,42417
10/20/2020,Cattaraugus,17,434,410,42827
10/21/2020,Cattaraugus,8,442,473,43300
10/22/2020,Cattaraugus,5,447,709,44009
10/23/2020,Cattaraugus,8,455,417,44426
10/24/2020,Cattaraugus,6,461,491,44917
10/25/2020,Cattaraugus,1,462,328,45245
10/26/2020,Cattaraugus,8,470,229,45474
10/27/2020,Cattaraugus,32,502,340,45814
10/28/2020,Cattaraugus,15,517,491,46305
10/29/2020,Cattaraugus,10,527,470,46775
10/30/2020,Cattaraugus,9,536,385,47160
10/31/2020,Cattaraugus,13,549,464,47624
11/1/2020,Cattaraugus,1,550,181,47805
11/2/2020,Cattaraugus,12,562,445,48250
11/3/2020,Cattaraugus,6,568,422,48672
11/4/2020,Cattaraugus,14,582,595,49267
11/5/2020,Cattaraugus,9,591,509,49776
11/6/2020,Cattaraugus,8,599,389,50165
11/7/2020,Cattaraugus,6,605,429,50594
11/8/2020,Cattaraugus,6,611,277,50871
11/9/2020,Cattaraugus,7,618,399,51270
11/10/2020,Cattaraugus,9,627,572,51842
11/11/2020,Cattaraugus,15,642,518,52360
11/12/2020,Cattaraugus,19,661,467,52827
11/13/2020,Cattaraugus,14,675,391,53218
11/14/2020,Cattaraugus,3,678,240,53458
3/1/2020,Cayuga,0,0,0,0
3/2/2020,Cayuga,0,0,0,0
3/3/2020,Cayuga,0,0,0,0
3/4/2020,Cayuga,0,0,0,0
3/5/2020,Cayuga,0,0,0,0
3/6/2020,Cayuga,0,0,0,0
3/7/2020,Cayuga,0,0,0,0
3/8/2020,Cayuga,0,0,0,0
3/9/2020,Cayuga,0,0,0,0
3/10/2020,Cayuga,0,0,0,0
3/11/2020,Cayuga,0,0,0,0
3/12/2020,Cayuga,0,0,0,0
3/13/2020,Cayuga,0,0,0,0
3/14/2020,Cayuga,0,0,3,3
3/15/2020,Cayuga,0,0,1,4
3/16/2020,Cayuga,0,0,2,6
3/17/2020,Cayuga,0,0,2,8
3/18/2020,Cayuga,0,0,2,10
3/19/2020,Cayuga,0,0,3,13
3/20/2020,Cayuga,0,0,8,21
3/21/2020,Cayuga,0,0,25,46
3/22/2020,Cayuga,2,2,33,79
3/23/2020,Cayuga,0,2,10,89
3/24/2020,Cayuga,0,2,5,94
3/25/2020,Cayuga,0,2,13,107
3/26/2020,Cayuga,0,2,25,132
3/27/2020,Cayuga,0,2,26,158
3/28/2020,Cayuga,0,2,32,190
3/29/2020,Cayuga,1,3,37,227
3/30/2020,Cayuga,0,3,10,237
3/31/2020,Cayuga,0,3,9,246
4/1/2020,Cayuga,1,4,25,271
4/2/2020,Cayuga,2,6,36,307
4/3/2020,Cayuga,1,7,15,322
4/4/2020,Cayuga,1,8,32,354
4/5/2020,Cayuga,3,11,31,385
4/6/2020,Cayuga,3,14,33,418
4/7/2020,Cayuga,0,14,11,429
4/8/2020,Cayuga,2,16,37,466
4/9/2020,Cayuga,11,27,31,497
4/10/2020,Cayuga,1,28,5,502
4/11/2020,Cayuga,1,29,8,510
4/12/2020,Cayuga,1,30,5,515
4/13/2020,Cayuga,3,33,52,567
4/14/2020,Cayuga,3,36,10,577
4/15/2020,Cayuga,0,36,10,587
4/16/2020,Cayuga,0,36,1,588
4/17/2020,Cayuga,0,36,9,597
4/18/2020,Cayuga,0,36,9,606
4/19/2020,Cayuga,0,36,12,618
4/20/2020,Cayuga,0,36,1,619
4/21/2020,Cayuga,0,36,3,622
4/22/2020,Cayuga,1,37,12,634
4/23/2020,Cayuga,2,39,14,648
4/24/2020,Cayuga,8,47,191,839
4/25/2020,Cayuga,0,47,19,858
4/26/2020,Cayuga,1,48,20,878
4/27/2020,Cayuga,0,48,20,898
4/28/2020,Cayuga,0,48,34,932
4/29/2020,Cayuga,0,48,25,957
4/30/2020,Cayuga,3,51,28,985
5/1/2020,Cayuga,0,51,17,1002
5/2/2020,Cayuga,0,51,14,1016
5/3/2020,Cayuga,0,51,10,1026
5/4/2020,Cayuga,0,51,22,1048
5/5/2020,Cayuga,0,51,19,1067
5/6/2020,Cayuga,1,52,25,1092
5/7/2020,Cayuga,0,52,20,1112
5/8/2020,Cayuga,1,53,61,1173
5/9/2020,Cayuga,5,58,23,1196
5/10/2020,Cayuga,2,60,48,1244
5/11/2020,Cayuga,0,60,23,1267
5/12/2020,Cayuga,0,60,45,1312
5/13/2020,Cayuga,0,60,104,1416
5/14/2020,Cayuga,1,61,261,1677
5/15/2020,Cayuga,2,63,111,1788
5/16/2020,Cayuga,0,63,79,1867
5/17/2020,Cayuga,2,65,189,2056
5/18/2020,Cayuga,3,68,68,2124
5/19/2020,Cayuga,0,68,106,2230
5/20/2020,Cayuga,4,72,105,2335
5/21/2020,Cayuga,1,73,245,2580
5/22/2020,Cayuga,3,76,356,2936
5/23/2020,Cayuga,1,77,143,3079
5/24/2020,Cayuga,0,77,176,3255
5/25/2020,Cayuga,1,78,76,3331
5/26/2020,Cayuga,2,80,117,3448
5/27/2020,Cayuga,4,84,101,3549
5/28/2020,Cayuga,5,89,383,3932
5/29/2020,Cayuga,1,90,374,4306
5/30/2020,Cayuga,1,91,249,4555
5/31/2020,Cayuga,1,92,289,4844
6/1/2020,Cayuga,1,93,250,5094
6/2/2020,Cayuga,3,96,288,5382
6/3/2020,Cayuga,0,96,375,5757
6/4/2020,Cayuga,2,98,375,6132
6/5/2020,Cayuga,2,100,299,6431
6/6/2020,Cayuga,1,101,233,6664
6/7/2020,Cayuga,0,101,465,7129
6/8/2020,Cayuga,1,102,231,7360
6/9/2020,Cayuga,0,102,231,7591
6/10/2020,Cayuga,0,102,152,7743
6/11/2020,Cayuga,1,103,337,8080
6/12/2020,Cayuga,0,103,170,8250
6/13/2020,Cayuga,3,106,432,8682
6/14/2020,Cayuga,0,106,106,8788
6/15/2020,Cayuga,0,106,169,8957
6/16/2020,Cayuga,0,106,142,9099
6/17/2020,Cayuga,0,106,98,9197
6/18/2020,Cayuga,1,107,476,9673
6/19/2020,Cayuga,1,108,225,9898
6/20/2020,Cayuga,0,108,420,10318
6/21/2020,Cayuga,0,108,101,10419
6/22/2020,Cayuga,0,108,193,10612
6/23/2020,Cayuga,1,109,144,10756
6/24/2020,Cayuga,0,109,116,10872
6/25/2020,Cayuga,0,109,200,11072
6/26/2020,Cayuga,2,111,285,11357
6/27/2020,Cayuga,2,113,338,11695
6/28/2020,Cayuga,1,114,277,11972
6/29/2020,Cayuga,1,115,184,12156
6/30/2020,Cayuga,4,119,121,12277
7/1/2020,Cayuga,0,119,126,12403
7/2/2020,Cayuga,1,120,194,12597
7/3/2020,Cayuga,0,120,308,12905
7/4/2020,Cayuga,0,120,97,13002
7/5/2020,Cayuga,2,122,75,13077
7/6/2020,Cayuga,0,122,188,13265
7/7/2020,Cayuga,0,122,262,13527
7/8/2020,Cayuga,2,124,240,13767
7/9/2020,Cayuga,0,124,291,14058
7/10/2020,Cayuga,2,126,236,14294
7/11/2020,Cayuga,0,126,308,14602
7/12/2020,Cayuga,0,126,154,14756
7/13/2020,Cayuga,1,127,362,15118
7/14/2020,Cayuga,1,128,190,15308
7/15/2020,Cayuga,0,128,221,15529
7/16/2020,Cayuga,1,129,574,16103
7/17/2020,Cayuga,0,129,253,16356
7/18/2020,Cayuga,0,129,92,16448
7/19/2020,Cayuga,2,131,172,16620
7/20/2020,Cayuga,0,131,325,16945
7/21/2020,Cayuga,3,134,346,17291
7/22/2020,Cayuga,1,135,376,17667
7/23/2020,Cayuga,2,137,423,18090
7/24/2020,Cayuga,2,139,260,18350
7/25/2020,Cayuga,0,139,438,18788
7/26/2020,Cayuga,1,140,238,19026
7/27/2020,Cayuga,0,140,168,19194
7/28/2020,Cayuga,1,141,236,19430
7/29/2020,Cayuga,0,141,205,19635
7/30/2020,Cayuga,2,143,152,19787
7/31/2020,Cayuga,1,144,236,20023
8/1/2020,Cayuga,4,148,115,20138
8/2/2020,Cayuga,0,148,85,20223
8/3/2020,Cayuga,2,150,541,20764
8/4/2020,Cayuga,0,150,257,21021
8/5/2020,Cayuga,1,151,262,21283
8/6/2020,Cayuga,0,151,233,21516
8/7/2020,Cayuga,0,151,155,21671
8/8/2020,Cayuga,1,152,109,21780
8/9/2020,Cayuga,0,152,60,21840
8/10/2020,Cayuga,5,157,628,22468
8/11/2020,Cayuga,4,161,304,22772
8/12/2020,Cayuga,1,162,193,22965
8/13/2020,Cayuga,1,163,175,23140
8/14/2020,Cayuga,0,163,224,23364
8/15/2020,Cayuga,1,164,131,23495
8/16/2020,Cayuga,0,164,374,23869
8/17/2020,Cayuga,0,164,221,24090
8/18/2020,Cayuga,0,164,224,24314
8/19/2020,Cayuga,0,164,291,24605
8/20/2020,Cayuga,0,164,427,25032
8/21/2020,Cayuga,2,166,280,25312
8/22/2020,Cayuga,1,167,168,25480
8/23/2020,Cayuga,0,167,67,25547
8/24/2020,Cayuga,7,174,532,26079
8/25/2020,Cayuga,1,175,212,26291
8/26/2020,Cayuga,1,176,229,26520
8/27/2020,Cayuga,1,177,233,26753
8/28/2020,Cayuga,0,177,675,27428
8/29/2020,Cayuga,0,177,374,27802
8/30/2020,Cayuga,1,178,74,27876
8/31/2020,Cayuga,2,180,245,28121
9/1/2020,Cayuga,0,180,204,28325
9/2/2020,Cayuga,1,181,351,28676
9/3/2020,Cayuga,0,181,253,28929
9/4/2020,Cayuga,1,182,539,29468
9/5/2020,Cayuga,1,183,179,29647
9/6/2020,Cayuga,0,183,89,29736
9/7/2020,Cayuga,1,184,155,29891
9/8/2020,Cayuga,1,185,114,30005
9/9/2020,Cayuga,0,185,178,30183
9/10/2020,Cayuga,0,185,511,30694
9/11/2020,Cayuga,2,187,637,31331
9/12/2020,Cayuga,3,190,263,31594
9/13/2020,Cayuga,0,190,86,31680
9/14/2020,Cayuga,1,191,286,31966
9/15/2020,Cayuga,2,193,172,32138
9/16/2020,Cayuga,1,194,391,32529
9/17/2020,Cayuga,1,195,356,32885
9/18/2020,Cayuga,1,196,806,33691
9/19/2020,Cayuga,3,199,344,34035
9/20/2020,Cayuga,0,199,119,34154
9/21/2020,Cayuga,3,202,304,34458
9/22/2020,Cayuga,2,204,257,34715
9/23/2020,Cayuga,1,205,355,35070
9/24/2020,Cayuga,3,208,600,35670
9/25/2020,Cayuga,3,211,676,36346
9/26/2020,Cayuga,4,215,378,36724
9/27/2020,Cayuga,3,218,376,37100
9/28/2020,Cayuga,1,219,207,37307
9/29/2020,Cayuga,1,220,422,37729
9/30/2020,Cayuga,1,221,418,38147
10/1/2020,Cayuga,3,224,529,38676
10/2/2020,Cayuga,4,228,526,39202
10/3/2020,Cayuga,3,231,337,39539
10/4/2020,Cayuga,0,231,418,39957
10/5/2020,Cayuga,1,232,412,40369
10/6/2020,Cayuga,2,234,356,40725
10/7/2020,Cayuga,3,237,344,41069
10/8/2020,Cayuga,3,240,595,41664
10/9/2020,Cayuga,1,241,920,42584
10/10/2020,Cayuga,3,244,275,42859
10/11/2020,Cayuga,2,246,437,43296
10/12/2020,Cayuga,5,251,303,43599
10/13/2020,Cayuga,8,259,532,44131
10/14/2020,Cayuga,10,269,448,44579
10/15/2020,Cayuga,6,275,480,45059
10/16/2020,Cayuga,9,284,798,45857
10/17/2020,Cayuga,5,289,336,46193
10/18/2020,Cayuga,5,294,386,46579
10/19/2020,Cayuga,8,302,394,46973
10/20/2020,Cayuga,30,332,567,47540
10/21/2020,Cayuga,10,342,608,48148
10/22/2020,Cayuga,9,351,442,48590
10/23/2020,Cayuga,1,352,770,49360
10/24/2020,Cayuga,12,364,668,50028
10/25/2020,Cayuga,9,373,480,50508
10/26/2020,Cayuga,16,389,498,51006
10/27/2020,Cayuga,8,397,376,51382
10/28/2020,Cayuga,8,405,371,51753
10/29/2020,Cayuga,24,429,567,52320
10/30/2020,Cayuga,9,438,866,53186
10/31/2020,Cayuga,15,453,386,53572
11/1/2020,Cayuga,3,456,348,53920
11/2/2020,Cayuga,9,465,460,54380
11/3/2020,Cayuga,9,474,475,54855
11/4/2020,Cayuga,12,486,557,55412
11/5/2020,Cayuga,10,496,590,56002
11/6/2020,Cayuga,22,518,706,56708
11/7/2020,Cayuga,15,533,348,57056
11/8/2020,Cayuga,16,549,496,57552
11/9/2020,Cayuga,17,566,470,58022
11/10/2020,Cayuga,7,573,509,58531
11/11/2020,Cayuga,21,594,522,59053
11/12/2020,Cayuga,15,609,731,59784
11/13/2020,Cayuga,18,627,987,60771
11/14/2020,Cayuga,5,632,293,61064
3/1/2020,Chautauqua,0,0,0,0
3/2/2020,Chautauqua,0,0,0,0
3/3/2020,Chautauqua,0,0,0,0
3/4/2020,Chautauqua,0,0,0,0
3/5/2020,Chautauqua,0,0,0,0
3/6/2020,Chautauqua,0,0,0,0
3/7/2020,Chautauqua,0,0,0,0
3/8/2020,Chautauqua,0,0,0,0
3/9/2020,Chautauqua,0,0,0,0
3/10/2020,Chautauqua,0,0,0,0
3/11/2020,Chautauqua,0,0,0,0
3/12/2020,Chautauqua,0,0,1,1
3/13/2020,Chautauqua,0,0,1,2
3/14/2020,Chautauqua,0,0,0,2
3/15/2020,Chautauqua,0,0,1,3
3/16/2020,Chautauqua,0,0,0,3
3/17/2020,Chautauqua,0,0,0,3
3/18/2020,Chautauqua,0,0,3,6
3/19/2020,Chautauqua,0,0,1,7
3/20/2020,Chautauqua,0,0,2,9
3/21/2020,Chautauqua,0,0,4,13
3/22/2020,Chautauqua,0,0,12,25
3/23/2020,Chautauqua,0,0,4,29
3/24/2020,Chautauqua,1,1,3,32
3/25/2020,Chautauqua,0,1,4,36
3/26/2020,Chautauqua,0,1,20,56
3/27/2020,Chautauqua,4,5,19,75
3/28/2020,Chautauqua,0,5,20,95
3/29/2020,Chautauqua,0,5,3,98
3/30/2020,Chautauqua,1,6,9,107
3/31/2020,Chautauqua,0,6,9,116
4/1/2020,Chautauqua,2,8,8,124
4/2/2020,Chautauqua,1,9,15,139
4/3/2020,Chautauqua,1,10,20,159
4/4/2020,Chautauqua,1,11,28,187
4/5/2020,Chautauqua,4,15,50,237
4/6/2020,Chautauqua,1,16,37,274
4/7/2020,Chautauqua,1,17,6,280
4/8/2020,Chautauqua,1,18,32,312
4/9/2020,Chautauqua,2,20,54,366
4/10/2020,Chautauqua,1,21,67,433
4/11/2020,Chautauqua,1,22,39,472
4/12/2020,Chautauqua,1,23,25,497
4/13/2020,Chautauqua,0,23,8,505
4/14/2020,Chautauqua,1,24,19,524
4/15/2020,Chautauqua,0,24,29,553
4/16/2020,Chautauqua,1,25,32,585
4/17/2020,Chautauqua,0,25,22,607
4/18/2020,Chautauqua,0,25,20,627
4/19/2020,Chautauqua,0,25,9,636
4/20/2020,Chautauqua,0,25,3,639
4/21/2020,Chautauqua,1,26,26,665
4/22/2020,Chautauqua,0,26,38,703
4/23/2020,Chautauqua,1,27,74,777
4/24/2020,Chautauqua,0,27,97,874
4/25/2020,Chautauqua,2,29,56,930
4/26/2020,Chautauqua,1,30,101,1031
4/27/2020,Chautauqua,0,30,26,1057
4/28/2020,Chautauqua,1,31,64,1121
4/29/2020,Chautauqua,2,33,39,1160
4/30/2020,Chautauqua,2,35,47,1207
5/1/2020,Chautauqua,0,35,53,1260
5/2/2020,Chautauqua,1,36,18,1278
5/3/2020,Chautauqua,1,37,9,1287
5/4/2020,Chautauqua,0,37,54,1341
5/5/2020,Chautauqua,1,38,88,1429
5/6/2020,Chautauqua,2,40,80,1509
5/7/2020,Chautauqua,0,40,51,1560
5/8/2020,Chautauqua,0,40,97,1657
5/9/2020,Chautauqua,1,41,58,1715
5/10/2020,Chautauqua,0,41,27,1742
5/11/2020,Chautauqua,1,42,49,1791
5/12/2020,Chautauqua,1,43,125,1916
5/13/2020,Chautauqua,1,44,125,2041
5/14/2020,Chautauqua,1,45,139,2180
5/15/2020,Chautauqua,3,48,60,2240
5/16/2020,Chautauqua,0,48,91,2331
5/17/2020,Chautauqua,1,49,63,2394
5/18/2020,Chautauqua,0,49,98,2492
5/19/2020,Chautauqua,1,50,90,2582
5/20/2020,Chautauqua,8,58,273,2855
5/21/2020,Chautauqua,5,63,190,3045
5/22/2020,Chautauqua,9,72,217,3262
5/23/2020,Chautauqua,3,75,134,3396
5/24/2020,Chautauqua,0,75,38,3434
5/25/2020,Chautauqua,2,77,94,3528
5/26/2020,Chautauqua,1,78,145,3673
5/27/2020,Chautauqua,3,81,129,3802
5/28/2020,Chautauqua,1,82,637,4439
5/29/2020,Chautauqua,1,83,272,4711
5/30/2020,Chautauqua,1,84,637,5348
5/31/2020,Chautauqua,1,85,253,5601
6/1/2020,Chautauqua,1,86,184,5785
6/2/2020,Chautauqua,3,89,277,6062
6/3/2020,Chautauqua,6,95,604,6666
6/4/2020,Chautauqua,2,97,522,7188
6/5/2020,Chautauqua,2,99,364,7552
6/6/2020,Chautauqua,2,101,1131,8683
6/7/2020,Chautauqua,0,101,343,9026
6/8/2020,Chautauqua,2,103,250,9276
6/9/2020,Chautauqua,2,105,308,9584
6/10/2020,Chautauqua,1,106,778,10362
6/11/2020,Chautauqua,0,106,487,10849
6/12/2020,Chautauqua,0,106,370,11219
6/13/2020,Chautauqua,1,107,723,11942
6/14/2020,Chautauqua,0,107,261,12203
6/15/2020,Chautauqua,1,108,607,12810
6/16/2020,Chautauqua,0,108,439,13249
6/17/2020,Chautauqua,2,110,511,13760
6/18/2020,Chautauqua,2,112,407,14167
6/19/2020,Chautauqua,3,115,281,14448
6/20/2020,Chautauqua,1,116,511,14959
6/21/2020,Chautauqua,0,116,318,15277
6/22/2020,Chautauqua,0,116,393,15670
6/23/2020,Chautauqua,2,118,316,15986
6/24/2020,Chautauqua,3,121,332,16318
6/25/2020,Chautauqua,1,122,586,16904
6/26/2020,Chautauqua,1,123,207,17111
6/27/2020,Chautauqua,0,123,284,17395
6/28/2020,Chautauqua,0,123,372,17767
6/29/2020,Chautauqua,4,127,568,18335
6/30/2020,Chautauqua,0,127,492,18827
7/1/2020,Chautauqua,0,127,292,19119
7/2/2020,Chautauqua,2,129,227,19346
7/3/2020,Chautauqua,2,131,107,19453
7/4/2020,Chautauqua,1,132,287,19740
7/5/2020,Chautauqua,2,134,582,20322
7/6/2020,Chautauqua,1,135,428,20750
7/7/2020,Chautauqua,14,149,318,21068
7/8/2020,Chautauqua,3,152,193,21261
7/9/2020,Chautauqua,3,155,606,21867
7/10/2020,Chautauqua,15,170,352,22219
7/11/2020,Chautauqua,0,170,267,22486
7/12/2020,Chautauqua,1,171,192,22678
7/13/2020,Chautauqua,9,180,573,23251
7/14/2020,Chautauqua,6,186,479,23730
7/15/2020,Chautauqua,5,191,575,24305
7/16/2020,Chautauqua,1,192,670,24975
7/17/2020,Chautauqua,2,194,275,25250
7/18/2020,Chautauqua,0,194,295,25545
7/19/2020,Chautauqua,0,194,199,25744
7/20/2020,Chautauqua,12,206,769,26513
7/21/2020,Chautauqua,4,210,692,27205
7/22/2020,Chautauqua,2,212,385,27590
7/23/2020,Chautauqua,0,212,629,28219
7/24/2020,Chautauqua,4,216,408,28627
7/25/2020,Chautauqua,2,218,118,28745
7/26/2020,Chautauqua,0,218,57,28802
7/27/2020,Chautauqua,1,219,339,29141
7/28/2020,Chautauqua,4,223,386,29527
7/29/2020,Chautauqua,1,224,471,29998
7/30/2020,Chautauqua,4,228,422,30420
7/31/2020,Chautauqua,3,231,729,31149
8/1/2020,Chautauqua,1,232,262,31411
8/2/2020,Chautauqua,2,234,230,31641
8/3/2020,Chautauqua,7,241,295,31936
8/4/2020,Chautauqua,0,241,298,32234
8/5/2020,Chautauqua,3,244,232,32466
8/6/2020,Chautauqua,5,249,330,32796
8/7/2020,Chautauqua,4,253,530,33326
8/8/2020,Chautauqua,0,253,350,33676
8/9/2020,Chautauqua,4,257,418,34094
8/10/2020,Chautauqua,1,258,706,34800
8/11/2020,Chautauqua,0,258,949,35749
8/12/2020,Chautauqua,2,260,530,36279
8/13/2020,Chautauqua,0,260,376,36655
8/14/2020,Chautauqua,3,263,396,37051
8/15/2020,Chautauqua,0,263,194,37245
8/16/2020,Chautauqua,2,265,167,37412
8/17/2020,Chautauqua,6,271,1028,38440
8/18/2020,Chautauqua,1,272,259,38699
8/19/2020,Chautauqua,3,275,238,38937
8/20/2020,Chautauqua,3,278,497,39434
8/21/2020,Chautauqua,9,287,393,39827
8/22/2020,Chautauqua,2,289,308,40135
8/23/2020,Chautauqua,0,289,587,40722
8/24/2020,Chautauqua,16,305,415,41137
8/25/2020,Chautauqua,5,310,204,41341
8/26/2020,Chautauqua,30,340,683,42024
8/27/2020,Chautauqua,15,355,665,42689
8/28/2020,Chautauqua,18,373,492,43181
8/29/2020,Chautauqua,9,382,361,43542
8/30/2020,Chautauqua,12,394,676,44218
8/31/2020,Chautauqua,11,405,747,44965
9/1/2020,Chautauqua,23,428,653,45618
9/2/2020,Chautauqua,24,452,543,46161
9/3/2020,Chautauqua,12,464,557,46718
9/4/2020,Chautauqua,7,471,459,47177
9/5/2020,Chautauqua,4,475,522,47699
9/6/2020,Chautauqua,1,476,430,48129
9/7/2020,Chautauqua,1,477,207,48336
9/8/2020,Chautauqua,1,478,261,48597
9/9/2020,Chautauqua,14,492,530,49127
9/10/2020,Chautauqua,4,496,399,49526
9/11/2020,Chautauqua,11,507,514,50040
9/12/2020,Chautauqua,8,515,376,50416
9/13/2020,Chautauqua,1,516,140,50556
9/14/2020,Chautauqua,7,523,420,50976
9/15/2020,Chautauqua,4,527,630,51606
9/16/2020,Chautauqua,6,533,536,52142
9/17/2020,Chautauqua,2,535,463,52605
9/18/2020,Chautauqua,1,536,387,52992
9/19/2020,Chautauqua,1,537,388,53380
9/20/2020,Chautauqua,4,541,451,53831
9/21/2020,Chautauqua,6,547,607,54438
9/22/2020,Chautauqua,4,551,530,54968
9/23/2020,Chautauqua,3,554,276,55244
9/24/2020,Chautauqua,7,561,762,56006
9/25/2020,Chautauqua,7,568,502,56508
9/26/2020,Chautauqua,5,573,608,57116
9/27/2020,Chautauqua,5,578,343,57459
9/28/2020,Chautauqua,7,585,774,58233
9/29/2020,Chautauqua,5,590,486,58719
9/30/2020,Chautauqua,12,602,600,59319
10/1/2020,Chautauqua,2,604,588,59907
10/2/2020,Chautauqua,7,611,1057,60964
10/3/2020,Chautauqua,18,629,759,61723
10/4/2020,Chautauqua,3,632,390,62113
10/5/2020,Chautauqua,4,636,278,62391
10/6/2020,Chautauqua,5,641,423,62814
10/7/2020,Chautauqua,15,656,695,63509
10/8/2020,Chautauqua,12,668,620,64129
10/9/2020,Chautauqua,14,682,927,65056
10/10/2020,Chautauqua,9,691,1167,66223
10/11/2020,Chautauqua,4,695,288,66511
10/12/2020,Chautauqua,37,732,413,66924
10/13/2020,Chautauqua,16,748,406,67330
10/14/2020,Chautauqua,10,758,285,67615
10/15/2020,Chautauqua,13,771,640,68255
10/16/2020,Chautauqua,18,789,548,68803
10/17/2020,Chautauqua,7,796,368,69171
10/18/2020,Chautauqua,3,799,513,69684
10/19/2020,Chautauqua,6,805,558,70242
10/20/2020,Chautauqua,40,845,540,70782
10/21/2020,Chautauqua,13,858,932,71714
10/22/2020,Chautauqua,10,868,488,72202
10/23/2020,Chautauqua,9,877,910,73112
10/24/2020,Chautauqua,7,884,769,73881
10/25/2020,Chautauqua,3,887,433,74314
10/26/2020,Chautauqua,18,905,793,75107
10/27/2020,Chautauqua,19,924,622,75729
10/28/2020,Chautauqua,31,955,1345,77074
10/29/2020,Chautauqua,21,976,691,77765
10/30/2020,Chautauqua,18,994,671,78436
10/31/2020,Chautauqua,23,1017,950,79386
11/1/2020,Chautauqua,6,1023,706,80092
11/2/2020,Chautauqua,17,1040,639,80731
11/3/2020,Chautauqua,11,1051,528,81259
11/4/2020,Chautauqua,30,1081,1009,82268
11/5/2020,Chautauqua,13,1094,1187,83455
11/6/2020,Chautauqua,9,1103,919,84374
11/7/2020,Chautauqua,11,1114,1006,85380
11/8/2020,Chautauqua,4,1118,261,85641
11/9/2020,Chautauqua,18,1136,574,86215
11/10/2020,Chautauqua,25,1161,1816,88031
11/11/2020,Chautauqua,26,1187,1245,89276
11/12/2020,Chautauqua,23,1210,3147,92423
11/13/2020,Chautauqua,24,1234,2006,94429
11/14/2020,Chautauqua,5,1239,300,94729
3/1/2020,Chemung,0,0,0,0
3/2/2020,Chemung,0,0,0,0
3/3/2020,Chemung,0,0,0,0
3/4/2020,Chemung,0,0,0,0
3/5/2020,Chemung,0,0,0,0
3/6/2020,Chemung,0,0,0,0
3/7/2020,Chemung,0,0,0,0
3/8/2020,Chemung,0,0,0,0
3/9/2020,Chemung,0,0,0,0
3/10/2020,Chemung,0,0,1,1
3/11/2020,Chemung,0,0,0,1
3/12/2020,Chemung,0,0,0,1
3/13/2020,Chemung,0,0,0,1
3/14/2020,Chemung,0,0,0,1
3/15/2020,Chemung,0,0,1,2
3/16/2020,Chemung,0,0,0,2
3/17/2020,Chemung,0,0,0,2
3/18/2020,Chemung,0,0,2,4
3/19/2020,Chemung,0,0,6,10
3/20/2020,Chemung,0,0,10,20
3/21/2020,Chemung,0,0,2,22
3/22/2020,Chemung,0,0,17,39
3/23/2020,Chemung,1,1,17,56
3/24/2020,Chemung,0,1,5,61
3/25/2020,Chemung,6,7,57,118
3/26/2020,Chemung,4,11,48,166
3/27/2020,Chemung,1,12,48,214
3/28/2020,Chemung,3,15,25,239
3/29/2020,Chemung,0,15,7,246
3/30/2020,Chemung,5,20,47,293
3/31/2020,Chemung,2,22,42,335
4/1/2020,Chemung,0,22,14,349
4/2/2020,Chemung,13,35,84,433
4/3/2020,Chemung,1,36,28,461
4/4/2020,Chemung,2,38,35,496
4/5/2020,Chemung,9,47,50,546
4/6/2020,Chemung,2,49,22,568
4/7/2020,Chemung,6,55,56,624
4/8/2020,Chemung,4,59,38,662
4/9/2020,Chemung,0,59,39,701
4/10/2020,Chemung,1,60,26,727
4/11/2020,Chemung,0,60,6,733
4/12/2020,Chemung,0,60,9,742
4/13/2020,Chemung,4,64,40,782
4/14/2020,Chemung,5,69,43,825
4/15/2020,Chemung,1,70,18,843
4/16/2020,Chemung,1,71,9,852
4/17/2020,Chemung,1,72,32,884
4/18/2020,Chemung,1,73,15,899
4/19/2020,Chemung,0,73,17,916
4/20/2020,Chemung,2,75,32,948
4/21/2020,Chemung,0,75,38,986
4/22/2020,Chemung,1,76,29,1015
4/23/2020,Chemung,3,79,39,1054
4/24/2020,Chemung,24,103,228,1282
4/25/2020,Chemung,3,106,17,1299
4/26/2020,Chemung,2,108,20,1319
4/27/2020,Chemung,5,113,64,1383
4/28/2020,Chemung,6,119,96,1479
4/29/2020,Chemung,3,122,84,1563
4/30/2020,Chemung,1,123,54,1617
5/1/2020,Chemung,1,124,36,1653
5/2/2020,Chemung,1,125,26,1679
5/3/2020,Chemung,1,126,244,1923
5/4/2020,Chemung,0,126,154,2077
5/5/2020,Chemung,2,128,143,2220
5/6/2020,Chemung,1,129,89,2309
5/7/2020,Chemung,1,130,46,2355
5/8/2020,Chemung,1,131,108,2463
5/9/2020,Chemung,0,131,125,2588
5/10/2020,Chemung,0,131,174,2762
5/11/2020,Chemung,0,131,68,2830
5/12/2020,Chemung,1,132,282,3112
5/13/2020,Chemung,0,132,312,3424
5/14/2020,Chemung,1,133,234,3658
5/15/2020,Chemung,1,134,240,3898
5/16/2020,Chemung,0,134,106,4004
5/17/2020,Chemung,0,134,68,4072
5/18/2020,Chemung,0,134,118,4190
5/19/2020,Chemung,0,134,113,4303
5/20/2020,Chemung,0,134,91,4394
5/21/2020,Chemung,1,135,141,4535
5/22/2020,Chemung,1,136,233,4768
5/23/2020,Chemung,0,136,215,4983
5/24/2020,Chemung,0,136,196,5179
5/25/2020,Chemung,0,136,96,5275
5/26/2020,Chemung,0,136,295,5570
5/27/2020,Chemung,0,136,63,5633
5/28/2020,Chemung,1,137,99,5732
5/29/2020,Chemung,0,137,451,6183
5/30/2020,Chemung,0,137,337,6520
5/31/2020,Chemung,0,137,73,6593
6/1/2020,Chemung,0,137,145,6738
6/2/2020,Chemung,0,137,247,6985
6/3/2020,Chemung,0,137,219,7204
6/4/2020,Chemung,0,137,114,7318
6/5/2020,Chemung,0,137,853,8171
6/6/2020,Chemung,0,137,263,8434
6/7/2020,Chemung,0,137,217,8651
6/8/2020,Chemung,1,138,544,9195
6/9/2020,Chemung,0,138,296,9491
6/10/2020,Chemung,0,138,437,9928
6/11/2020,Chemung,0,138,169,10097
6/12/2020,Chemung,0,138,380,10477
6/13/2020,Chemung,0,138,157,10634
6/14/2020,Chemung,0,138,106,10740
6/15/2020,Chemung,0,138,219,10959
6/16/2020,Chemung,0,138,325,11284
6/17/2020,Chemung,0,138,317,11601
6/18/2020,Chemung,1,139,372,11973
6/19/2020,Chemung,0,139,267,12240
6/20/2020,Chemung,0,139,108,12348
6/21/2020,Chemung,0,139,198,12546
6/22/2020,Chemung,0,139,237,12783
6/23/2020,Chemung,0,139,275,13058
6/24/2020,Chemung,0,139,306,13364
6/25/2020,Chemung,0,139,148,13512
6/26/2020,Chemung,0,139,340,13852
6/27/2020,Chemung,1,140,276,14128
6/28/2020,Chemung,0,140,231,14359
6/29/2020,Chemung,1,141,167,14526
6/30/2020,Chemung,3,144,278,14804
7/1/2020,Chemung,0,144,194,14998
7/2/2020,Chemung,1,145,205,15203
7/3/2020,Chemung,1,146,419,15622
7/4/2020,Chemung,0,146,257,15879
7/5/2020,Chemung,0,146,250,16129
7/6/2020,Chemung,1,147,244,16373
7/7/2020,Chemung,0,147,276,16649
7/8/2020,Chemung,1,148,179,16828
7/9/2020,Chemung,0,148,308,17136
7/10/2020,Chemung,0,148,268,17404
7/11/2020,Chemung,0,148,378,17782
7/12/2020,Chemung,0,148,190,17972
7/13/2020,Chemung,1,149,332,18304
7/14/2020,Chemung,2,151,464,18768
7/15/2020,Chemung,0,151,422,19190
7/16/2020,Chemung,0,151,473,19663
7/17/2020,Chemung,2,153,284,19947
7/18/2020,Chemung,1,154,213,20160
7/19/2020,Chemung,1,155,139,20299
7/20/2020,Chemung,0,155,188,20487
7/21/2020,Chemung,1,156,273,20760
7/22/2020,Chemung,1,157,506,21266
7/23/2020,Chemung,1,158,640,21906
7/24/2020,Chemung,2,160,336,22242
7/25/2020,Chemung,0,160,146,22388
7/26/2020,Chemung,0,160,109,22497
7/27/2020,Chemung,0,160,142,22639
7/28/2020,Chemung,1,161,413,23052
7/29/2020,Chemung,1,162,387,23439
7/30/2020,Chemung,1,163,409,23848
7/31/2020,Chemung,0,163,232,24080
8/1/2020,Chemung,0,163,196,24276
8/2/2020,Chemung,0,163,90,24366
8/3/2020,Chemung,0,163,101,24467
8/4/2020,Chemung,2,165,570,25037
8/5/2020,Chemung,0,165,417,25454
8/6/2020,Chemung,3,168,376,25830
8/7/2020,Chemung,3,171,387,26217
8/8/2020,Chemung,0,171,264,26481
8/9/2020,Chemung,1,172,181,26662
8/10/2020,Chemung,4,176,273,26935
8/11/2020,Chemung,1,177,443,27378
8/12/2020,Chemung,7,184,472,27850
8/13/2020,Chemung,3,187,396,28246
8/14/2020,Chemung,1,188,476,28722
8/15/2020,Chemung,1,189,253,28975
8/16/2020,Chemung,1,190,149,29124
8/17/2020,Chemung,0,190,155,29279
8/18/2020,Chemung,1,191,320,29599
8/19/2020,Chemung,2,193,247,29846
8/20/2020,Chemung,0,193,573,30419
8/21/2020,Chemung,1,194,407,30826
8/22/2020,Chemung,0,194,264,31090
8/23/2020,Chemung,0,194,164,31254
8/24/2020,Chemung,0,194,103,31357
8/25/2020,Chemung,0,194,430,31787
8/26/2020,Chemung,0,194,371,32158
8/27/2020,Chemung,2,196,525,32683
8/28/2020,Chemung,0,196,302,32985
8/29/2020,Chemung,4,200,218,33203
8/30/2020,Chemung,3,203,146,33349
8/31/2020,Chemung,2,205,95,33444
9/1/2020,Chemung,0,205,338,33782
9/2/2020,Chemung,0,205,554,34336
9/3/2020,Chemung,1,206,243,34579
9/4/2020,Chemung,0,206,239,34818
9/5/2020,Chemung,2,208,176,34994
9/6/2020,Chemung,2,210,105,35099
9/7/2020,Chemung,1,211,141,35240
9/8/2020,Chemung,3,214,159,35399
9/9/2020,Chemung,4,218,677,36076
9/10/2020,Chemung,21,239,427,36503
9/11/2020,Chemung,8,247,379,36882
9/12/2020,Chemung,4,251,134,37016
9/13/2020,Chemung,0,251,325,37341
9/14/2020,Chemung,18,269,444,37785
9/15/2020,Chemung,6,275,365,38150
9/16/2020,Chemung,19,294,728,38878
9/17/2020,Chemung,11,305,653,39531
9/18/2020,Chemung,17,322,621,40152
9/19/2020,Chemung,8,330,273,40425
9/20/2020,Chemung,8,338,179,40604
9/21/2020,Chemung,11,349,243,40847
9/22/2020,Chemung,12,361,825,41672
9/23/2020,Chemung,26,387,750,42422
9/24/2020,Chemung,28,415,706,43128
9/25/2020,Chemung,25,440,599,43727
9/26/2020,Chemung,21,461,413,44140
9/27/2020,Chemung,9,470,152,44292
9/28/2020,Chemung,22,492,384,44676
9/29/2020,Chemung,18,510,582,45258
9/30/2020,Chemung,50,560,742,46000
10/1/2020,Chemung,31,591,590,46590
10/2/2020,Chemung,60,651,824,47414
10/3/2020,Chemung,70,721,744,48158
10/4/2020,Chemung,26,747,302,48460
10/5/2020,Chemung,38,785,499,48959
10/6/2020,Chemung,31,816,664,49623
10/7/2020,Chemung,39,855,869,50492
10/8/2020,Chemung,33,888,769,51261
10/9/2020,Chemung,41,929,930,52191
10/10/2020,Chemung,29,958,677,52868
10/11/2020,Chemung,27,985,401,53269
10/12/2020,Chemung,30,1015,491,53760
10/13/2020,Chemung,46,1061,815,54575
10/14/2020,Chemung,43,1104,604,55179
10/15/2020,Chemung,52,1156,994,56173
10/16/2020,Chemung,43,1199,792,56965
10/17/2020,Chemung,45,1244,808,57773
10/18/2020,Chemung,48,1292,429,58202
10/19/2020,Chemung,40,1332,482,58684
10/20/2020,Chemung,49,1381,942,59626
10/21/2020,Chemung,75,1456,1127,60753
10/22/2020,Chemung,54,1510,1150,61903
10/23/2020,Chemung,34,1544,891,62794
10/24/2020,Chemung,96,1640,1206,64000
10/25/2020,Chemung,22,1662,311,64311
10/26/2020,Chemung,48,1710,687,64998
10/27/2020,Chemung,33,1743,575,65573
10/28/2020,Chemung,34,1777,995,66568
10/29/2020,Chemung,20,1797,913,67481
10/30/2020,Chemung,29,1826,606,68087
10/31/2020,Chemung,26,1852,754,68841
11/1/2020,Chemung,38,1890,391,69232
11/2/2020,Chemung,33,1923,448,69680
11/3/2020,Chemung,25,1948,637,70317
11/4/2020,Chemung,48,1996,863,71180
11/5/2020,Chemung,50,2046,1036,72216
11/6/2020,Chemung,50,2096,853,73069
11/7/2020,Chemung,30,2126,937,74006
11/8/2020,Chemung,9,2135,501,74507
11/9/2020,Chemung,22,2157,591,75098
11/10/2020,Chemung,40,2197,972,76070
11/11/2020,Chemung,44,2241,927,76997
11/12/2020,Chemung,39,2280,1242,78239
11/13/2020,Chemung,51,2331,979,79218
11/14/2020,Chemung,31,2362,903,80121
3/1/2020,Chenango,0,0,0,0
3/2/2020,Chenango,0,0,0,0
3/3/2020,Chenango,0,0,0,0
3/4/2020,Chenango,0,0,0,0
3/5/2020,Chenango,0,0,0,0
3/6/2020,Chenango,0,0,0,0
3/7/2020,Chenango,0,0,0,0
3/8/2020,Chenango,0,0,0,0
3/9/2020,Chenango,0,0,0,0
3/10/2020,Chenango,0,0,0,0
3/11/2020,Chenango,0,0,0,0
3/12/2020,Chenango,0,0,0,0
3/13/2020,Chenango,0,0,0,0
3/14/2020,Chenango,0,0,0,0
3/15/2020,Chenango,0,0,1,1
3/16/2020,Chenango,0,0,2,3
3/17/2020,Chenango,1,1,1,4
3/18/2020,Chenango,1,2,1,5
3/19/2020,Chenango,0,2,0,5
3/20/2020,Chenango,0,2,4,9
3/21/2020,Chenango,1,3,4,13
3/22/2020,Chenango,0,3,2,15
3/23/2020,Chenango,0,3,3,18
3/24/2020,Chenango,0,3,6,24
3/25/2020,Chenango,0,3,1,25
3/26/2020,Chenango,1,4,6,31
3/27/2020,Chenango,4,8,13,44
3/28/2020,Chenango,7,15,15,59
3/29/2020,Chenango,2,17,7,66
3/30/2020,Chenango,2,19,9,75
3/31/2020,Chenango,7,26,20,95
4/1/2020,Chenango,2,28,16,111
4/2/2020,Chenango,4,32,17,128
4/3/2020,Chenango,7,39,40,168
4/4/2020,Chenango,4,43,17,185
4/5/2020,Chenango,3,46,27,212
4/6/2020,Chenango,5,51,42,254
4/7/2020,Chenango,2,53,11,265
4/8/2020,Chenango,2,55,21,286
4/9/2020,Chenango,5,60,29,315
4/10/2020,Chenango,1,61,17,332
4/11/2020,Chenango,2,63,12,344
4/12/2020,Chenango,2,65,17,361
4/13/2020,Chenango,3,68,36,397
4/14/2020,Chenango,3,71,17,414
4/15/2020,Chenango,2,73,21,435
4/16/2020,Chenango,3,76,16,451
4/17/2020,Chenango,1,77,11,462
4/18/2020,Chenango,1,78,13,475
4/19/2020,Chenango,0,78,11,486
4/20/2020,Chenango,1,79,7,493
4/21/2020,Chenango,0,79,17,510
4/22/2020,Chenango,3,82,20,530
4/23/2020,Chenango,2,84,20,550
4/24/2020,Chenango,7,91,144,694
4/25/2020,Chenango,2,93,19,713
4/26/2020,Chenango,2,95,23,736
4/27/2020,Chenango,0,95,10,746
4/28/2020,Chenango,1,96,18,764
4/29/2020,Chenango,2,98,25,789
4/30/2020,Chenango,1,99,21,810
5/1/2020,Chenango,0,99,35,845
5/2/2020,Chenango,0,99,36,881
5/3/2020,Chenango,1,100,50,931
5/4/2020,Chenango,0,100,42,973
5/5/2020,Chenango,2,102,51,1024
5/6/2020,Chenango,3,105,50,1074
5/7/2020,Chenango,0,105,26,1100
5/8/2020,Chenango,4,109,181,1281
5/9/2020,Chenango,0,109,45,1326
5/10/2020,Chenango,2,111,107,1433
5/11/2020,Chenango,1,112,197,1630
5/12/2020,Chenango,0,112,83,1713
5/13/2020,Chenango,0,112,41,1754
5/14/2020,Chenango,1,113,45,1799
5/15/2020,Chenango,2,115,54,1853
5/16/2020,Chenango,2,117,50,1903
5/17/2020,Chenango,1,118,62,1965
5/18/2020,Chenango,0,118,67,2032
5/19/2020,Chenango,0,118,54,2086
5/20/2020,Chenango,0,118,150,2236
5/21/2020,Chenango,0,118,219,2455
5/22/2020,Chenango,0,118,143,2598
5/23/2020,Chenango,0,118,226,2824
5/24/2020,Chenango,1,119,217,3041
5/25/2020,Chenango,4,123,221,3262
5/26/2020,Chenango,2,125,122,3384
5/27/2020,Chenango,1,126,139,3523
5/28/2020,Chenango,4,130,168,3691
5/29/2020,Chenango,2,132,199,3890
5/30/2020,Chenango,1,133,404,4294
5/31/2020,Chenango,0,133,173,4467
6/1/2020,Chenango,0,133,190,4657
6/2/2020,Chenango,0,133,245,4902
6/3/2020,Chenango,0,133,193,5095
6/4/2020,Chenango,0,133,329,5424
6/5/2020,Chenango,0,133,252,5676
6/6/2020,Chenango,1,134,233,5909
6/7/2020,Chenango,1,135,313,6222
6/8/2020,Chenango,0,135,177,6399
6/9/2020,Chenango,2,137,234,6633
6/10/2020,Chenango,0,137,264,6897
6/11/2020,Chenango,1,138,273,7170
6/12/2020,Chenango,0,138,188,7358
6/13/2020,Chenango,0,138,219,7577
6/14/2020,Chenango,0,138,79,7656
6/15/2020,Chenango,1,139,213,7869
6/16/2020,Chenango,0,139,175,8044
6/17/2020,Chenango,0,139,281,8325
6/18/2020,Chenango,0,139,359,8684
6/19/2020,Chenango,0,139,169,8853
6/20/2020,Chenango,0,139,348,9201
6/21/2020,Chenango,1,140,134,9335
6/22/2020,Chenango,1,141,273,9608
6/23/2020,Chenango,1,142,83,9691
6/24/2020,Chenango,2,144,217,9908
6/25/2020,Chenango,1,145,300,10208
6/26/2020,Chenango,1,146,199,10407
6/27/2020,Chenango,0,146,234,10641
6/28/2020,Chenango,0,146,162,10803
6/29/2020,Chenango,0,146,104,10907
6/30/2020,Chenango,0,146,119,11026
7/1/2020,Chenango,2,148,231,11257
7/2/2020,Chenango,0,148,256,11513
7/3/2020,Chenango,1,149,115,11628
7/4/2020,Chenango,1,150,89,11717
7/5/2020,Chenango,6,156,433,12150
7/6/2020,Chenango,1,157,225,12375
7/7/2020,Chenango,2,159,83,12458
7/8/2020,Chenango,4,163,87,12545
7/9/2020,Chenango,3,166,208,12753
7/10/2020,Chenango,0,166,133,12886
7/11/2020,Chenango,0,166,162,13048
7/12/2020,Chenango,3,169,188,13236
7/13/2020,Chenango,2,171,282,13518
7/14/2020,Chenango,4,175,209,13727
7/15/2020,Chenango,3,178,129,13856
7/16/2020,Chenango,3,181,197,14053
7/17/2020,Chenango,1,182,173,14226
7/18/2020,Chenango,0,182,112,14338
7/19/2020,Chenango,2,184,134,14472
7/20/2020,Chenango,4,188,175,14647
7/21/2020,Chenango,3,191,306,14953
7/22/2020,Chenango,3,194,204,15157
7/23/2020,Chenango,2,196,212,15369
7/24/2020,Chenango,7,203,220,15589
7/25/2020,Chenango,0,203,102,15691
7/26/2020,Chenango,0,203,249,15940
7/27/2020,Chenango,0,203,92,16032
7/28/2020,Chenango,2,205,147,16179
7/29/2020,Chenango,1,206,108,16287
7/30/2020,Chenango,1,207,189,16476
7/31/2020,Chenango,2,209,193,16669
8/1/2020,Chenango,2,211,289,16958
8/2/2020,Chenango,0,211,206,17164
8/3/2020,Chenango,1,212,111,17275
8/4/2020,Chenango,0,212,179,17454
8/5/2020,Chenango,0,212,95,17549
8/6/2020,Chenango,3,215,213,17762
8/7/2020,Chenango,0,215,155,17917
8/8/2020,Chenango,1,216,165,18082
8/9/2020,Chenango,0,216,122,18204
8/10/2020,Chenango,2,218,520,18724
8/11/2020,Chenango,0,218,95,18819
8/12/2020,Chenango,0,218,158,18977
8/13/2020,Chenango,0,218,185,19162
8/14/2020,Chenango,0,218,227,19389
8/15/2020,Chenango,0,218,278,19667
8/16/2020,Chenango,0,218,249,19916
8/17/2020,Chenango,0,218,173,20089
8/18/2020,Chenango,0,218,183,20272
8/19/2020,Chenango,1,219,144,20416
8/20/2020,Chenango,3,222,419,20835
8/21/2020,Chenango,1,223,280,21115
8/22/2020,Chenango,0,223,131,21246
8/23/2020,Chenango,0,223,119,21365
8/24/2020,Chenango,0,223,144,21509
8/25/2020,Chenango,0,223,144,21653
8/26/2020,Chenango,1,224,173,21826
8/27/2020,Chenango,0,224,361,22187
8/28/2020,Chenango,1,225,290,22477
8/29/2020,Chenango,2,227,210,22687
8/30/2020,Chenango,1,228,153,22840
8/31/2020,Chenango,1,229,349,23189
9/1/2020,Chenango,0,229,158,23347
9/2/2020,Chenango,1,230,134,23481
9/3/2020,Chenango,1,231,164,23645
9/4/2020,Chenango,2,233,330,23975
9/5/2020,Chenango,2,235,176,24151
9/6/2020,Chenango,0,235,294,24445
9/7/2020,Chenango,4,239,187,24632
9/8/2020,Chenango,1,240,80,24712
9/9/2020,Chenango,2,242,120,24832
9/10/2020,Chenango,2,244,232,25064
9/11/2020,Chenango,1,245,446,25510
9/12/2020,Chenango,0,245,314,25824
9/13/2020,Chenango,0,245,255,26079
9/14/2020,Chenango,0,245,93,26172
9/15/2020,Chenango,0,245,92,26264
9/16/2020,Chenango,0,245,218,26482
9/17/2020,Chenango,3,248,223,26705
9/18/2020,Chenango,0,248,338,27043
9/19/2020,Chenango,0,248,283,27326
9/20/2020,Chenango,0,248,173,27499
9/21/2020,Chenango,0,248,87,27586
9/22/2020,Chenango,0,248,107,27693
9/23/2020,Chenango,0,248,161,27854
9/24/2020,Chenango,0,248,166,28020
9/25/2020,Chenango,1,249,457,28477
9/26/2020,Chenango,0,249,186,28663
9/27/2020,Chenango,2,251,103,28766
9/28/2020,Chenango,0,251,111,28877
9/29/2020,Chenango,2,253,174,29051
9/30/2020,Chenango,0,253,157,29208
10/1/2020,Chenango,4,257,262,29470
10/2/2020,Chenango,2,259,457,29927
10/3/2020,Chenango,2,261,298,30225
10/4/2020,Chenango,1,262,148,30373
10/5/2020,Chenango,1,263,78,30451
10/6/2020,Chenango,2,265,98,30549
10/7/2020,Chenango,2,267,247,30796
10/8/2020,Chenango,1,268,295,31091
10/9/2020,Chenango,3,271,312,31403
10/10/2020,Chenango,4,275,247,31650
10/11/2020,Chenango,2,277,400,32050
10/12/2020,Chenango,3,280,189,32239
10/13/2020,Chenango,10,290,93,32332
10/14/2020,Chenango,1,291,267,32599
10/15/2020,Chenango,3,294,297,32896
10/16/2020,Chenango,10,304,389,33285
10/17/2020,Chenango,9,313,281,33566
10/18/2020,Chenango,17,330,337,33903
10/19/2020,Chenango,1,331,233,34136
10/20/2020,Chenango,6,337,114,34250
10/21/2020,Chenango,10,347,198,34448
10/22/2020,Chenango,11,358,205,34653
10/23/2020,Chenango,7,365,356,35009
10/24/2020,Chenango,16,381,447,35456
10/25/2020,Chenango,5,386,198,35654
10/26/2020,Chenango,2,388,120,35774
10/27/2020,Chenango,9,397,404,36178
10/28/2020,Chenango,11,408,438,36616
10/29/2020,Chenango,5,413,174,36790
10/30/2020,Chenango,6,419,324,37114
10/31/2020,Chenango,6,425,317,37431
11/1/2020,Chenango,3,428,253,37684
11/2/2020,Chenango,2,430,207,37891
11/3/2020,Chenango,2,432,151,38042
11/4/2020,Chenango,11,443,333,38375
11/5/2020,Chenango,6,449,383,38758
11/6/2020,Chenango,6,455,401,39159
11/7/2020,Chenango,5,460,205,39364
11/8/2020,Chenango,8,468,159,39523
11/9/2020,Chenango,4,472,245,39768
11/10/2020,Chenango,5,477,316,40084
11/11/2020,Chenango,3,480,287,40371
11/12/2020,Chenango,9,489,327,40698
11/13/2020,Chenango,6,495,302,41000
11/14/2020,Chenango,6,501,145,41145
3/1/2020,Clinton,0,0,0,0
3/2/2020,Clinton,0,0,0,0
3/3/2020,Clinton,0,0,0,0
3/4/2020,Clinton,0,0,0,0
3/5/2020,Clinton,0,0,0,0
3/6/2020,Clinton,0,0,0,0
3/7/2020,Clinton,0,0,0,0
3/8/2020,Clinton,0,0,0,0
3/9/2020,Clinton,0,0,0,0
3/10/2020,Clinton,0,0,0,0
3/11/2020,Clinton,0,0,4,4
3/12/2020,Clinton,0,0,3,7
3/13/2020,Clinton,0,0,1,8
3/14/2020,Clinton,0,0,1,9
3/15/2020,Clinton,0,0,0,9
3/16/2020,Clinton,1,1,1,10
3/17/2020,Clinton,0,1,3,13
3/18/2020,Clinton,1,2,21,34
3/19/2020,Clinton,0,2,9,43
3/20/2020,Clinton,2,4,12,55
3/21/2020,Clinton,0,4,2,57
3/22/2020,Clinton,2,6,12,69
3/23/2020,Clinton,2,8,17,86
3/24/2020,Clinton,2,10,14,100
3/25/2020,Clinton,1,11,16,116
3/26/2020,Clinton,0,11,6,122
3/27/2020,Clinton,1,12,22,144
3/28/2020,Clinton,1,13,18,162
3/29/2020,Clinton,4,17,19,181
3/30/2020,Clinton,4,21,9,190
3/31/2020,Clinton,4,25,21,211
4/1/2020,Clinton,0,25,5,216
4/2/2020,Clinton,5,30,16,232
4/3/2020,Clinton,1,31,11,243
4/4/2020,Clinton,2,33,23,266
4/5/2020,Clinton,3,36,14,280
4/6/2020,Clinton,1,37,16,296
4/7/2020,Clinton,2,39,25,321
4/8/2020,Clinton,1,40,25,346
4/9/2020,Clinton,3,43,17,363
4/10/2020,Clinton,0,43,23,386
4/11/2020,Clinton,0,43,25,411
4/12/2020,Clinton,1,44,9,420
4/13/2020,Clinton,1,45,23,443
4/14/2020,Clinton,0,45,8,451
4/15/2020,Clinton,1,46,17,468
4/16/2020,Clinton,1,47,21,489
4/17/2020,Clinton,1,48,16,505
4/18/2020,Clinton,1,49,12,517
4/19/2020,Clinton,2,51,10,527
4/20/2020,Clinton,0,51,17,544
4/21/2020,Clinton,0,51,4,548
4/22/2020,Clinton,1,52,11,559
4/23/2020,Clinton,1,53,14,573
4/24/2020,Clinton,1,54,39,612
4/25/2020,Clinton,3,57,28,640
4/26/2020,Clinton,2,59,30,670
4/27/2020,Clinton,0,59,15,685
4/28/2020,Clinton,0,59,23,708
4/29/2020,Clinton,0,59,40,748
4/30/2020,Clinton,2,61,48,796
5/1/2020,Clinton,1,62,35,831
5/2/2020,Clinton,4,66,33,864
5/3/2020,Clinton,2,68,21,885
5/4/2020,Clinton,1,69,27,912
5/5/2020,Clinton,0,69,25,937
5/6/2020,Clinton,0,69,22,959
5/7/2020,Clinton,5,74,72,1031
5/8/2020,Clinton,2,76,27,1058
5/9/2020,Clinton,0,76,33,1091
5/10/2020,Clinton,0,76,53,1144
5/11/2020,Clinton,1,77,38,1182
5/12/2020,Clinton,1,78,53,1235
5/13/2020,Clinton,3,81,123,1358
5/14/2020,Clinton,4,85,126,1484
5/15/2020,Clinton,6,91,150,1634
5/16/2020,Clinton,1,92,88,1722
5/17/2020,Clinton,2,94,155,1877
5/18/2020,Clinton,0,94,59,1936
5/19/2020,Clinton,0,94,58,1994
5/20/2020,Clinton,0,94,204,2198
5/21/2020,Clinton,0,94,131,2329
5/22/2020,Clinton,1,95,135,2464
5/23/2020,Clinton,0,95,131,2595
5/24/2020,Clinton,0,95,70,2665
5/25/2020,Clinton,0,95,108,2773
5/26/2020,Clinton,0,95,51,2824
5/27/2020,Clinton,0,95,201,3025
5/28/2020,Clinton,0,95,226,3251
5/29/2020,Clinton,0,95,441,3692
5/30/2020,Clinton,0,95,329,4021
5/31/2020,Clinton,1,96,146,4167
6/1/2020,Clinton,1,97,147,4314
6/2/2020,Clinton,0,97,309,4623
6/3/2020,Clinton,0,97,632,5255
6/4/2020,Clinton,0,97,319,5574
6/5/2020,Clinton,0,97,421,5995
6/6/2020,Clinton,0,97,305,6300
6/7/2020,Clinton,0,97,220,6520
6/8/2020,Clinton,0,97,105,6625
6/9/2020,Clinton,0,97,306,6931
6/10/2020,Clinton,1,98,268,7199
6/11/2020,Clinton,0,98,350,7549
6/12/2020,Clinton,0,98,285,7834
6/13/2020,Clinton,0,98,187,8021
6/14/2020,Clinton,0,98,137,8158
6/15/2020,Clinton,1,99,225,8383
6/16/2020,Clinton,0,99,242,8625
6/17/2020,Clinton,0,99,252,8877
6/18/2020,Clinton,0,99,251,9128
6/19/2020,Clinton,1,100,325,9453
6/20/2020,Clinton,0,100,112,9565
6/21/2020,Clinton,0,100,192,9757
6/22/2020,Clinton,0,100,167,9924
6/23/2020,Clinton,0,100,184,10108
6/24/2020,Clinton,1,101,312,10420
6/25/2020,Clinton,0,101,153,10573
6/26/2020,Clinton,0,101,264,10837
6/27/2020,Clinton,0,101,226,11063
6/28/2020,Clinton,0,101,160,11223
6/29/2020,Clinton,0,101,133,11356
6/30/2020,Clinton,0,101,287,11643
7/1/2020,Clinton,0,101,254,11897
7/2/2020,Clinton,0,101,156,12053
7/3/2020,Clinton,0,101,114,12167
7/4/2020,Clinton,2,103,183,12350
7/5/2020,Clinton,0,103,140,12490
7/6/2020,Clinton,2,105,295,12785
7/7/2020,Clinton,1,106,186,12971
7/8/2020,Clinton,1,107,339,13310
7/9/2020,Clinton,0,107,278,13588
7/10/2020,Clinton,1,108,211,13799
7/11/2020,Clinton,1,109,190,13989
7/12/2020,Clinton,0,109,178,14167
7/13/2020,Clinton,1,110,280,14447
7/14/2020,Clinton,1,111,215,14662
7/15/2020,Clinton,0,111,261,14923
7/16/2020,Clinton,0,111,236,15159
7/17/2020,Clinton,0,111,357,15516
7/18/2020,Clinton,2,113,145,15661
7/19/2020,Clinton,0,113,134,15795
7/20/2020,Clinton,1,114,339,16134
7/21/2020,Clinton,0,114,264,16398
7/22/2020,Clinton,0,114,317,16715
7/23/2020,Clinton,3,117,285,17000
7/24/2020,Clinton,2,119,334,17334
7/25/2020,Clinton,1,120,368,17702
7/26/2020,Clinton,0,120,183,17885
7/27/2020,Clinton,3,123,395,18280
7/28/2020,Clinton,0,123,129,18409
7/29/2020,Clinton,2,125,307,18716
7/30/2020,Clinton,1,126,158,18874
7/31/2020,Clinton,1,127,297,19171
8/1/2020,Clinton,0,127,381,19552
8/2/2020,Clinton,0,127,184,19736
8/3/2020,Clinton,0,127,309,20045
8/4/2020,Clinton,0,127,164,20209
8/5/2020,Clinton,0,127,116,20325
8/6/2020,Clinton,0,127,134,20459
8/7/2020,Clinton,0,127,338,20797
8/8/2020,Clinton,0,127,226,21023
8/9/2020,Clinton,1,128,252,21275
8/10/2020,Clinton,1,129,374,21649
8/11/2020,Clinton,0,129,139,21788
8/12/2020,Clinton,0,129,230,22018
8/13/2020,Clinton,1,130,151,22169
8/14/2020,Clinton,1,131,257,22426
8/15/2020,Clinton,1,132,287,22713
8/16/2020,Clinton,1,133,109,22822
8/17/2020,Clinton,1,134,363,23185
8/18/2020,Clinton,0,134,213,23398
8/19/2020,Clinton,1,135,170,23568
8/20/2020,Clinton,1,136,265,23833
8/21/2020,Clinton,5,141,335,24168
8/22/2020,Clinton,0,141,254,24422
8/23/2020,Clinton,1,142,82,24504
8/24/2020,Clinton,4,146,400,24904
8/25/2020,Clinton,1,147,157,25061
8/26/2020,Clinton,1,148,267,25328
8/27/2020,Clinton,1,149,193,25521
8/28/2020,Clinton,1,150,369,25890
8/29/2020,Clinton,0,150,197,26087
8/30/2020,Clinton,0,150,255,26342
8/31/2020,Clinton,1,151,203,26545
9/1/2020,Clinton,0,151,249,26794
9/2/2020,Clinton,1,152,171,26965
9/3/2020,Clinton,0,152,191,27156
9/4/2020,Clinton,0,152,385,27541
9/5/2020,Clinton,0,152,157,27698
9/6/2020,Clinton,0,152,308,28006
9/7/2020,Clinton,0,152,225,28231
9/8/2020,Clinton,0,152,51,28282
9/9/2020,Clinton,0,152,267,28549
9/10/2020,Clinton,0,152,173,28722
9/11/2020,Clinton,0,152,441,29163
9/12/2020,Clinton,1,153,229,29392
9/13/2020,Clinton,0,153,225,29617
9/14/2020,Clinton,1,154,330,29947
9/15/2020,Clinton,0,154,108,30055
9/16/2020,Clinton,0,154,241,30296
9/17/2020,Clinton,0,154,150,30446
9/18/2020,Clinton,0,154,328,30774
9/19/2020,Clinton,0,154,287,31061
9/20/2020,Clinton,0,154,94,31155
9/21/2020,Clinton,1,155,381,31536
9/22/2020,Clinton,1,156,226,31762
9/23/2020,Clinton,1,157,298,32060
9/24/2020,Clinton,1,158,433,32493
9/25/2020,Clinton,1,159,417,32910
9/26/2020,Clinton,1,160,412,33322
9/27/2020,Clinton,1,161,259,33581
9/28/2020,Clinton,1,162,296,33877
9/29/2020,Clinton,0,162,361,34238
9/30/2020,Clinton,0,162,1234,35472
10/1/2020,Clinton,2,164,407,35879
10/2/2020,Clinton,1,165,504,36383
10/3/2020,Clinton,1,166,467,36850
10/4/2020,Clinton,4,170,325,37175
10/5/2020,Clinton,3,173,425,37600
10/6/2020,Clinton,0,173,382,37982
10/7/2020,Clinton,4,177,444,38426
10/8/2020,Clinton,1,178,1050,39476
10/9/2020,Clinton,0,178,490,39966
10/10/2020,Clinton,1,179,582,40548
10/11/2020,Clinton,0,179,255,40803
10/12/2020,Clinton,3,182,569,41372
10/13/2020,Clinton,1,183,533,41905
10/14/2020,Clinton,4,187,528,42433
10/15/2020,Clinton,3,190,356,42789
10/16/2020,Clinton,2,192,538,43327
10/17/2020,Clinton,5,197,522,43849
10/18/2020,Clinton,2,199,210,44059
10/19/2020,Clinton,16,215,559,44618
10/20/2020,Clinton,5,220,353,44971
10/21/2020,Clinton,4,224,259,45230
10/22/2020,Clinton,8,232,305,45535
10/23/2020,Clinton,4,236,303,45838
10/24/2020,Clinton,4,240,565,46403
10/25/2020,Clinton,2,242,225,46628
10/26/2020,Clinton,2,244,446,47074
10/27/2020,Clinton,2,246,315,47389
10/28/2020,Clinton,2,248,387,47776
10/29/2020,Clinton,7,255,199,47975
10/30/2020,Clinton,8,263,218,48193
10/31/2020,Clinton,7,270,348,48541
11/1/2020,Clinton,3,273,267,48808
11/2/2020,Clinton,6,279,283,49091
11/3/2020,Clinton,3,282,439,49530
11/4/2020,Clinton,6,288,935,50465
11/5/2020,Clinton,4,292,1073,51538
11/6/2020,Clinton,5,297,322,51860
11/7/2020,Clinton,4,301,409,52269
11/8/2020,Clinton,2,303,313,52582
11/9/2020,Clinton,10,313,336,52918
11/10/2020,Clinton,18,331,211,53129
11/11/2020,Clinton,13,344,1683,54812
11/12/2020,Clinton,12,356,830,55642
11/13/2020,Clinton,16,372,243,55885
11/14/2020,Clinton,5,377,127,56012
3/1/2020,Columbia,0,0,0,0
3/2/2020,Columbia,0,0,0,0
3/3/2020,Columbia,0,0,0,0
3/4/2020,Columbia,0,0,0,0
3/5/2020,Columbia,0,0,0,0
3/6/2020,Columbia,0,0,0,0
3/7/2020,Columbia,0,0,0,0
3/8/2020,Columbia,0,0,1,1
3/9/2020,Columbia,0,0,0,1
3/10/2020,Columbia,0,0,0,1
3/11/2020,Columbia,0,0,2,3
3/12/2020,Columbia,0,0,2,5
3/13/2020,Columbia,0,0,1,6
3/14/2020,Columbia,0,0,4,10
3/15/2020,Columbia,0,0,2,12
3/16/2020,Columbia,0,0,13,25
3/17/2020,Columbia,0,0,14,39
3/18/2020,Columbia,0,0,32,71
3/19/2020,Columbia,1,1,24,95
3/20/2020,Columbia,1,2,35,130
3/21/2020,Columbia,3,5,52,182
3/22/2020,Columbia,5,10,48,230
3/23/2020,Columbia,1,11,10,240
3/24/2020,Columbia,1,12,15,255
3/25/2020,Columbia,1,13,22,277
3/26/2020,Columbia,7,20,20,297
3/27/2020,Columbia,2,22,15,312
3/28/2020,Columbia,1,23,11,323
3/29/2020,Columbia,3,26,26,349
3/30/2020,Columbia,4,30,14,363
3/31/2020,Columbia,1,31,12,375
4/1/2020,Columbia,5,36,21,396
4/2/2020,Columbia,6,42,22,418
4/3/2020,Columbia,7,49,20,438
4/4/2020,Columbia,2,51,15,453
4/5/2020,Columbia,8,59,23,476
4/6/2020,Columbia,2,61,15,491
4/7/2020,Columbia,2,63,8,499
4/8/2020,Columbia,7,70,27,526
4/9/2020,Columbia,4,74,55,581
4/10/2020,Columbia,3,77,30,611
4/11/2020,Columbia,2,79,35,646
4/12/2020,Columbia,1,80,27,673
4/13/2020,Columbia,4,84,30,703
4/14/2020,Columbia,12,96,55,758
4/15/2020,Columbia,3,99,28,786
4/16/2020,Columbia,2,101,20,806
4/17/2020,Columbia,4,105,32,838
4/18/2020,Columbia,2,107,34,872
4/19/2020,Columbia,4,111,17,889
4/20/2020,Columbia,2,113,24,913
4/21/2020,Columbia,4,117,34,947
4/22/2020,Columbia,6,123,35,982
4/23/2020,Columbia,6,129,35,1017
4/24/2020,Columbia,11,140,105,1122
4/25/2020,Columbia,3,143,27,1149
4/26/2020,Columbia,3,146,22,1171
4/27/2020,Columbia,8,154,33,1204
4/28/2020,Columbia,11,165,37,1241
4/29/2020,Columbia,5,170,61,1302
4/30/2020,Columbia,32,202,76,1378
5/1/2020,Columbia,3,205,37,1415
5/2/2020,Columbia,4,209,57,1472
5/3/2020,Columbia,4,213,38,1510
5/4/2020,Columbia,16,229,79,1589
5/5/2020,Columbia,62,291,188,1777
5/6/2020,Columbia,11,302,58,1835
5/7/2020,Columbia,2,304,70,1905
5/8/2020,Columbia,0,304,42,1947
5/9/2020,Columbia,8,312,264,2211
5/10/2020,Columbia,2,314,41,2252
5/11/2020,Columbia,0,314,55,2307
5/12/2020,Columbia,4,318,85,2392
5/13/2020,Columbia,9,327,100,2492
5/14/2020,Columbia,6,333,95,2587
5/15/2020,Columbia,5,338,71,2658
5/16/2020,Columbia,2,340,68,2726
5/17/2020,Columbia,6,346,86,2812
5/18/2020,Columbia,4,350,39,2851
5/19/2020,Columbia,0,350,107,2958
5/20/2020,Columbia,5,355,128,3086
5/21/2020,Columbia,1,356,78,3164
5/22/2020,Columbia,3,359,96,3260
5/23/2020,Columbia,6,365,94,3354
5/24/2020,Columbia,7,372,134,3488
5/25/2020,Columbia,1,373,145,3633
5/26/2020,Columbia,7,380,62,3695
5/27/2020,Columbia,0,380,145,3840
5/28/2020,Columbia,2,382,159,3999
5/29/2020,Columbia,1,383,125,4124
5/30/2020,Columbia,4,387,211,4335
5/31/2020,Columbia,2,389,94,4429
6/1/2020,Columbia,2,391,167,4596
6/2/2020,Columbia,8,399,393,4989
6/3/2020,Columbia,1,400,276,5265
6/4/2020,Columbia,11,411,269,5534
6/5/2020,Columbia,1,412,225,5759
6/6/2020,Columbia,2,414,211,5970
6/7/2020,Columbia,0,414,144,6114
6/8/2020,Columbia,0,414,145,6259
6/9/2020,Columbia,6,420,310,6569
6/10/2020,Columbia,4,424,233,6802
6/11/2020,Columbia,4,428,412,7214
6/12/2020,Columbia,3,431,176,7390
6/13/2020,Columbia,5,436,198,7588
6/14/2020,Columbia,3,439,95,7683
6/15/2020,Columbia,3,442,198,7881
6/16/2020,Columbia,0,442,134,8015
6/17/2020,Columbia,1,443,189,8204
6/18/2020,Columbia,3,446,454,8658
6/19/2020,Columbia,5,451,335,8993
6/20/2020,Columbia,0,451,182,9175
6/21/2020,Columbia,1,452,146,9321
6/22/2020,Columbia,2,454,106,9427
6/23/2020,Columbia,0,454,174,9601
6/24/2020,Columbia,1,455,300,9901
6/25/2020,Columbia,5,460,447,10348
6/26/2020,Columbia,1,461,179,10527
6/27/2020,Columbia,2,463,165,10692
6/28/2020,Columbia,0,463,96,10788
6/29/2020,Columbia,1,464,221,11009
6/30/2020,Columbia,2,466,136,11145
7/1/2020,Columbia,6,472,289,11434
7/2/2020,Columbia,2,474,234,11668
7/3/2020,Columbia,0,474,150,11818
7/4/2020,Columbia,1,475,220,12038
7/5/2020,Columbia,2,477,247,12285
7/6/2020,Columbia,2,479,312,12597
7/7/2020,Columbia,3,482,291,12888
7/8/2020,Columbia,0,482,191,13079
7/9/2020,Columbia,0,482,212,13291
7/10/2020,Columbia,3,485,172,13463
7/11/2020,Columbia,1,486,189,13652
7/12/2020,Columbia,1,487,197,13849
7/13/2020,Columbia,2,489,289,14138
7/14/2020,Columbia,0,489,226,14364
7/15/2020,Columbia,0,489,200,14564
7/16/2020,Columbia,1,490,201,14765
7/17/2020,Columbia,1,491,307,15072
7/18/2020,Columbia,1,492,99,15171
7/19/2020,Columbia,0,492,99,15270
7/20/2020,Columbia,3,495,222,15492
7/21/2020,Columbia,2,497,197,15689
7/22/2020,Columbia,0,497,309,15998
7/23/2020,Columbia,1,498,324,16322
7/24/2020,Columbia,2,500,284,16606
7/25/2020,Columbia,0,500,116,16722
7/26/2020,Columbia,3,503,139,16861
7/27/2020,Columbia,1,504,232,17093
7/28/2020,Columbia,6,510,119,17212
7/29/2020,Columbia,3,513,221,17433
7/30/2020,Columbia,3,516,253,17686
7/31/2020,Columbia,3,519,258,17944
8/1/2020,Columbia,3,522,73,18017
8/2/2020,Columbia,1,523,73,18090
8/3/2020,Columbia,6,529,268,18358
8/4/2020,Columbia,2,531,264,18622
8/5/2020,Columbia,3,534,235,18857
8/6/2020,Columbia,1,535,194,19051
8/7/2020,Columbia,4,539,158,19209
8/8/2020,Columbia,1,540,166,19375
8/9/2020,Columbia,1,541,120,19495
8/10/2020,Columbia,5,546,415,19910
8/11/2020,Columbia,2,548,247,20157
8/12/2020,Columbia,2,550,222,20379
8/13/2020,Columbia,1,551,304,20683
8/14/2020,Columbia,0,551,214,20897
8/15/2020,Columbia,1,552,221,21118
8/16/2020,Columbia,0,552,103,21221
8/17/2020,Columbia,6,558,505,21726
8/18/2020,Columbia,1,559,398,22124
8/19/2020,Columbia,1,560,228,22352
8/20/2020,Columbia,1,561,296,22648
8/21/2020,Columbia,0,561,315,22963
8/22/2020,Columbia,1,562,203,23166
8/23/2020,Columbia,0,562,141,23307
8/24/2020,Columbia,2,564,317,23624
8/25/2020,Columbia,0,564,109,23733
8/26/2020,Columbia,4,568,279,24012
8/27/2020,Columbia,0,568,295,24307
8/28/2020,Columbia,1,569,304,24611
8/29/2020,Columbia,0,569,280,24891
8/30/2020,Columbia,0,569,261,25152
8/31/2020,Columbia,0,569,233,25385
9/1/2020,Columbia,1,570,347,25732
9/2/2020,Columbia,0,570,245,25977
9/3/2020,Columbia,4,574,206,26183
9/4/2020,Columbia,1,575,198,26381
9/5/2020,Columbia,0,575,190,26571
9/6/2020,Columbia,1,576,116,26687
9/7/2020,Columbia,0,576,237,26924
9/8/2020,Columbia,0,576,223,27147
9/9/2020,Columbia,0,576,213,27360
9/10/2020,Columbia,1,577,222,27582
9/11/2020,Columbia,0,577,182,27764
9/12/2020,Columbia,0,577,263,28027
9/13/2020,Columbia,0,577,133,28160
9/14/2020,Columbia,0,577,285,28445
9/15/2020,Columbia,0,577,162,28607
9/16/2020,Columbia,2,579,196,28803
9/17/2020,Columbia,1,580,153,28956
9/18/2020,Columbia,0,580,195,29151
9/19/2020,Columbia,1,581,318,29469
9/20/2020,Columbia,1,582,230,29699
9/21/2020,Columbia,0,582,233,29932
9/22/2020,Columbia,3,585,130,30062
9/23/2020,Columbia,1,586,227,30289
9/24/2020,Columbia,2,588,272,30561
9/25/2020,Columbia,3,591,220,30781
9/26/2020,Columbia,0,591,342,31123
9/27/2020,Columbia,0,591,180,31303
9/28/2020,Columbia,1,592,268,31571
9/29/2020,Columbia,3,595,236,31807
9/30/2020,Columbia,0,595,283,32090
10/1/2020,Columbia,9,604,267,32357
10/2/2020,Columbia,1,605,224,32581
10/3/2020,Columbia,3,608,292,32873
10/4/2020,Columbia,0,608,138,33011
10/5/2020,Columbia,1,609,330,33341
10/6/2020,Columbia,2,611,202,33543
10/7/2020,Columbia,0,611,346,33889
10/8/2020,Columbia,4,615,242,34131
10/9/2020,Columbia,2,617,365,34496
10/10/2020,Columbia,4,621,248,34744
10/11/2020,Columbia,3,624,267,35011
10/12/2020,Columbia,2,626,355,35366
10/13/2020,Columbia,3,629,224,35590
10/14/2020,Columbia,5,634,435,36025
10/15/2020,Columbia,1,635,224,36249
10/16/2020,Columbia,6,641,311,36560
10/17/2020,Columbia,6,647,362,36922
10/18/2020,Columbia,4,651,264,37186
10/19/2020,Columbia,6,657,251,37437
10/20/2020,Columbia,2,659,272,37709
10/21/2020,Columbia,4,663,372,38081
10/22/2020,Columbia,4,667,374,38455
10/23/2020,Columbia,2,669,351,38806
10/24/2020,Columbia,11,680,253,39059
10/25/2020,Columbia,12,692,304,39363
10/26/2020,Columbia,7,699,578,39941
10/27/2020,Columbia,11,710,486,40427
10/28/2020,Columbia,11,721,553,40980
10/29/2020,Columbia,2,723,411,41391
10/30/2020,Columbia,5,728,398,41789
10/31/2020,Columbia,8,736,380,42169
11/1/2020,Columbia,3,739,456,42625
11/2/2020,Columbia,6,745,436,43061
11/3/2020,Columbia,18,763,421,43482
11/4/2020,Columbia,11,774,395,43877
11/5/2020,Columbia,8,782,346,44223
11/6/2020,Columbia,7,789,286,44509
11/7/2020,Columbia,12,801,553,45062
11/8/2020,Columbia,11,812,403,45465
11/9/2020,Columbia,13,825,520,45985
11/10/2020,Columbia,19,844,454,46439
11/11/2020,Columbia,11,855,434,46873
11/12/2020,Columbia,15,870,443,47316
11/13/2020,Columbia,7,877,277,47593
11/14/2020,Columbia,4,881,206,47799
3/1/2020,Cortland,0,0,0,0
3/2/2020,Cortland,0,0,0,0
3/3/2020,Cortland,0,0,0,0
3/4/2020,Cortland,0,0,0,0
3/5/2020,Cortland,0,0,0,0
3/6/2020,Cortland,0,0,0,0
3/7/2020,Cortland,0,0,1,1
3/8/2020,Cortland,0,0,0,1
3/9/2020,Cortland,0,0,0,1
3/10/2020,Cortland,0,0,0,1
3/11/2020,Cortland,0,0,0,1
3/12/2020,Cortland,0,0,0,1
3/13/2020,Cortland,0,0,0,1
3/14/2020,Cortland,0,0,1,2
3/15/2020,Cortland,0,0,0,2
3/16/2020,Cortland,0,0,2,4
3/17/2020,Cortland,0,0,1,5
3/18/2020,Cortland,0,0,1,6
3/19/2020,Cortland,0,0,7,13
3/20/2020,Cortland,0,0,15,28
3/21/2020,Cortland,1,1,17,45
3/22/2020,Cortland,1,2,55,100
3/23/2020,Cortland,0,2,30,130
3/24/2020,Cortland,0,2,3,133
3/25/2020,Cortland,0,2,41,174
3/26/2020,Cortland,2,4,34,208
3/27/2020,Cortland,1,5,45,253
3/28/2020,Cortland,1,6,28,281
3/29/2020,Cortland,2,8,48,329
3/30/2020,Cortland,0,8,9,338
3/31/2020,Cortland,0,8,12,350
4/1/2020,Cortland,0,8,42,392
4/2/2020,Cortland,2,10,54,446
4/3/2020,Cortland,0,10,32,478
4/4/2020,Cortland,0,10,38,516
4/5/2020,Cortland,3,13,42,558
4/6/2020,Cortland,3,16,25,583
4/7/2020,Cortland,0,16,18,601
4/8/2020,Cortland,0,16,41,642
4/9/2020,Cortland,1,17,25,667
4/10/2020,Cortland,0,17,20,687
4/11/2020,Cortland,1,18,18,705
4/12/2020,Cortland,2,20,18,723
4/13/2020,Cortland,2,22,38,761
4/14/2020,Cortland,1,23,6,767
4/15/2020,Cortland,1,24,17,784
4/16/2020,Cortland,1,25,13,797
4/17/2020,Cortland,0,25,19,816
4/18/2020,Cortland,0,25,11,827
4/19/2020,Cortland,0,25,12,839
4/20/2020,Cortland,0,25,2,841
4/21/2020,Cortland,0,25,5,846
4/22/2020,Cortland,0,25,30,876
4/23/2020,Cortland,0,25,30,906
4/24/2020,Cortland,3,28,109,1015
4/25/2020,Cortland,0,28,26,1041
4/26/2020,Cortland,0,28,16,1057
4/27/2020,Cortland,0,28,7,1064
4/28/2020,Cortland,0,28,22,1086
4/29/2020,Cortland,0,28,26,1112
4/30/2020,Cortland,0,28,31,1143
5/1/2020,Cortland,0,28,30,1173
5/2/2020,Cortland,0,28,16,1189
5/3/2020,Cortland,0,28,42,1231
5/4/2020,Cortland,0,28,12,1243
5/5/2020,Cortland,0,28,33,1276
5/6/2020,Cortland,1,29,27,1303
5/7/2020,Cortland,0,29,38,1341
5/8/2020,Cortland,0,29,96,1437
5/9/2020,Cortland,0,29,29,1466
5/10/2020,Cortland,0,29,27,1493
5/11/2020,Cortland,1,30,33,1526
5/12/2020,Cortland,1,31,40,1566
5/13/2020,Cortland,2,33,50,1616
5/14/2020,Cortland,0,33,95,1711
5/15/2020,Cortland,1,34,221,1932
5/16/2020,Cortland,0,34,140,2072
5/17/2020,Cortland,1,35,99,2171
5/18/2020,Cortland,1,36,62,2233
5/19/2020,Cortland,0,36,77,2310
5/20/2020,Cortland,0,36,144,2454
5/21/2020,Cortland,1,37,86,2540
5/22/2020,Cortland,1,38,223,2763
5/23/2020,Cortland,1,39,147,2910
5/24/2020,Cortland,0,39,221,3131
5/25/2020,Cortland,0,39,64,3195
5/26/2020,Cortland,0,39,82,3277
5/27/2020,Cortland,0,39,34,3311
5/28/2020,Cortland,0,39,207,3518
5/29/2020,Cortland,2,41,188,3706
5/30/2020,Cortland,0,41,261,3967
5/31/2020,Cortland,0,41,84,4051
6/1/2020,Cortland,0,41,128,4179
6/2/2020,Cortland,0,41,92,4271
6/3/2020,Cortland,0,41,130,4401
6/4/2020,Cortland,0,41,343,4744
6/5/2020,Cortland,0,41,294,5038
6/6/2020,Cortland,0,41,201,5239
6/7/2020,Cortland,1,42,179,5418
6/8/2020,Cortland,0,42,162,5580
6/9/2020,Cortland,0,42,153,5733
6/10/2020,Cortland,0,42,110,5843
6/11/2020,Cortland,0,42,258,6101
6/12/2020,Cortland,0,42,216,6317
6/13/2020,Cortland,0,42,174,6491
6/14/2020,Cortland,0,42,87,6578
6/15/2020,Cortland,0,42,155,6733
6/16/2020,Cortland,0,42,124,6857
6/17/2020,Cortland,2,44,107,6964
6/18/2020,Cortland,0,44,216,7180
6/19/2020,Cortland,0,44,251,7431
6/20/2020,Cortland,0,44,130,7561
6/21/2020,Cortland,0,44,84,7645
6/22/2020,Cortland,0,44,181,7826
6/23/2020,Cortland,0,44,90,7916
6/24/2020,Cortland,0,44,153,8069
6/25/2020,Cortland,0,44,106,8175
6/26/2020,Cortland,0,44,234,8409
6/27/2020,Cortland,2,46,234,8643
6/28/2020,Cortland,1,47,95,8738
6/29/2020,Cortland,0,47,144,8882
6/30/2020,Cortland,0,47,111,8993
7/1/2020,Cortland,0,47,138,9131
7/2/2020,Cortland,1,48,41,9172
7/3/2020,Cortland,2,50,135,9307
7/4/2020,Cortland,1,51,217,9524
7/5/2020,Cortland,1,52,55,9579
7/6/2020,Cortland,1,53,164,9743
7/7/2020,Cortland,1,54,137,9880
7/8/2020,Cortland,1,55,147,10027
7/9/2020,Cortland,1,56,92,10119
7/10/2020,Cortland,2,58,138,10257
7/11/2020,Cortland,0,58,278,10535
7/12/2020,Cortland,1,59,103,10638
7/13/2020,Cortland,0,59,143,10781
7/14/2020,Cortland,2,61,160,10941
7/15/2020,Cortland,2,63,85,11026
7/16/2020,Cortland,4,67,216,11242
7/17/2020,Cortland,1,68,285,11527
7/18/2020,Cortland,1,69,133,11660
7/19/2020,Cortland,0,69,83,11743
7/20/2020,Cortland,4,73,182,11925
7/21/2020,Cortland,4,77,398,12323
7/22/2020,Cortland,3,80,259,12582
7/23/2020,Cortland,2,82,98,12680
7/24/2020,Cortland,2,84,362,13042
7/25/2020,Cortland,1,85,212,13254
7/26/2020,Cortland,2,87,470,13724
7/27/2020,Cortland,2,89,267,13991
7/28/2020,Cortland,1,90,148,14139
7/29/2020,Cortland,0,90,166,14305
7/30/2020,Cortland,1,91,247,14552
7/31/2020,Cortland,0,91,168,14720
8/1/2020,Cortland,1,92,233,14953
8/2/2020,Cortland,0,92,103,15056
8/3/2020,Cortland,1,93,311,15367
8/4/2020,Cortland,1,94,88,15455
8/5/2020,Cortland,0,94,192,15647
8/6/2020,Cortland,1,95,148,15795
8/7/2020,Cortland,0,95,255,16050
8/8/2020,Cortland,0,95,149,16199
8/9/2020,Cortland,0,95,247,16446
8/10/2020,Cortland,0,95,327,16773
8/11/2020,Cortland,1,96,109,16882
8/12/2020,Cortland,1,97,187,17069
8/13/2020,Cortland,0,97,113,17182
8/14/2020,Cortland,0,97,211,17393
8/15/2020,Cortland,0,97,150,17543
8/16/2020,Cortland,0,97,112,17655
8/17/2020,Cortland,0,97,372,18027
8/18/2020,Cortland,0,97,143,18170
8/19/2020,Cortland,1,98,176,18346
8/20/2020,Cortland,0,98,168,18514
8/21/2020,Cortland,0,98,223,18737
8/22/2020,Cortland,0,98,106,18843
8/23/2020,Cortland,0,98,239,19082
8/24/2020,Cortland,0,98,103,19185
8/25/2020,Cortland,0,98,173,19358
8/26/2020,Cortland,0,98,82,19440
8/27/2020,Cortland,0,98,200,19640
8/28/2020,Cortland,0,98,196,19836
8/29/2020,Cortland,1,99,156,19992
8/30/2020,Cortland,1,100,93,20085
8/31/2020,Cortland,1,101,145,20230
9/1/2020,Cortland,1,102,92,20322
9/2/2020,Cortland,0,102,112,20434
9/3/2020,Cortland,0,102,231,20665
9/4/2020,Cortland,0,102,171,20836
9/5/2020,Cortland,1,103,223,21059
9/6/2020,Cortland,0,103,77,21136
9/7/2020,Cortland,0,103,224,21360
9/8/2020,Cortland,0,103,101,21461
9/9/2020,Cortland,1,104,98,21559
9/10/2020,Cortland,5,109,187,21746
9/11/2020,Cortland,10,119,378,22124
9/12/2020,Cortland,9,128,221,22345
9/13/2020,Cortland,4,132,193,22538
9/14/2020,Cortland,5,137,241,22779
9/15/2020,Cortland,0,137,279,23058
9/16/2020,Cortland,4,141,287,23345
9/17/2020,Cortland,9,150,279,23624
9/18/2020,Cortland,5,155,356,23980
9/19/2020,Cortland,4,159,305,24285
9/20/2020,Cortland,2,161,193,24478
9/21/2020,Cortland,1,162,167,24645
9/22/2020,Cortland,2,164,255,24900
9/23/2020,Cortland,3,167,172,25072
9/24/2020,Cortland,2,169,328,25400
9/25/2020,Cortland,2,171,376,25776
9/26/2020,Cortland,0,171,253,26029
9/27/2020,Cortland,0,171,176,26205
9/28/2020,Cortland,10,181,215,26420
9/29/2020,Cortland,3,184,858,27278
9/30/2020,Cortland,11,195,759,28037
10/1/2020,Cortland,3,198,350,28387
10/2/2020,Cortland,7,205,525,28912
10/3/2020,Cortland,18,223,411,29323
10/4/2020,Cortland,0,223,150,29473
10/5/2020,Cortland,14,237,166,29639
10/6/2020,Cortland,3,240,583,30222
10/7/2020,Cortland,20,260,347,30569
10/8/2020,Cortland,17,277,790,31359
10/9/2020,Cortland,16,293,546,31905
10/10/2020,Cortland,8,301,474,32379
10/11/2020,Cortland,16,317,498,32877
10/12/2020,Cortland,16,333,267,33144
10/13/2020,Cortland,13,346,1040,34184
10/14/2020,Cortland,25,371,1189,35373
10/15/2020,Cortland,16,387,1203,36576
10/16/2020,Cortland,12,399,1022,37598
10/17/2020,Cortland,7,406,635,38233
10/18/2020,Cortland,10,416,246,38479
10/19/2020,Cortland,20,436,282,38761
10/20/2020,Cortland,15,451,799,39560
10/21/2020,Cortland,24,475,1031,40591
10/22/2020,Cortland,13,488,454,41045
10/23/2020,Cortland,8,496,1258,42303
10/24/2020,Cortland,14,510,678,42981
10/25/2020,Cortland,14,524,1106,44087
10/26/2020,Cortland,18,542,742,44829
10/27/2020,Cortland,5,547,400,45229
10/28/2020,Cortland,6,553,1116,46345
10/29/2020,Cortland,14,567,426,46771
10/30/2020,Cortland,17,584,565,47336
10/31/2020,Cortland,5,589,408,47744
11/1/2020,Cortland,3,592,219,47963
11/2/2020,Cortland,6,598,315,48278
11/3/2020,Cortland,6,604,437,48715
11/4/2020,Cortland,9,613,476,49191
11/5/2020,Cortland,9,622,366,49557
11/6/2020,Cortland,11,633,410,49967
11/7/2020,Cortland,14,647,983,50950
11/8/2020,Cortland,9,656,450,51400
11/9/2020,Cortland,9,665,280,51680
11/10/2020,Cortland,12,677,774,52454
11/11/2020,Cortland,15,692,430,52884
11/12/2020,Cortland,20,712,504,53388
11/13/2020,Cortland,11,723,392,53780
11/14/2020,Cortland,27,750,419,54199
3/1/2020,Delaware,0,0,0,0
3/2/2020,Delaware,0,0,0,0
3/3/2020,Delaware,0,0,0,0
3/4/2020,Delaware,0,0,0,0
3/5/2020,Delaware,0,0,0,0
3/6/2020,Delaware,0,0,0,0
3/7/2020,Delaware,0,0,0,0
3/8/2020,Delaware,0,0,0,0
3/9/2020,Delaware,0,0,1,1
3/10/2020,Delaware,0,0,1,2
3/11/2020,Delaware,0,0,2,4
3/12/2020,Delaware,1,1,1,5
3/13/2020,Delaware,0,1,1,6
3/14/2020,Delaware,0,1,1,7
3/15/2020,Delaware,0,1,5,12
3/16/2020,Delaware,0,1,0,12
3/17/2020,Delaware,0,1,0,12
3/18/2020,Delaware,0,1,1,13
3/19/2020,Delaware,0,1,4,17
3/20/2020,Delaware,0,1,8,25
3/21/2020,Delaware,2,3,10,35
3/22/2020,Delaware,0,3,10,45
3/23/2020,Delaware,0,3,5,50
3/24/2020,Delaware,2,5,5,55
3/25/2020,Delaware,2,7,12,67
3/26/2020,Delaware,1,8,7,74
3/27/2020,Delaware,0,8,13,87
3/28/2020,Delaware,0,8,4,91
3/29/2020,Delaware,3,11,12,103
3/30/2020,Delaware,5,16,11,114
3/31/2020,Delaware,4,20,13,127
4/1/2020,Delaware,2,22,7,134
4/2/2020,Delaware,2,24,9,143
4/3/2020,Delaware,2,26,18,161
4/4/2020,Delaware,1,27,12,173
4/5/2020,Delaware,2,29,28,201
4/6/2020,Delaware,7,36,30,231
4/7/2020,Delaware,1,37,16,247
4/8/2020,Delaware,0,37,22,269
4/9/2020,Delaware,2,39,20,289
4/10/2020,Delaware,0,39,17,306
4/11/2020,Delaware,0,39,10,316
4/12/2020,Delaware,3,42,14,330
4/13/2020,Delaware,3,45,48,378
4/14/2020,Delaware,1,46,7,385
4/15/2020,Delaware,1,47,9,394
4/16/2020,Delaware,1,48,10,404
4/17/2020,Delaware,1,49,8,412
4/18/2020,Delaware,0,49,10,422
4/19/2020,Delaware,0,49,5,427
4/20/2020,Delaware,0,49,3,430
4/21/2020,Delaware,1,50,18,448
4/22/2020,Delaware,0,50,21,469
4/23/2020,Delaware,1,51,15,484
4/24/2020,Delaware,7,58,135,619
4/25/2020,Delaware,0,58,35,654
4/26/2020,Delaware,0,58,21,675
4/27/2020,Delaware,1,59,16,691
4/28/2020,Delaware,1,60,14,705
4/29/2020,Delaware,1,61,24,729
4/30/2020,Delaware,0,61,24,753
5/1/2020,Delaware,0,61,29,782
5/2/2020,Delaware,0,61,28,810
5/3/2020,Delaware,1,62,54,864
5/4/2020,Delaware,0,62,31,895
5/5/2020,Delaware,0,62,30,925
5/6/2020,Delaware,1,63,30,955
5/7/2020,Delaware,0,63,24,979
5/8/2020,Delaware,0,63,30,1009
5/9/2020,Delaware,1,64,33,1042
5/10/2020,Delaware,1,65,19,1061
5/11/2020,Delaware,0,65,50,1111
5/12/2020,Delaware,1,66,53,1164
5/13/2020,Delaware,1,67,136,1300
5/14/2020,Delaware,0,67,120,1420
5/15/2020,Delaware,1,68,70,1490
5/16/2020,Delaware,1,69,51,1541
5/17/2020,Delaware,0,69,56,1597
5/18/2020,Delaware,0,69,65,1662
5/19/2020,Delaware,0,69,45,1707
5/20/2020,Delaware,2,71,65,1772
5/21/2020,Delaware,1,72,124,1896
5/22/2020,Delaware,2,74,51,1947
5/23/2020,Delaware,3,77,80,2027
5/24/2020,Delaware,0,77,44,2071
5/25/2020,Delaware,0,77,22,2093
5/26/2020,Delaware,1,78,205,2298
5/27/2020,Delaware,0,78,213,2511
5/28/2020,Delaware,1,79,156,2667
5/29/2020,Delaware,0,79,123,2790
5/30/2020,Delaware,0,79,209,2999
5/31/2020,Delaware,2,81,96,3095
6/1/2020,Delaware,1,82,138,3233
6/2/2020,Delaware,0,82,195,3428
6/3/2020,Delaware,0,82,171,3599
6/4/2020,Delaware,2,84,129,3728
6/5/2020,Delaware,1,85,217,3945
6/6/2020,Delaware,0,85,124,4069
6/7/2020,Delaware,0,85,164,4233
6/8/2020,Delaware,1,86,194,4427
6/9/2020,Delaware,1,87,198,4625
6/10/2020,Delaware,1,88,173,4798
6/11/2020,Delaware,0,88,92,4890
6/12/2020,Delaware,0,88,110,5000
6/13/2020,Delaware,0,88,181,5181
6/14/2020,Delaware,0,88,111,5292
6/15/2020,Delaware,0,88,206,5498
6/16/2020,Delaware,1,89,202,5700
6/17/2020,Delaware,0,89,116,5816
6/18/2020,Delaware,0,89,143,5959
6/19/2020,Delaware,1,90,144,6103
6/20/2020,Delaware,0,90,167,6270
6/21/2020,Delaware,0,90,134,6404
6/22/2020,Delaware,1,91,167,6571
6/23/2020,Delaware,0,91,91,6662
6/24/2020,Delaware,0,91,215,6877
6/25/2020,Delaware,0,91,69,6946
6/26/2020,Delaware,0,91,131,7077
6/27/2020,Delaware,0,91,220,7297
6/28/2020,Delaware,0,91,154,7451
6/29/2020,Delaware,0,91,147,7598
6/30/2020,Delaware,0,91,157,7755
7/1/2020,Delaware,0,91,106,7861
7/2/2020,Delaware,0,91,62,7923
7/3/2020,Delaware,0,91,73,7996
7/4/2020,Delaware,0,91,265,8261
7/5/2020,Delaware,0,91,85,8346
7/6/2020,Delaware,0,91,147,8493
7/7/2020,Delaware,0,91,50,8543
7/8/2020,Delaware,0,91,83,8626
7/9/2020,Delaware,0,91,78,8704
7/10/2020,Delaware,0,91,147,8851
7/11/2020,Delaware,1,92,247,9098
7/12/2020,Delaware,0,92,80,9178
7/13/2020,Delaware,0,92,111,9289
7/14/2020,Delaware,0,92,100,9389
7/15/2020,Delaware,0,92,117,9506
7/16/2020,Delaware,0,92,161,9667
7/17/2020,Delaware,1,93,193,9860
7/18/2020,Delaware,0,93,64,9924
7/19/2020,Delaware,0,93,105,10029
7/20/2020,Delaware,0,93,119,10148
7/21/2020,Delaware,0,93,187,10335
7/22/2020,Delaware,2,95,114,10449
7/23/2020,Delaware,2,97,120,10569
7/24/2020,Delaware,1,98,133,10702
7/25/2020,Delaware,0,98,77,10779
7/26/2020,Delaware,0,98,65,10844
7/27/2020,Delaware,1,99,110,10954
7/28/2020,Delaware,2,101,98,11052
7/29/2020,Delaware,0,101,186,11238
7/30/2020,Delaware,1,102,126,11364
7/31/2020,Delaware,1,103,156,11520
8/1/2020,Delaware,0,103,148,11668
8/2/2020,Delaware,1,104,134,11802
8/3/2020,Delaware,0,104,153,11955
8/4/2020,Delaware,0,104,130,12085
8/5/2020,Delaware,0,104,35,12120
8/6/2020,Delaware,0,104,163,12283
8/7/2020,Delaware,1,105,184,12467
8/8/2020,Delaware,0,105,150,12617
8/9/2020,Delaware,0,105,135,12752
8/10/2020,Delaware,1,106,273,13025
8/11/2020,Delaware,0,106,154,13179
8/12/2020,Delaware,1,107,139,13318
8/13/2020,Delaware,0,107,102,13420
8/14/2020,Delaware,0,107,169,13589
8/15/2020,Delaware,0,107,117,13706
8/16/2020,Delaware,0,107,80,13786
8/17/2020,Delaware,0,107,165,13951
8/18/2020,Delaware,1,108,173,14124
8/19/2020,Delaware,1,109,119,14243
8/20/2020,Delaware,0,109,146,14389
8/21/2020,Delaware,0,109,143,14532
8/22/2020,Delaware,0,109,177,14709
8/23/2020,Delaware,0,109,143,14852
8/24/2020,Delaware,0,109,112,14964
8/25/2020,Delaware,0,109,173,15137
8/26/2020,Delaware,1,110,131,15268
8/27/2020,Delaware,2,112,175,15443
8/28/2020,Delaware,0,112,120,15563
8/29/2020,Delaware,3,115,183,15746
8/30/2020,Delaware,0,115,90,15836
8/31/2020,Delaware,0,115,289,16125
9/1/2020,Delaware,5,120,159,16284
9/2/2020,Delaware,1,121,160,16444
9/3/2020,Delaware,0,121,382,16826
9/4/2020,Delaware,2,123,213,17039
9/5/2020,Delaware,0,123,134,17173
9/6/2020,Delaware,1,124,229,17402
9/7/2020,Delaware,1,125,165,17567
9/8/2020,Delaware,0,125,32,17599
9/9/2020,Delaware,0,125,69,17668
9/10/2020,Delaware,3,128,140,17808
9/11/2020,Delaware,0,128,213,18021
9/12/2020,Delaware,0,128,217,18238
9/13/2020,Delaware,0,128,169,18407
9/14/2020,Delaware,0,128,82,18489
9/15/2020,Delaware,1,129,86,18575
9/16/2020,Delaware,0,129,127,18702
9/17/2020,Delaware,0,129,132,18834
9/18/2020,Delaware,1,130,139,18973
9/19/2020,Delaware,0,130,217,19190
9/20/2020,Delaware,0,130,220,19410
9/21/2020,Delaware,1,131,205,19615
9/22/2020,Delaware,1,132,139,19754
9/23/2020,Delaware,1,133,122,19876
9/24/2020,Delaware,0,133,107,19983
9/25/2020,Delaware,0,133,232,20215
9/26/2020,Delaware,1,134,167,20382
9/27/2020,Delaware,1,135,171,20553
9/28/2020,Delaware,1,136,237,20790
9/29/2020,Delaware,0,136,510,21300
9/30/2020,Delaware,1,137,111,21411
10/1/2020,Delaware,1,138,129,21540
10/2/2020,Delaware,2,140,227,21767
10/3/2020,Delaware,1,141,170,21937
10/4/2020,Delaware,0,141,191,22128
10/5/2020,Delaware,2,143,139,22267
10/6/2020,Delaware,0,143,480,22747
10/7/2020,Delaware,1,144,159,22906
10/8/2020,Delaware,0,144,175,23081
10/9/2020,Delaware,2,146,185,23266
10/10/2020,Delaware,2,148,146,23412
10/11/2020,Delaware,1,149,223,23635
10/12/2020,Delaware,5,154,332,23967
10/13/2020,Delaware,0,154,501,24468
10/14/2020,Delaware,2,156,143,24611
10/15/2020,Delaware,1,157,138,24749
10/16/2020,Delaware,2,159,206,24955
10/17/2020,Delaware,0,159,165,25120
10/18/2020,Delaware,0,159,231,25351
10/19/2020,Delaware,0,159,224,25575
10/20/2020,Delaware,2,161,693,26268
10/21/2020,Delaware,3,164,109,26377
10/22/2020,Delaware,2,166,105,26482
10/23/2020,Delaware,2,168,189,26671
10/24/2020,Delaware,1,169,226,26897
10/25/2020,Delaware,0,169,223,27120
10/26/2020,Delaware,4,173,176,27296
10/27/2020,Delaware,4,177,1016,28312
10/28/2020,Delaware,1,178,160,28472
10/29/2020,Delaware,3,181,173,28645
10/30/2020,Delaware,6,187,142,28787
10/31/2020,Delaware,5,192,187,28974
11/1/2020,Delaware,1,193,176,29150
11/2/2020,Delaware,4,197,139,29289
11/3/2020,Delaware,8,205,298,29587
11/4/2020,Delaware,8,213,724,30311
11/5/2020,Delaware,9,222,173,30484
11/6/2020,Delaware,5,227,197,30681
11/7/2020,Delaware,11,238,160,30841
11/8/2020,Delaware,8,246,189,31030
11/9/2020,Delaware,9,255,394,31424
11/10/2020,Delaware,7,262,1305,32729
11/11/2020,Delaware,4,266,195,32924
11/12/2020,Delaware,5,271,130,33054
11/13/2020,Delaware,5,276,139,33193
11/14/2020,Delaware,1,277,136,33329
3/1/2020,Dutchess,0,0,0,0
3/2/2020,Dutchess,0,0,0,0
3/3/2020,Dutchess,0,0,0,0
3/4/2020,Dutchess,0,0,0,0
3/5/2020,Dutchess,0,0,0,0
3/6/2020,Dutchess,0,0,0,0
3/7/2020,Dutchess,0,0,0,0
3/8/2020,Dutchess,0,0,0,0
3/9/2020,Dutchess,0,0,0,0
3/10/2020,Dutchess,0,0,2,2
3/11/2020,Dutchess,1,1,5,7
3/12/2020,Dutchess,0,1,3,10
3/13/2020,Dutchess,2,3,10,20
3/14/2020,Dutchess,4,7,17,37
3/15/2020,Dutchess,3,10,20,57
3/16/2020,Dutchess,6,16,32,89
3/17/2020,Dutchess,4,20,23,112
3/18/2020,Dutchess,11,31,107,219
3/19/2020,Dutchess,5,36,59,278
3/20/2020,Dutchess,13,49,205,483
3/21/2020,Dutchess,33,82,205,688
3/22/2020,Dutchess,18,100,135,823
3/23/2020,Dutchess,24,124,111,934
3/24/2020,Dutchess,29,153,146,1080
3/25/2020,Dutchess,37,190,209,1289
3/26/2020,Dutchess,35,225,155,1444
3/27/2020,Dutchess,37,262,200,1644
3/28/2020,Dutchess,58,320,195,1839
3/29/2020,Dutchess,72,392,227,2066
3/30/2020,Dutchess,92,484,300,2366
3/31/2020,Dutchess,63,547,196,2562
4/1/2020,Dutchess,120,667,330,2892
4/2/2020,Dutchess,142,809,415,3307
4/3/2020,Dutchess,129,938,447,3754
4/4/2020,Dutchess,139,1077,352,4106
4/5/2020,Dutchess,112,1189,338,4444
4/6/2020,Dutchess,60,1249,335,4779
4/7/2020,Dutchess,146,1395,462,5241
4/8/2020,Dutchess,98,1493,512,5753
4/9/2020,Dutchess,105,1598,509,6262
4/10/2020,Dutchess,146,1744,584,6846
4/11/2020,Dutchess,94,1838,431,7277
4/12/2020,Dutchess,43,1881,499,7776
4/13/2020,Dutchess,53,1934,566,8342
4/14/2020,Dutchess,114,2048,487,8829
4/15/2020,Dutchess,37,2085,314,9143
4/16/2020,Dutchess,57,2142,300,9443
4/17/2020,Dutchess,59,2201,381,9824
4/18/2020,Dutchess,39,2240,196,10020
4/19/2020,Dutchess,44,2284,357,10377
4/20/2020,Dutchess,47,2331,209,10586
4/21/2020,Dutchess,60,2391,313,10899
4/22/2020,Dutchess,69,2460,366,11265
4/23/2020,Dutchess,57,2517,374,11639
4/24/2020,Dutchess,143,2660,913,12552
4/25/2020,Dutchess,69,2729,485,13037
4/26/2020,Dutchess,64,2793,389,13426
4/27/2020,Dutchess,24,2817,223,13649
4/28/2020,Dutchess,64,2881,566,14215
4/29/2020,Dutchess,73,2954,427,14642
4/30/2020,Dutchess,48,3002,443,15085
5/1/2020,Dutchess,47,3049,473,15558
5/2/2020,Dutchess,37,3086,434,15992
5/3/2020,Dutchess,45,3131,370,16362
5/4/2020,Dutchess,20,3151,307,16669
5/5/2020,Dutchess,41,3192,370,17039
5/6/2020,Dutchess,41,3233,438,17477
5/7/2020,Dutchess,44,3277,482,17959
5/8/2020,Dutchess,42,3319,534,18493
5/9/2020,Dutchess,40,3359,471,18964
5/10/2020,Dutchess,19,3378,348,19312
5/11/2020,Dutchess,21,3399,216,19528
5/12/2020,Dutchess,30,3429,387,19915
5/13/2020,Dutchess,45,3474,459,20374
5/14/2020,Dutchess,24,3498,394,20768
5/15/2020,Dutchess,29,3527,627,21395
5/16/2020,Dutchess,16,3543,491,21886
5/17/2020,Dutchess,9,3552,337,22223
5/18/2020,Dutchess,158,3710,972,23195
5/19/2020,Dutchess,14,3724,536,23731
5/20/2020,Dutchess,21,3745,573,24304
5/21/2020,Dutchess,22,3767,556,24860
5/22/2020,Dutchess,26,3793,549,25409
5/23/2020,Dutchess,14,3807,874,26283
5/24/2020,Dutchess,18,3825,650,26933
5/25/2020,Dutchess,9,3834,301,27234
5/26/2020,Dutchess,13,3847,423,27657
5/27/2020,Dutchess,20,3867,911,28568
5/28/2020,Dutchess,20,3887,1257,29825
5/29/2020,Dutchess,12,3899,1265,31090
5/30/2020,Dutchess,10,3909,765,31855
5/31/2020,Dutchess,15,3924,1034,32889
6/1/2020,Dutchess,12,3936,936,33825
6/2/2020,Dutchess,15,3951,1003,34828
6/3/2020,Dutchess,11,3962,771,35599
6/4/2020,Dutchess,22,3984,1166,36765
6/5/2020,Dutchess,11,3995,1072,37837
6/6/2020,Dutchess,5,4000,793,38630
6/7/2020,Dutchess,6,4006,906,39536
6/8/2020,Dutchess,10,4016,717,40253
6/9/2020,Dutchess,6,4022,944,41197
6/10/2020,Dutchess,5,4027,1072,42269
6/11/2020,Dutchess,8,4035,1046,43315
6/12/2020,Dutchess,14,4049,1186,44501
6/13/2020,Dutchess,7,4056,766,45267
6/14/2020,Dutchess,12,4068,1161,46428
6/15/2020,Dutchess,7,4075,817,47245
6/16/2020,Dutchess,2,4077,841,48086
6/17/2020,Dutchess,11,4088,1071,49157
6/18/2020,Dutchess,22,4110,1206,50363
6/19/2020,Dutchess,17,4127,978,51341
6/20/2020,Dutchess,11,4138,1101,52442
6/21/2020,Dutchess,7,4145,781,53223
6/22/2020,Dutchess,5,4150,494,53717
6/23/2020,Dutchess,8,4158,595,54312
6/24/2020,Dutchess,18,4176,1245,55557
6/25/2020,Dutchess,3,4179,958,56515
6/26/2020,Dutchess,12,4191,1099,57614
6/27/2020,Dutchess,7,4198,828,58442
6/28/2020,Dutchess,3,4201,773,59215
6/29/2020,Dutchess,6,4207,422,59637
6/30/2020,Dutchess,6,4213,1015,60652
7/1/2020,Dutchess,12,4225,973,61625
7/2/2020,Dutchess,6,4231,967,62592
7/3/2020,Dutchess,7,4238,828,63420
7/4/2020,Dutchess,5,4243,1123,64543
7/5/2020,Dutchess,3,4246,1096,65639
7/6/2020,Dutchess,2,4248,772,66411
7/7/2020,Dutchess,2,4250,699,67110
7/8/2020,Dutchess,5,4255,1052,68162
7/9/2020,Dutchess,7,4262,1041,69203
7/10/2020,Dutchess,7,4269,1229,70432
7/11/2020,Dutchess,7,4276,1047,71479
7/12/2020,Dutchess,4,4280,839,72318
7/13/2020,Dutchess,38,4318,1153,73471
7/14/2020,Dutchess,19,4337,907,74378
7/15/2020,Dutchess,20,4357,1278,75656
7/16/2020,Dutchess,6,4363,1198,76854
7/17/2020,Dutchess,10,4373,1125,77979
7/18/2020,Dutchess,3,4376,802,78781
7/19/2020,Dutchess,0,4376,603,79384
7/20/2020,Dutchess,4,4380,852,80236
7/21/2020,Dutchess,7,4387,986,81222
7/22/2020,Dutchess,13,4400,1149,82371
7/23/2020,Dutchess,8,4408,1146,83517
7/24/2020,Dutchess,4,4412,1041,84558
7/25/2020,Dutchess,13,4425,921,85479
7/26/2020,Dutchess,15,4440,739,86218
7/27/2020,Dutchess,7,4447,1020,87238
7/28/2020,Dutchess,6,4453,1250,88488
7/29/2020,Dutchess,15,4468,1715,90203
7/30/2020,Dutchess,22,4490,1610,91813
7/31/2020,Dutchess,14,4504,1376,93189
8/1/2020,Dutchess,16,4520,1429,94618
8/2/2020,Dutchess,23,4543,1047,95665
8/3/2020,Dutchess,14,4557,796,96461
8/4/2020,Dutchess,11,4568,990,97451
8/5/2020,Dutchess,14,4582,1232,98683
8/6/2020,Dutchess,7,4589,992,99675
8/7/2020,Dutchess,11,4600,1191,100866
8/8/2020,Dutchess,7,4607,1244,102110
8/9/2020,Dutchess,6,4613,998,103108
8/10/2020,Dutchess,6,4619,885,103993
8/11/2020,Dutchess,12,4631,1114,105107
8/12/2020,Dutchess,9,4640,1362,106469
8/13/2020,Dutchess,15,4655,1549,108018
8/14/2020,Dutchess,13,4668,1797,109815
8/15/2020,Dutchess,18,4686,1581,111396
8/16/2020,Dutchess,14,4700,1177,112573
8/17/2020,Dutchess,4,4704,787,113360
8/18/2020,Dutchess,6,4710,1253,114613
8/19/2020,Dutchess,11,4721,1406,116019
8/20/2020,Dutchess,13,4734,1832,117851
8/21/2020,Dutchess,19,4753,1522,119373
8/22/2020,Dutchess,14,4767,1475,120848
8/23/2020,Dutchess,10,4777,1245,122093
8/24/2020,Dutchess,13,4790,1523,123616
8/25/2020,Dutchess,8,4798,1335,124951
8/26/2020,Dutchess,17,4815,2006,126957
8/27/2020,Dutchess,12,4827,1803,128760
8/28/2020,Dutchess,19,4846,2102,130862
8/29/2020,Dutchess,6,4852,1867,132729
8/30/2020,Dutchess,13,4865,1455,134184
8/31/2020,Dutchess,3,4868,1515,135699
9/1/2020,Dutchess,10,4878,1329,137028
9/2/2020,Dutchess,14,4892,1400,138428
9/3/2020,Dutchess,10,4902,1308,139736
9/4/2020,Dutchess,12,4914,1692,141428
9/5/2020,Dutchess,14,4928,1404,142832
9/6/2020,Dutchess,11,4939,992,143824
9/7/2020,Dutchess,5,4944,609,144433
9/8/2020,Dutchess,12,4956,867,145300
9/9/2020,Dutchess,6,4962,1341,146641
9/10/2020,Dutchess,13,4975,1436,148077
9/11/2020,Dutchess,9,4984,1632,149709
9/12/2020,Dutchess,2,4986,1298,151007
9/13/2020,Dutchess,8,4994,1157,152164
9/14/2020,Dutchess,12,5006,1047,153211
9/15/2020,Dutchess,8,5014,1186,154397
9/16/2020,Dutchess,28,5042,1294,155691
9/17/2020,Dutchess,8,5050,1205,156896
9/18/2020,Dutchess,3,5053,1444,158340
9/19/2020,Dutchess,6,5059,1591,159931
9/20/2020,Dutchess,17,5076,1090,161021
9/21/2020,Dutchess,8,5084,982,162003
9/22/2020,Dutchess,5,5089,910,162913
9/23/2020,Dutchess,16,5105,1303,164216
9/24/2020,Dutchess,3,5108,1388,165604
9/25/2020,Dutchess,7,5115,1346,166950
9/26/2020,Dutchess,5,5120,1218,168168
9/27/2020,Dutchess,4,5124,886,169054
9/28/2020,Dutchess,6,5130,896,169950
9/29/2020,Dutchess,7,5137,837,170787
9/30/2020,Dutchess,11,5148,1617,172404
10/1/2020,Dutchess,17,5165,2223,174627
10/2/2020,Dutchess,4,5169,2087,176714
10/3/2020,Dutchess,10,5179,1408,178122
10/4/2020,Dutchess,8,5187,1157,179279
10/5/2020,Dutchess,18,5205,1487,180766
10/6/2020,Dutchess,9,5214,1341,182107
10/7/2020,Dutchess,8,5222,2438,184545
10/8/2020,Dutchess,11,5233,1790,186335
10/9/2020,Dutchess,12,5245,1883,188218
10/10/2020,Dutchess,7,5252,1454,189672
10/11/2020,Dutchess,7,5259,1465,191137
10/12/2020,Dutchess,12,5271,1172,192309
10/13/2020,Dutchess,10,5281,1996,194305
10/14/2020,Dutchess,8,5289,1951,196256
10/15/2020,Dutchess,16,5305,1542,197798
10/16/2020,Dutchess,13,5318,2055,199853
10/17/2020,Dutchess,10,5328,1421,201274
10/18/2020,Dutchess,12,5340,1399,202673
10/19/2020,Dutchess,15,5355,1287,203960
10/20/2020,Dutchess,11,5366,1182,205142
10/21/2020,Dutchess,16,5382,1749,206891
10/22/2020,Dutchess,21,5403,2223,209114
10/23/2020,Dutchess,18,5421,1919,211033
10/24/2020,Dutchess,17,5438,1551,212584
10/25/2020,Dutchess,12,5450,1216,213800
10/26/2020,Dutchess,15,5465,1516,215316
10/27/2020,Dutchess,7,5472,1356,216672
10/28/2020,Dutchess,36,5508,2367,219039
10/29/2020,Dutchess,17,5525,1787,220826
10/30/2020,Dutchess,22,5547,1793,222619
10/31/2020,Dutchess,18,5565,1974,224593
11/1/2020,Dutchess,20,5585,1265,225858
11/2/2020,Dutchess,27,5612,1626,227484
11/3/2020,Dutchess,30,5642,1665,229149
11/4/2020,Dutchess,27,5669,1989,231138
11/5/2020,Dutchess,41,5710,1828,232966
11/6/2020,Dutchess,29,5739,2426,235392
11/7/2020,Dutchess,51,5790,2182,237574
11/8/2020,Dutchess,49,5839,1529,239103
11/9/2020,Dutchess,40,5879,1551,240654
11/10/2020,Dutchess,65,5944,2150,242804
11/11/2020,Dutchess,59,6003,2240,245044
11/12/2020,Dutchess,71,6074,3122,248166
11/13/2020,Dutchess,70,6144,2344,250510
11/14/2020,Dutchess,41,6185,1598,252108
3/1/2020,Erie,0,0,0,0
3/2/2020,Erie,0,0,0,0
3/3/2020,Erie,0,0,0,0
3/4/2020,Erie,0,0,6,6
3/5/2020,Erie,0,0,6,12
3/6/2020,Erie,0,0,0,12
3/7/2020,Erie,0,0,2,14
3/8/2020,Erie,0,0,1,15
3/9/2020,Erie,0,0,1,16
3/10/2020,Erie,0,0,2,18
3/11/2020,Erie,0,0,0,18
3/12/2020,Erie,0,0,13,31
3/13/2020,Erie,0,0,5,36
3/14/2020,Erie,3,3,22,58
3/15/2020,Erie,3,6,10,68
3/16/2020,Erie,1,7,2,70
3/17/2020,Erie,0,7,2,72
3/18/2020,Erie,21,28,130,202
3/19/2020,Erie,3,31,43,245
3/20/2020,Erie,7,38,55,300
3/21/2020,Erie,16,54,111,411
3/22/2020,Erie,33,87,247,658
3/23/2020,Erie,20,107,100,758
3/24/2020,Erie,15,122,114,872
3/25/2020,Erie,12,134,116,988
3/26/2020,Erie,85,219,348,1336
3/27/2020,Erie,99,318,370,1706
3/28/2020,Erie,40,358,126,1832
3/29/2020,Erie,18,376,67,1899
3/30/2020,Erie,62,438,189,2088
3/31/2020,Erie,26,464,119,2207
4/1/2020,Erie,153,617,571,2778
4/2/2020,Erie,103,720,429,3207
4/3/2020,Erie,88,808,317,3524
4/4/2020,Erie,110,918,402,3926
4/5/2020,Erie,105,1023,549,4475
4/6/2020,Erie,112,1135,396,4871
4/7/2020,Erie,70,1205,295,5166
4/8/2020,Erie,157,1362,458,5624
4/9/2020,Erie,47,1409,309,5933
4/10/2020,Erie,63,1472,297,6230
4/11/2020,Erie,99,1571,317,6547
4/12/2020,Erie,53,1624,182,6729
4/13/2020,Erie,44,1668,223,6952
4/14/2020,Erie,83,1751,326,7278
4/15/2020,Erie,99,1850,394,7672
4/16/2020,Erie,79,1929,348,8020
4/17/2020,Erie,68,1997,262,8282
4/18/2020,Erie,73,2070,367,8649
4/19/2020,Erie,39,2109,199,8848
4/20/2020,Erie,38,2147,258,9106
4/21/2020,Erie,86,2233,347,9453
4/22/2020,Erie,217,2450,1307,10760
4/23/2020,Erie,153,2603,982,11742
4/24/2020,Erie,170,2773,872,12614
4/25/2020,Erie,181,2954,795,13409
4/26/2020,Erie,67,3021,508,13917
4/27/2020,Erie,68,3089,586,14503
4/28/2020,Erie,107,3196,716,15219
4/29/2020,Erie,123,3319,885,16104
4/30/2020,Erie,162,3481,905,17009
5/1/2020,Erie,117,3598,1058,18067
5/2/2020,Erie,112,3710,799,18866
5/3/2020,Erie,92,3802,760,19626
5/4/2020,Erie,89,3891,779,20405
5/5/2020,Erie,117,4008,1498,21903
5/6/2020,Erie,128,4136,1164,23067
5/7/2020,Erie,119,4255,1008,24075
5/8/2020,Erie,82,4337,1049,25124
5/9/2020,Erie,116,4453,1231,26355
5/10/2020,Erie,30,4483,386,26741
5/11/2020,Erie,47,4530,696,27437
5/12/2020,Erie,76,4606,1591,29028
5/13/2020,Erie,65,4671,1664,30692
5/14/2020,Erie,111,4782,1690,32382
5/15/2020,Erie,85,4867,1164,33546
5/16/2020,Erie,87,4954,1827,35373
5/17/2020,Erie,39,4993,628,36001
5/18/2020,Erie,44,5037,934,36935
5/19/2020,Erie,94,5131,2198,39133
5/20/2020,Erie,139,5270,2974,42107
5/21/2020,Erie,127,5397,2175,44282
5/22/2020,Erie,155,5552,2767,47049
5/23/2020,Erie,74,5626,1742,48791
5/24/2020,Erie,74,5700,1718,50509
5/25/2020,Erie,53,5753,1334,51843
5/26/2020,Erie,57,5810,1572,53415
5/27/2020,Erie,76,5886,2367,55782
5/28/2020,Erie,49,5935,1944,57726
5/29/2020,Erie,79,6014,2434,60160
5/30/2020,Erie,56,6070,2402,62562
5/31/2020,Erie,53,6123,1951,64513
6/1/2020,Erie,50,6173,2225,66738
6/2/2020,Erie,61,6234,3364,70102
6/3/2020,Erie,74,6308,2639,72741
6/4/2020,Erie,51,6359,2896,75637
6/5/2020,Erie,70,6429,4101,79738
6/6/2020,Erie,57,6486,2102,81840
6/7/2020,Erie,45,6531,1670,83510
6/8/2020,Erie,64,6595,3600,87110
6/9/2020,Erie,21,6616,2358,89468
6/10/2020,Erie,43,6659,2427,91895
6/11/2020,Erie,58,6717,3047,94942
6/12/2020,Erie,36,6753,2819,97761
6/13/2020,Erie,32,6785,2624,100385
6/14/2020,Erie,32,6817,1796,102181
6/15/2020,Erie,35,6852,2174,104355
6/16/2020,Erie,30,6882,2419,106774
6/17/2020,Erie,38,6920,2888,109662
6/18/2020,Erie,35,6955,3405,113067
6/19/2020,Erie,25,6980,3055,116122
6/20/2020,Erie,24,7004,2204,118326
6/21/2020,Erie,31,7035,2224,120550
6/22/2020,Erie,38,7073,2083,122633
6/23/2020,Erie,35,7108,2861,125494
6/24/2020,Erie,30,7138,3065,128559
6/25/2020,Erie,43,7181,2620,131179
6/26/2020,Erie,25,7206,2428,133607
6/27/2020,Erie,22,7228,2116,135723
6/28/2020,Erie,21,7249,1787,137510
6/29/2020,Erie,43,7292,2534,140044
6/30/2020,Erie,45,7337,2670,142714
7/1/2020,Erie,33,7370,2959,145673
7/2/2020,Erie,57,7427,2920,148593
7/3/2020,Erie,35,7462,2542,151135
7/4/2020,Erie,13,7475,1775,152910
7/5/2020,Erie,25,7500,1603,154513
7/6/2020,Erie,44,7544,2750,157263
7/7/2020,Erie,52,7596,3240,160503
7/8/2020,Erie,28,7624,3212,163715
7/9/2020,Erie,36,7660,3299,167014
7/10/2020,Erie,51,7711,2752,169766
7/11/2020,Erie,31,7742,2421,172187
7/12/2020,Erie,24,7766,1765,173952
7/13/2020,Erie,67,7833,2651,176603
7/14/2020,Erie,58,7891,2975,179578
7/15/2020,Erie,36,7927,3015,182593
7/16/2020,Erie,55,7982,3391,185984
7/17/2020,Erie,34,8016,2039,188023
7/18/2020,Erie,19,8035,1699,189722
7/19/2020,Erie,11,8046,1434,191156
7/20/2020,Erie,60,8106,3225,194381
7/21/2020,Erie,29,8135,2772,197153
7/22/2020,Erie,52,8187,3067,200220
7/23/2020,Erie,47,8234,3348,203568
7/24/2020,Erie,48,8282,4090,207658
7/25/2020,Erie,19,8301,1879,209537
7/26/2020,Erie,26,8327,1845,211382
7/27/2020,Erie,37,8364,2806,214188
7/28/2020,Erie,46,8410,2416,216604
7/29/2020,Erie,24,8434,3886,220490
7/30/2020,Erie,58,8492,3108,223598
7/31/2020,Erie,56,8548,3740,227338
8/1/2020,Erie,24,8572,2624,229962
8/2/2020,Erie,54,8626,2148,232110
8/3/2020,Erie,41,8667,3906,236016
8/4/2020,Erie,35,8702,5925,241941
8/5/2020,Erie,35,8737,3420,245361
8/6/2020,Erie,54,8791,3434,248795
8/7/2020,Erie,59,8850,4495,253290
8/8/2020,Erie,54,8904,2649,255939
8/9/2020,Erie,14,8918,1745,257684
8/10/2020,Erie,69,8987,4022,261706
8/11/2020,Erie,26,9013,3239,264945
8/12/2020,Erie,20,9033,2742,267687
8/13/2020,Erie,31,9064,3467,271154
8/14/2020,Erie,50,9114,3109,274263
8/15/2020,Erie,33,9147,2644,276907
8/16/2020,Erie,10,9157,1992,278899
8/17/2020,Erie,30,9187,2900,281799
8/18/2020,Erie,54,9241,3346,285145
8/19/2020,Erie,42,9283,3339,288484
8/20/2020,Erie,81,9364,4163,292647
8/21/2020,Erie,49,9413,3703,296350
8/22/2020,Erie,52,9465,2255,298605
8/23/2020,Erie,26,9491,1452,300057
8/24/2020,Erie,55,9546,3320,303377
8/25/2020,Erie,43,9589,2649,306026
8/26/2020,Erie,79,9668,3893,309919
8/27/2020,Erie,45,9713,4199,314118
8/28/2020,Erie,28,9741,3012,317130
8/29/2020,Erie,66,9807,3774,320904
8/30/2020,Erie,65,9872,2691,323595
8/31/2020,Erie,75,9947,3839,327434
9/1/2020,Erie,70,10017,4364,331798
9/2/2020,Erie,69,10086,3801,335599
9/3/2020,Erie,70,10156,3606,339205
9/4/2020,Erie,56,10212,4124,343329
9/5/2020,Erie,54,10266,2017,345346
9/6/2020,Erie,54,10320,2176,347522
9/7/2020,Erie,26,10346,2250,349772
9/8/2020,Erie,48,10394,2523,352295
9/9/2020,Erie,50,10444,4218,356513
9/10/2020,Erie,59,10503,3118,359631
9/11/2020,Erie,64,10567,3728,363359
9/12/2020,Erie,70,10637,3130,366489
9/13/2020,Erie,31,10668,2288,368777
9/14/2020,Erie,48,10716,2882,371659
9/15/2020,Erie,36,10752,2568,374227
9/16/2020,Erie,81,10833,4437,378664
9/17/2020,Erie,40,10873,2670,381334
9/18/2020,Erie,44,10917,4544,385878
9/19/2020,Erie,82,10999,4104,389982
9/20/2020,Erie,43,11042,2187,392169
9/21/2020,Erie,40,11082,2592,394761
9/22/2020,Erie,30,11112,3058,397819
9/23/2020,Erie,89,11201,4107,401926
9/24/2020,Erie,50,11251,3783,405709
9/25/2020,Erie,57,11308,3901,409610
9/26/2020,Erie,34,11342,3908,413518
9/27/2020,Erie,17,11359,1515,415033
9/28/2020,Erie,86,11445,5162,420195
9/29/2020,Erie,55,11500,5326,425521
9/30/2020,Erie,74,11574,3856,429377
10/1/2020,Erie,63,11637,5162,434539
10/2/2020,Erie,60,11697,4462,439001
10/3/2020,Erie,70,11767,6965,445966
10/4/2020,Erie,31,11798,2448,448414
10/5/2020,Erie,66,11864,3354,451768
10/6/2020,Erie,34,11898,3953,455721
10/7/2020,Erie,55,11953,4054,459775
10/8/2020,Erie,45,11998,4900,464675
10/9/2020,Erie,57,12055,4372,469047
10/10/2020,Erie,52,12107,3399,472446
10/11/2020,Erie,47,12154,3798,476244
10/12/2020,Erie,28,12182,3453,479697
10/13/2020,Erie,34,12216,3972,483669
10/14/2020,Erie,53,12269,4562,488231
10/15/2020,Erie,55,12324,4569,492800
10/16/2020,Erie,69,12393,5236,498036
10/17/2020,Erie,58,12451,3684,501720
10/18/2020,Erie,17,12468,2065,503785
10/19/2020,Erie,45,12513,4108,507893
10/20/2020,Erie,61,12574,4398,512291
10/21/2020,Erie,76,12650,5874,518165
10/22/2020,Erie,55,12705,4845,523010
10/23/2020,Erie,77,12782,7071,530081
10/24/2020,Erie,37,12819,2645,532726
10/25/2020,Erie,36,12855,3109,535835
10/26/2020,Erie,116,12971,4264,540099
10/27/2020,Erie,50,13021,4485,544584
10/28/2020,Erie,140,13161,4756,549340
10/29/2020,Erie,101,13262,4797,554137
10/30/2020,Erie,151,13413,5294,559431
10/31/2020,Erie,118,13531,4416,563847
11/1/2020,Erie,53,13584,2604,566451
11/2/2020,Erie,164,13748,4798,571249
11/3/2020,Erie,160,13908,3924,575173
11/4/2020,Erie,215,14123,5681,580854
11/5/2020,Erie,215,14338,6263,587117
11/6/2020,Erie,379,14717,8038,595155
11/7/2020,Erie,271,14988,4678,599833
11/8/2020,Erie,228,15216,3792,603625
11/9/2020,Erie,390,15606,6103,609728
11/10/2020,Erie,422,16028,7615,617343
11/11/2020,Erie,512,16540,7940,625283
11/12/2020,Erie,481,17021,10222,635505
11/13/2020,Erie,448,17469,8737,644242
11/14/2020,Erie,277,17746,4435,648677
3/1/2020,Essex,0,0,0,0
3/2/2020,Essex,0,0,0,0
3/3/2020,Essex,0,0,0,0
3/4/2020,Essex,0,0,0,0
3/5/2020,Essex,0,0,0,0
3/6/2020,Essex,0,0,0,0
3/7/2020,Essex,0,0,0,0
3/8/2020,Essex,0,0,0,0
3/9/2020,Essex,0,0,0,0
3/10/2020,Essex,0,0,0,0
3/11/2020,Essex,0,0,0,0
3/12/2020,Essex,0,0,0,0
3/13/2020,Essex,0,0,2,2
3/14/2020,Essex,0,0,1,3
3/15/2020,Essex,0,0,2,5
3/16/2020,Essex,0,0,0,5
3/17/2020,Essex,1,1,2,7
3/18/2020,Essex,0,1,1,8
3/19/2020,Essex,0,1,10,18
3/20/2020,Essex,1,2,5,23
3/21/2020,Essex,1,3,8,31
3/22/2020,Essex,0,3,2,33
3/23/2020,Essex,0,3,11,44
3/24/2020,Essex,1,4,6,50
3/25/2020,Essex,0,4,7,57
3/26/2020,Essex,0,4,6,63
3/27/2020,Essex,0,4,5,68
3/28/2020,Essex,0,4,3,71
3/29/2020,Essex,0,4,3,74
3/30/2020,Essex,0,4,5,79
3/31/2020,Essex,2,6,8,87
4/1/2020,Essex,0,6,2,89
4/2/2020,Essex,0,6,2,91
4/3/2020,Essex,1,7,7,98
4/4/2020,Essex,0,7,4,102
4/5/2020,Essex,0,7,4,106
4/6/2020,Essex,0,7,5,111
4/7/2020,Essex,0,7,4,115
4/8/2020,Essex,1,8,6,121
4/9/2020,Essex,2,10,13,134
4/10/2020,Essex,2,12,4,138
4/11/2020,Essex,0,12,12,150
4/12/2020,Essex,0,12,5,155
4/13/2020,Essex,0,12,24,179
4/14/2020,Essex,0,12,3,182
4/15/2020,Essex,0,12,8,190
4/16/2020,Essex,3,15,6,196
4/17/2020,Essex,1,16,5,201
4/18/2020,Essex,2,18,10,211
4/19/2020,Essex,2,20,4,215
4/20/2020,Essex,1,21,5,220
4/21/2020,Essex,1,22,2,222
4/22/2020,Essex,0,22,1,223
4/23/2020,Essex,0,22,6,229
4/24/2020,Essex,2,24,35,264
4/25/2020,Essex,0,24,15,279
4/26/2020,Essex,0,24,27,306
4/27/2020,Essex,2,26,16,322
4/28/2020,Essex,1,27,19,341
4/29/2020,Essex,1,28,22,363
4/30/2020,Essex,0,28,27,390
5/1/2020,Essex,0,28,31,421
5/2/2020,Essex,1,29,23,444
5/3/2020,Essex,0,29,10,454
5/4/2020,Essex,1,30,26,480
5/5/2020,Essex,0,30,18,498
5/6/2020,Essex,0,30,15,513
5/7/2020,Essex,1,31,69,582
5/8/2020,Essex,0,31,64,646
5/9/2020,Essex,1,32,111,757
5/10/2020,Essex,0,32,31,788
5/11/2020,Essex,0,32,12,800
5/12/2020,Essex,0,32,77,877
5/13/2020,Essex,0,32,60,937
5/14/2020,Essex,0,32,34,971
5/15/2020,Essex,0,32,173,1144
5/16/2020,Essex,1,33,146,1290
5/17/2020,Essex,0,33,161,1451
5/18/2020,Essex,1,34,16,1467
5/19/2020,Essex,0,34,43,1510
5/20/2020,Essex,2,36,162,1672
5/21/2020,Essex,0,36,115,1787
5/22/2020,Essex,0,36,89,1876
5/23/2020,Essex,0,36,182,2058
5/24/2020,Essex,0,36,88,2146
5/25/2020,Essex,0,36,68,2214
5/26/2020,Essex,0,36,71,2285
5/27/2020,Essex,0,36,85,2370
5/28/2020,Essex,0,36,151,2521
5/29/2020,Essex,0,36,95,2616
5/30/2020,Essex,1,37,258,2874
5/31/2020,Essex,0,37,144,3018
6/1/2020,Essex,1,38,64,3082
6/2/2020,Essex,0,38,109,3191
6/3/2020,Essex,0,38,193,3384
6/4/2020,Essex,0,38,106,3490
6/5/2020,Essex,0,38,96,3586
6/6/2020,Essex,0,38,178,3764
6/7/2020,Essex,1,39,160,3924
6/8/2020,Essex,1,40,25,3949
6/9/2020,Essex,0,40,147,4096
6/10/2020,Essex,0,40,159,4255
6/11/2020,Essex,0,40,135,4390
6/12/2020,Essex,0,40,75,4465
6/13/2020,Essex,0,40,196,4661
6/14/2020,Essex,0,40,74,4735
6/15/2020,Essex,0,40,65,4800
6/16/2020,Essex,0,40,47,4847
6/17/2020,Essex,0,40,105,4952
6/18/2020,Essex,0,40,172,5124
6/19/2020,Essex,1,41,78,5202
6/20/2020,Essex,0,41,109,5311
6/21/2020,Essex,0,41,79,5390
6/22/2020,Essex,0,41,88,5478
6/23/2020,Essex,0,41,108,5586
6/24/2020,Essex,0,41,100,5686
6/25/2020,Essex,0,41,65,5751
6/26/2020,Essex,1,42,176,5927
6/27/2020,Essex,0,42,93,6020
6/28/2020,Essex,0,42,109,6129
6/29/2020,Essex,0,42,39,6168
6/30/2020,Essex,0,42,120,6288
7/1/2020,Essex,0,42,125,6413
7/2/2020,Essex,4,46,116,6529
7/3/2020,Essex,1,47,58,6587
7/4/2020,Essex,1,48,166,6753
7/5/2020,Essex,1,49,169,6922
7/6/2020,Essex,0,49,135,7057
7/7/2020,Essex,0,49,58,7115
7/8/2020,Essex,2,51,135,7250
7/9/2020,Essex,0,51,85,7335
7/10/2020,Essex,0,51,104,7439
7/11/2020,Essex,0,51,104,7543
7/12/2020,Essex,0,51,74,7617
7/13/2020,Essex,0,51,126,7743
7/14/2020,Essex,0,51,55,7798
7/15/2020,Essex,0,51,80,7878
7/16/2020,Essex,0,51,69,7947
7/17/2020,Essex,0,51,88,8035
7/18/2020,Essex,0,51,57,8092
7/19/2020,Essex,0,51,60,8152
7/20/2020,Essex,0,51,131,8283
7/21/2020,Essex,3,54,152,8435
7/22/2020,Essex,0,54,134,8569
7/23/2020,Essex,0,54,101,8670
7/24/2020,Essex,0,54,146,8816
7/25/2020,Essex,0,54,98,8914
7/26/2020,Essex,1,55,59,8973
7/27/2020,Essex,0,55,90,9063
7/28/2020,Essex,0,55,113,9176
7/29/2020,Essex,0,55,106,9282
7/30/2020,Essex,0,55,38,9320
7/31/2020,Essex,0,55,127,9447
8/1/2020,Essex,0,55,110,9557
8/2/2020,Essex,0,55,152,9709
8/3/2020,Essex,0,55,141,9850
8/4/2020,Essex,0,55,255,10105
8/5/2020,Essex,0,55,50,10155
8/6/2020,Essex,0,55,53,10208
8/7/2020,Essex,0,55,159,10367
8/8/2020,Essex,0,55,110,10477
8/9/2020,Essex,0,55,75,10552
8/10/2020,Essex,1,56,125,10677
8/11/2020,Essex,0,56,96,10773
8/12/2020,Essex,0,56,121,10894
8/13/2020,Essex,1,57,60,10954
8/14/2020,Essex,2,59,131,11085
8/15/2020,Essex,0,59,168,11253
8/16/2020,Essex,0,59,76,11329
8/17/2020,Essex,4,63,139,11468
8/18/2020,Essex,0,63,60,11528
8/19/2020,Essex,22,85,131,11659
8/20/2020,Essex,0,85,149,11808
8/21/2020,Essex,13,98,182,11990
8/22/2020,Essex,2,100,121,12111
8/23/2020,Essex,0,100,124,12235
8/24/2020,Essex,1,101,99,12334
8/25/2020,Essex,4,105,117,12451
8/26/2020,Essex,14,119,246,12697
8/27/2020,Essex,7,126,102,12799
8/28/2020,Essex,0,126,191,12990
8/29/2020,Essex,2,128,190,13180
8/30/2020,Essex,1,129,167,13347
8/31/2020,Essex,2,131,197,13544
9/1/2020,Essex,4,135,207,13751
9/2/2020,Essex,6,141,117,13868
9/3/2020,Essex,4,145,106,13974
9/4/2020,Essex,2,147,179,14153
9/5/2020,Essex,1,148,208,14361
9/6/2020,Essex,1,149,106,14467
9/7/2020,Essex,0,149,62,14529
9/8/2020,Essex,0,149,67,14596
9/9/2020,Essex,1,150,85,14681
9/10/2020,Essex,0,150,133,14814
9/11/2020,Essex,1,151,241,15055
9/12/2020,Essex,0,151,115,15170
9/13/2020,Essex,0,151,47,15217
9/14/2020,Essex,2,153,110,15327
9/15/2020,Essex,1,154,80,15407
9/16/2020,Essex,0,154,87,15494
9/17/2020,Essex,3,157,160,15654
9/18/2020,Essex,1,158,208,15862
9/19/2020,Essex,2,160,106,15968
9/20/2020,Essex,0,160,60,16028
9/21/2020,Essex,1,161,167,16195
9/22/2020,Essex,0,161,95,16290
9/23/2020,Essex,3,164,219,16509
9/24/2020,Essex,0,164,180,16689
9/25/2020,Essex,3,167,239,16928
9/26/2020,Essex,0,167,195,17123
9/27/2020,Essex,1,168,80,17203
9/28/2020,Essex,0,168,170,17373
9/29/2020,Essex,1,169,233,17606
9/30/2020,Essex,0,169,148,17754
10/1/2020,Essex,0,169,191,17945
10/2/2020,Essex,1,170,225,18170
10/3/2020,Essex,0,170,98,18268
10/4/2020,Essex,1,171,80,18348
10/5/2020,Essex,1,172,240,18588
10/6/2020,Essex,2,174,107,18695
10/7/2020,Essex,2,176,127,18822
10/8/2020,Essex,1,177,164,18986
10/9/2020,Essex,1,178,174,19160
10/10/2020,Essex,0,178,176,19336
10/11/2020,Essex,1,179,102,19438
10/12/2020,Essex,2,181,219,19657
10/13/2020,Essex,0,181,142,19799
10/14/2020,Essex,1,182,142,19941
10/15/2020,Essex,2,184,155,20096
10/16/2020,Essex,6,190,185,20281
10/17/2020,Essex,2,192,108,20389
10/18/2020,Essex,2,194,137,20526
10/19/2020,Essex,0,194,196,20722
10/20/2020,Essex,0,194,142,20864
10/21/2020,Essex,1,195,359,21223
10/22/2020,Essex,0,195,231,21454
10/23/2020,Essex,1,196,341,21795
10/24/2020,Essex,1,197,180,21975
10/25/2020,Essex,0,197,172,22147
10/26/2020,Essex,0,197,155,22302
10/27/2020,Essex,1,198,134,22436
10/28/2020,Essex,1,199,227,22663
10/29/2020,Essex,0,199,230,22893
10/30/2020,Essex,4,203,272,23165
10/31/2020,Essex,0,203,183,23348
11/1/2020,Essex,1,204,97,23445
11/2/2020,Essex,3,207,245,23690
11/3/2020,Essex,3,210,148,23838
11/4/2020,Essex,2,212,218,24056
11/5/2020,Essex,1,213,252,24308
11/6/2020,Essex,3,216,316,24624
11/7/2020,Essex,0,216,143,24767
11/8/2020,Essex,0,216,221,24988
11/9/2020,Essex,2,218,178,25166
11/10/2020,Essex,6,224,308,25474
11/11/2020,Essex,0,224,115,25589
11/12/2020,Essex,0,224,294,25883
11/13/2020,Essex,5,229,194,26077
11/14/2020,Essex,1,230,98,26175
3/1/2020,Franklin,0,0,0,0
3/2/2020,Franklin,0,0,0,0
3/3/2020,Franklin,0,0,0,0
3/4/2020,Franklin,0,0,0,0
3/5/2020,Franklin,0,0,0,0
3/6/2020,Franklin,0,0,0,0
3/7/2020,Franklin,0,0,0,0
3/8/2020,Franklin,0,0,0,0
3/9/2020,Franklin,0,0,0,0
3/10/2020,Franklin,0,0,0,0
3/11/2020,Franklin,0,0,0,0
3/12/2020,Franklin,0,0,1,1
3/13/2020,Franklin,0,0,0,1
3/14/2020,Franklin,0,0,1,2
3/15/2020,Franklin,0,0,0,2
3/16/2020,Franklin,0,0,3,5
3/17/2020,Franklin,0,0,1,6
3/18/2020,Franklin,0,0,5,11
3/19/2020,Franklin,0,0,6,17
3/20/2020,Franklin,0,0,5,22
3/21/2020,Franklin,0,0,10,32
3/22/2020,Franklin,0,0,8,40
3/23/2020,Franklin,0,0,3,43
3/24/2020,Franklin,1,1,4,47
3/25/2020,Franklin,0,1,5,52
3/26/2020,Franklin,1,2,11,63
3/27/2020,Franklin,2,4,10,73
3/28/2020,Franklin,2,6,9,82
3/29/2020,Franklin,0,6,14,96
3/30/2020,Franklin,3,9,10,106
3/31/2020,Franklin,0,9,9,115
4/1/2020,Franklin,0,9,8,123
4/2/2020,Franklin,1,10,19,142
4/3/2020,Franklin,0,10,4,146
4/4/2020,Franklin,0,10,6,152
4/5/2020,Franklin,0,10,5,157
4/6/2020,Franklin,0,10,5,162
4/7/2020,Franklin,0,10,7,169
4/8/2020,Franklin,1,11,5,174
4/9/2020,Franklin,0,11,6,180
4/10/2020,Franklin,0,11,5,185
4/11/2020,Franklin,1,12,8,193
4/12/2020,Franklin,0,12,6,199
4/13/2020,Franklin,1,13,13,212
4/14/2020,Franklin,0,13,4,216
4/15/2020,Franklin,0,13,11,227
4/16/2020,Franklin,0,13,3,230
4/17/2020,Franklin,0,13,9,239
4/18/2020,Franklin,0,13,9,248
4/19/2020,Franklin,0,13,5,253
4/20/2020,Franklin,0,13,3,256
4/21/2020,Franklin,0,13,2,258
4/22/2020,Franklin,0,13,8,266
4/23/2020,Franklin,0,13,9,275
4/24/2020,Franklin,1,14,35,310
4/25/2020,Franklin,0,14,3,313
4/26/2020,Franklin,0,14,17,330
4/27/2020,Franklin,0,14,13,343
4/28/2020,Franklin,1,15,17,360
4/29/2020,Franklin,0,15,14,374
4/30/2020,Franklin,0,15,16,390
5/1/2020,Franklin,0,15,9,399
5/2/2020,Franklin,0,15,9,408
5/3/2020,Franklin,1,16,15,423
5/4/2020,Franklin,0,16,11,434
5/5/2020,Franklin,0,16,15,449
5/6/2020,Franklin,0,16,18,467
5/7/2020,Franklin,1,17,82,549
5/8/2020,Franklin,0,17,24,573
5/9/2020,Franklin,0,17,50,623
5/10/2020,Franklin,0,17,53,676
5/11/2020,Franklin,0,17,91,767
5/12/2020,Franklin,0,17,52,819
5/13/2020,Franklin,0,17,56,875
5/14/2020,Franklin,0,17,48,923
5/15/2020,Franklin,1,18,196,1119
5/16/2020,Franklin,0,18,126,1245
5/17/2020,Franklin,0,18,285,1530
5/18/2020,Franklin,0,18,9,1539
5/19/2020,Franklin,0,18,55,1594
5/20/2020,Franklin,1,19,245,1839
5/21/2020,Franklin,0,19,194,2033
5/22/2020,Franklin,1,20,83,2116
5/23/2020,Franklin,0,20,178,2294
5/24/2020,Franklin,0,20,138,2432
5/25/2020,Franklin,0,20,219,2651
5/26/2020,Franklin,0,20,84,2735
5/27/2020,Franklin,0,20,157,2892
5/28/2020,Franklin,1,21,118,3010
5/29/2020,Franklin,1,22,129,3139
5/30/2020,Franklin,0,22,151,3290
5/31/2020,Franklin,1,23,167,3457
6/1/2020,Franklin,0,23,42,3499
6/2/2020,Franklin,0,23,222,3721
6/3/2020,Franklin,0,23,262,3983
6/4/2020,Franklin,0,23,120,4103
6/5/2020,Franklin,0,23,207,4310
6/6/2020,Franklin,0,23,198,4508
6/7/2020,Franklin,0,23,272,4780
6/8/2020,Franklin,0,23,53,4833
6/9/2020,Franklin,0,23,127,4960
6/10/2020,Franklin,0,23,156,5116
6/11/2020,Franklin,1,24,205,5321
6/12/2020,Franklin,1,25,142,5463
6/13/2020,Franklin,0,25,162,5625
6/14/2020,Franklin,0,25,160,5785
6/15/2020,Franklin,0,25,67,5852
6/16/2020,Franklin,0,25,54,5906
6/17/2020,Franklin,1,26,136,6042
6/18/2020,Franklin,1,27,163,6205
6/19/2020,Franklin,0,27,251,6456
6/20/2020,Franklin,0,27,147,6603
6/21/2020,Franklin,0,27,200,6803
6/22/2020,Franklin,1,28,39,6842
6/23/2020,Franklin,0,28,55,6897
6/24/2020,Franklin,0,28,90,6987
6/25/2020,Franklin,0,28,112,7099
6/26/2020,Franklin,1,29,214,7313
6/27/2020,Franklin,0,29,136,7449
6/28/2020,Franklin,1,30,128,7577
6/29/2020,Franklin,0,30,28,7605
6/30/2020,Franklin,1,31,143,7748
7/1/2020,Franklin,1,32,89,7837
7/2/2020,Franklin,1,33,78,7915
7/3/2020,Franklin,0,33,50,7965
7/4/2020,Franklin,0,33,156,8121
7/5/2020,Franklin,0,33,126,8247
7/6/2020,Franklin,0,33,138,8385
7/7/2020,Franklin,0,33,177,8562
7/8/2020,Franklin,1,34,196,8758
7/9/2020,Franklin,1,35,187,8945
7/10/2020,Franklin,0,35,91,9036
7/11/2020,Franklin,1,36,180,9216
7/12/2020,Franklin,0,36,143,9359
7/13/2020,Franklin,0,36,91,9450
7/14/2020,Franklin,1,37,99,9549
7/15/2020,Franklin,1,38,94,9643
7/16/2020,Franklin,1,39,109,9752
7/17/2020,Franklin,1,40,183,9935
7/18/2020,Franklin,0,40,184,10119
7/19/2020,Franklin,0,40,97,10216
7/20/2020,Franklin,2,42,199,10415
7/21/2020,Franklin,0,42,150,10565
7/22/2020,Franklin,0,42,248,10813
7/23/2020,Franklin,0,42,107,10920
7/24/2020,Franklin,0,42,321,11241
7/25/2020,Franklin,2,44,178,11419
7/26/2020,Franklin,0,44,185,11604
7/27/2020,Franklin,3,47,146,11750
7/28/2020,Franklin,1,48,90,11840
7/29/2020,Franklin,0,48,78,11918
7/30/2020,Franklin,2,50,87,12005
7/31/2020,Franklin,0,50,288,12293
8/1/2020,Franklin,0,50,135,12428
8/2/2020,Franklin,0,50,88,12516
8/3/2020,Franklin,0,50,164,12680
8/4/2020,Franklin,2,52,134,12814
8/5/2020,Franklin,0,52,91,12905
8/6/2020,Franklin,2,54,125,13030
8/7/2020,Franklin,0,54,74,13104
8/8/2020,Franklin,0,54,227,13331
8/9/2020,Franklin,0,54,85,13416
8/10/2020,Franklin,0,54,160,13576
8/11/2020,Franklin,0,54,133,13709
8/12/2020,Franklin,0,54,364,14073
8/13/2020,Franklin,0,54,73,14146
8/14/2020,Franklin,0,54,370,14516
8/15/2020,Franklin,0,54,155,14671
8/16/2020,Franklin,0,54,84,14755
8/17/2020,Franklin,1,55,151,14906
8/18/2020,Franklin,1,56,127,15033
8/19/2020,Franklin,0,56,136,15169
8/20/2020,Franklin,0,56,122,15291
8/21/2020,Franklin,0,56,176,15467
8/22/2020,Franklin,0,56,270,15737
8/23/2020,Franklin,0,56,99,15836
8/24/2020,Franklin,0,56,177,16013
8/25/2020,Franklin,1,57,114,16127
8/26/2020,Franklin,1,58,282,16409
8/27/2020,Franklin,0,58,51,16460
8/28/2020,Franklin,0,58,686,17146
8/29/2020,Franklin,0,58,171,17317
8/30/2020,Franklin,0,58,70,17387
8/31/2020,Franklin,0,58,163,17550
9/1/2020,Franklin,0,58,183,17733
9/2/2020,Franklin,1,59,138,17871
9/3/2020,Franklin,0,59,145,18016
9/4/2020,Franklin,0,59,147,18163
9/5/2020,Franklin,0,59,151,18314
9/6/2020,Franklin,0,59,172,18486
9/7/2020,Franklin,0,59,166,18652
9/8/2020,Franklin,0,59,59,18711
9/9/2020,Franklin,0,59,54,18765
9/10/2020,Franklin,1,60,113,18878
9/11/2020,Franklin,1,61,319,19197
9/12/2020,Franklin,2,63,119,19316
9/13/2020,Franklin,0,63,84,19400
9/14/2020,Franklin,0,63,176,19576
9/15/2020,Franklin,0,63,109,19685
9/16/2020,Franklin,0,63,200,19885
9/17/2020,Franklin,1,64,219,20104
9/18/2020,Franklin,0,64,228,20332
9/19/2020,Franklin,1,65,303,20635
9/20/2020,Franklin,0,65,191,20826
9/21/2020,Franklin,0,65,130,20956
9/22/2020,Franklin,0,65,113,21069
9/23/2020,Franklin,1,66,152,21221
9/24/2020,Franklin,0,66,190,21411
9/25/2020,Franklin,0,66,268,21679
9/26/2020,Franklin,0,66,258,21937
9/27/2020,Franklin,0,66,141,22078
9/28/2020,Franklin,0,66,109,22187
9/29/2020,Franklin,0,66,120,22307
9/30/2020,Franklin,0,66,103,22410
10/1/2020,Franklin,0,66,198,22608
10/2/2020,Franklin,2,68,312,22920
10/3/2020,Franklin,2,70,157,23077
10/4/2020,Franklin,0,70,82,23159
10/5/2020,Franklin,0,70,200,23359
10/6/2020,Franklin,0,70,82,23441
10/7/2020,Franklin,1,71,130,23571
10/8/2020,Franklin,0,71,202,23773
10/9/2020,Franklin,0,71,383,24156
10/10/2020,Franklin,0,71,413,24569
10/11/2020,Franklin,0,71,63,24632
10/12/2020,Franklin,1,72,518,25150
10/13/2020,Franklin,0,72,637,25787
10/14/2020,Franklin,3,75,471,26258
10/15/2020,Franklin,0,75,210,26468
10/16/2020,Franklin,2,77,597,27065
10/17/2020,Franklin,0,77,365,27430
10/18/2020,Franklin,0,77,120,27550
10/19/2020,Franklin,0,77,392,27942
10/20/2020,Franklin,1,78,112,28054
10/21/2020,Franklin,1,79,145,28199
10/22/2020,Franklin,0,79,333,28532
10/23/2020,Franklin,0,79,283,28815
10/24/2020,Franklin,0,79,300,29115
10/25/2020,Franklin,1,80,92,29207
10/26/2020,Franklin,0,80,125,29332
10/27/2020,Franklin,0,80,123,29455
10/28/2020,Franklin,0,80,156,29611
10/29/2020,Franklin,2,82,140,29751
10/30/2020,Franklin,4,86,203,29954
10/31/2020,Franklin,1,87,145,30099
11/1/2020,Franklin,1,88,90,30189
11/2/2020,Franklin,8,96,354,30543
11/3/2020,Franklin,0,96,54,30597
11/4/2020,Franklin,9,105,226,30823
11/5/2020,Franklin,9,114,256,31079
11/6/2020,Franklin,13,127,501,31580
11/7/2020,Franklin,9,136,395,31975
11/8/2020,Franklin,4,140,284,32259
11/9/2020,Franklin,7,147,249,32508
11/10/2020,Franklin,5,152,140,32648
11/11/2020,Franklin,9,161,316,32964
11/12/2020,Franklin,13,174,395,33359
11/13/2020,Franklin,10,184,525,33884
11/14/2020,Franklin,4,188,250,34134
3/1/2020,Fulton,0,0,0,0
3/2/2020,Fulton,0,0,0,0
3/3/2020,Fulton,0,0,0,0
3/4/2020,Fulton,0,0,0,0
3/5/2020,Fulton,0,0,0,0
3/6/2020,Fulton,0,0,0,0
3/7/2020,Fulton,0,0,0,0
3/8/2020,Fulton,0,0,0,0
3/9/2020,Fulton,0,0,1,1
3/10/2020,Fulton,0,0,1,2
3/11/2020,Fulton,0,0,2,4
3/12/2020,Fulton,0,0,1,5
3/13/2020,Fulton,0,0,1,6
3/14/2020,Fulton,0,0,4,10
3/15/2020,Fulton,0,0,1,11
3/16/2020,Fulton,0,0,1,12
3/17/2020,Fulton,0,0,0,12
3/18/2020,Fulton,1,1,12,24
3/19/2020,Fulton,0,1,6,30
3/20/2020,Fulton,0,1,13,43
3/21/2020,Fulton,0,1,11,54
3/22/2020,Fulton,0,1,11,65
3/23/2020,Fulton,0,1,11,76
3/24/2020,Fulton,0,1,4,80
3/25/2020,Fulton,0,1,2,82
3/26/2020,Fulton,0,1,5,87
3/27/2020,Fulton,0,1,10,97
3/28/2020,Fulton,0,1,10,107
3/29/2020,Fulton,0,1,12,119
3/30/2020,Fulton,0,1,5,124
3/31/2020,Fulton,1,2,5,129
4/1/2020,Fulton,4,6,10,139
4/2/2020,Fulton,0,6,10,149
4/3/2020,Fulton,3,9,24,173
4/4/2020,Fulton,0,9,12,185
4/5/2020,Fulton,2,11,20,205
4/6/2020,Fulton,2,13,18,223
4/7/2020,Fulton,1,14,6,229
4/8/2020,Fulton,1,15,21,250
4/9/2020,Fulton,3,18,24,274
4/10/2020,Fulton,3,21,17,291
4/11/2020,Fulton,0,21,11,302
4/12/2020,Fulton,0,21,7,309
4/13/2020,Fulton,1,22,75,384
4/14/2020,Fulton,2,24,9,393
4/15/2020,Fulton,1,25,13,406
4/16/2020,Fulton,2,27,16,422
4/17/2020,Fulton,0,27,7,429
4/18/2020,Fulton,0,27,17,446
4/19/2020,Fulton,0,27,3,449
4/20/2020,Fulton,0,27,4,453
4/21/2020,Fulton,1,28,7,460
4/22/2020,Fulton,0,28,5,465
4/23/2020,Fulton,1,29,16,481
4/24/2020,Fulton,32,61,202,683
4/25/2020,Fulton,1,62,29,712
4/26/2020,Fulton,0,62,9,721
4/27/2020,Fulton,4,66,16,737
4/28/2020,Fulton,1,67,27,764
4/29/2020,Fulton,4,71,27,791
4/30/2020,Fulton,4,75,37,828
5/1/2020,Fulton,4,79,34,862
5/2/2020,Fulton,3,82,36,898
5/3/2020,Fulton,2,84,25,923
5/4/2020,Fulton,13,97,63,986
5/5/2020,Fulton,3,100,50,1036
5/6/2020,Fulton,1,101,30,1066
5/7/2020,Fulton,2,103,27,1093
5/8/2020,Fulton,1,104,30,1123
5/9/2020,Fulton,3,107,31,1154
5/10/2020,Fulton,2,109,59,1213
5/11/2020,Fulton,26,135,100,1313
5/12/2020,Fulton,5,140,61,1374
5/13/2020,Fulton,4,144,81,1455
5/14/2020,Fulton,1,145,67,1522
5/15/2020,Fulton,3,148,100,1622
5/16/2020,Fulton,23,171,110,1732
5/17/2020,Fulton,11,182,132,1864
5/18/2020,Fulton,0,182,30,1894
5/19/2020,Fulton,2,184,89,1983
5/20/2020,Fulton,2,186,100,2083
5/21/2020,Fulton,3,189,88,2171
5/22/2020,Fulton,4,193,142,2313
5/23/2020,Fulton,1,194,84,2397
5/24/2020,Fulton,2,196,86,2483
5/25/2020,Fulton,0,196,44,2527
5/26/2020,Fulton,2,198,112,2639
5/27/2020,Fulton,2,200,223,2862
5/28/2020,Fulton,6,206,202,3064
5/29/2020,Fulton,1,207,146,3210
5/30/2020,Fulton,1,208,159,3369
5/31/2020,Fulton,2,210,169,3538
6/1/2020,Fulton,2,212,83,3621
6/2/2020,Fulton,1,213,197,3818
6/3/2020,Fulton,2,215,187,4005
6/4/2020,Fulton,4,219,248,4253
6/5/2020,Fulton,3,222,233,4486
6/6/2020,Fulton,2,224,205,4691
6/7/2020,Fulton,3,227,254,4945
6/8/2020,Fulton,1,228,249,5194
6/9/2020,Fulton,0,228,132,5326
6/10/2020,Fulton,2,230,155,5481
6/11/2020,Fulton,1,231,352,5833
6/12/2020,Fulton,1,232,164,5997
6/13/2020,Fulton,2,234,168,6165
6/14/2020,Fulton,1,235,101,6266
6/15/2020,Fulton,1,236,158,6424
6/16/2020,Fulton,0,236,85,6509
6/17/2020,Fulton,0,236,146,6655
6/18/2020,Fulton,1,237,173,6828
6/19/2020,Fulton,6,243,290,7118
6/20/2020,Fulton,0,243,209,7327
6/21/2020,Fulton,1,244,171,7498
6/22/2020,Fulton,0,244,86,7584
6/23/2020,Fulton,0,244,110,7694
6/24/2020,Fulton,0,244,98,7792
6/25/2020,Fulton,4,248,161,7953
6/26/2020,Fulton,1,249,171,8124
6/27/2020,Fulton,6,255,283,8407
6/28/2020,Fulton,1,256,171,8578
6/29/2020,Fulton,0,256,126,8704
6/30/2020,Fulton,1,257,86,8790
7/1/2020,Fulton,3,260,202,8992
7/2/2020,Fulton,1,261,154,9146
7/3/2020,Fulton,0,261,239,9385
7/4/2020,Fulton,0,261,237,9622
7/5/2020,Fulton,1,262,131,9753
7/6/2020,Fulton,0,262,92,9845
7/7/2020,Fulton,0,262,102,9947
7/8/2020,Fulton,1,263,110,10057
7/9/2020,Fulton,1,264,191,10248
7/10/2020,Fulton,1,265,197,10445
7/11/2020,Fulton,0,265,175,10620
7/12/2020,Fulton,0,265,78,10698
7/13/2020,Fulton,1,266,145,10843
7/14/2020,Fulton,0,266,77,10920
7/15/2020,Fulton,0,266,80,11000
7/16/2020,Fulton,0,266,265,11265
7/17/2020,Fulton,0,266,253,11518
7/18/2020,Fulton,1,267,101,11619
7/19/2020,Fulton,0,267,90,11709
7/20/2020,Fulton,0,267,91,11800
7/21/2020,Fulton,0,267,127,11927
7/22/2020,Fulton,1,268,96,12023
7/23/2020,Fulton,0,268,292,12315
7/24/2020,Fulton,2,270,153,12468
7/25/2020,Fulton,0,270,171,12639
7/26/2020,Fulton,0,270,79,12718
7/27/2020,Fulton,0,270,67,12785
7/28/2020,Fulton,0,270,74,12859
7/29/2020,Fulton,5,275,151,13010
7/30/2020,Fulton,0,275,227,13237
7/31/2020,Fulton,7,282,190,13427
8/1/2020,Fulton,1,283,185,13612
8/2/2020,Fulton,2,285,133,13745
8/3/2020,Fulton,0,285,93,13838
8/4/2020,Fulton,2,287,117,13955
8/5/2020,Fulton,4,291,128,14083
8/6/2020,Fulton,2,293,217,14300
8/7/2020,Fulton,2,295,213,14513
8/8/2020,Fulton,1,296,281,14794
8/9/2020,Fulton,1,297,94,14888
8/10/2020,Fulton,0,297,101,14989
8/11/2020,Fulton,2,299,129,15118
8/12/2020,Fulton,1,300,142,15260
8/13/2020,Fulton,3,303,170,15430
8/14/2020,Fulton,0,303,305,15735
8/15/2020,Fulton,0,303,266,16001
8/16/2020,Fulton,0,303,76,16077
8/17/2020,Fulton,2,305,112,16189
8/18/2020,Fulton,0,305,195,16384
8/19/2020,Fulton,0,305,173,16557
8/20/2020,Fulton,1,306,198,16755
8/21/2020,Fulton,2,308,205,16960
8/22/2020,Fulton,1,309,223,17183
8/23/2020,Fulton,0,309,149,17332
8/24/2020,Fulton,0,309,101,17433
8/25/2020,Fulton,0,309,102,17535
8/26/2020,Fulton,1,310,129,17664
8/27/2020,Fulton,0,310,197,17861
8/28/2020,Fulton,1,311,308,18169
8/29/2020,Fulton,0,311,136,18305
8/30/2020,Fulton,0,311,228,18533
8/31/2020,Fulton,0,311,286,18819
9/1/2020,Fulton,0,311,96,18915
9/2/2020,Fulton,1,312,151,19066
9/3/2020,Fulton,0,312,136,19202
9/4/2020,Fulton,0,312,243,19445
9/5/2020,Fulton,0,312,187,19632
9/6/2020,Fulton,0,312,137,19769
9/7/2020,Fulton,0,312,76,19845
9/8/2020,Fulton,0,312,102,19947
9/9/2020,Fulton,0,312,75,20022
9/10/2020,Fulton,3,315,193,20215
9/11/2020,Fulton,1,316,159,20374
9/12/2020,Fulton,2,318,256,20630
9/13/2020,Fulton,2,320,123,20753
9/14/2020,Fulton,4,324,221,20974
9/15/2020,Fulton,1,325,118,21092
9/16/2020,Fulton,6,331,138,21230
9/17/2020,Fulton,0,331,90,21320
9/18/2020,Fulton,1,332,261,21581
9/19/2020,Fulton,0,332,201,21782
9/20/2020,Fulton,0,332,172,21954
9/21/2020,Fulton,0,332,255,22209
9/22/2020,Fulton,0,332,75,22284
9/23/2020,Fulton,1,333,112,22396
9/24/2020,Fulton,0,333,121,22517
9/25/2020,Fulton,1,334,148,22665
9/26/2020,Fulton,1,335,117,22782
9/27/2020,Fulton,2,337,118,22900
9/28/2020,Fulton,2,339,208,23108
9/29/2020,Fulton,0,339,87,23195
9/30/2020,Fulton,0,339,126,23321
10/1/2020,Fulton,5,344,256,23577
10/2/2020,Fulton,1,345,361,23938
10/3/2020,Fulton,2,347,270,24208
10/4/2020,Fulton,1,348,120,24328
10/5/2020,Fulton,2,350,272,24600
10/6/2020,Fulton,0,350,109,24709
10/7/2020,Fulton,1,351,228,24937
10/8/2020,Fulton,1,352,207,25144
10/9/2020,Fulton,0,352,205,25349
10/10/2020,Fulton,0,352,203,25552
10/11/2020,Fulton,0,352,173,25725
10/12/2020,Fulton,2,354,146,25871
10/13/2020,Fulton,0,354,89,25960
10/14/2020,Fulton,3,357,309,26269
10/15/2020,Fulton,0,357,278,26547
10/16/2020,Fulton,1,358,254,26801
10/17/2020,Fulton,1,359,216,27017
10/18/2020,Fulton,0,359,179,27196
10/19/2020,Fulton,1,360,200,27396
10/20/2020,Fulton,0,360,152,27548
10/21/2020,Fulton,0,360,208,27756
10/22/2020,Fulton,1,361,342,28098
10/23/2020,Fulton,0,361,276,28374
10/24/2020,Fulton,0,361,127,28501
10/25/2020,Fulton,0,361,114,28615
10/26/2020,Fulton,1,362,138,28753
10/27/2020,Fulton,0,362,267,29020
10/28/2020,Fulton,1,363,570,29590
10/29/2020,Fulton,2,365,208,29798
10/30/2020,Fulton,0,365,490,30288
10/31/2020,Fulton,2,367,205,30493
11/1/2020,Fulton,0,367,121,30614
11/2/2020,Fulton,1,368,280,30894
11/3/2020,Fulton,1,369,97,30991
11/4/2020,Fulton,1,370,228,31219
11/5/2020,Fulton,2,372,340,31559
11/6/2020,Fulton,0,372,318,31877
11/7/2020,Fulton,1,373,208,32085
11/8/2020,Fulton,2,375,185,32270
11/9/2020,Fulton,2,377,157,32427
11/10/2020,Fulton,1,378,98,32525
11/11/2020,Fulton,3,381,220,32745
11/12/2020,Fulton,1,382,648,33393
11/13/2020,Fulton,7,389,309,33702
11/14/2020,Fulton,4,393,182,33884
3/1/2020,Genesee,0,0,0,0
3/2/2020,Genesee,0,0,0,0
3/3/2020,Genesee,0,0,0,0
3/4/2020,Genesee,0,0,0,0
3/5/2020,Genesee,0,0,0,0
3/6/2020,Genesee,0,0,0,0
3/7/2020,Genesee,0,0,0,0
3/8/2020,Genesee,0,0,0,0
3/9/2020,Genesee,0,0,0,0
3/10/2020,Genesee,0,0,1,1
3/11/2020,Genesee,0,0,0,1
3/12/2020,Genesee,0,0,0,1
3/13/2020,Genesee,0,0,0,1
3/14/2020,Genesee,0,0,0,1
3/15/2020,Genesee,0,0,0,1
3/16/2020,Genesee,0,0,3,4
3/17/2020,Genesee,0,0,5,9
3/18/2020,Genesee,1,1,9,18
3/19/2020,Genesee,0,1,6,24
3/20/2020,Genesee,0,1,6,30
3/21/2020,Genesee,0,1,6,36
3/22/2020,Genesee,0,1,2,38
3/23/2020,Genesee,0,1,8,46
3/24/2020,Genesee,1,2,7,53
3/25/2020,Genesee,2,4,19,72
3/26/2020,Genesee,2,6,21,93
3/27/2020,Genesee,1,7,19,112
3/28/2020,Genesee,2,9,6,118
3/29/2020,Genesee,0,9,12,130
3/30/2020,Genesee,1,10,24,154
3/31/2020,Genesee,3,13,28,182
4/1/2020,Genesee,1,14,39,221
4/2/2020,Genesee,2,16,23,244
4/3/2020,Genesee,4,20,30,274
4/4/2020,Genesee,2,22,12,286
4/5/2020,Genesee,1,23,11,297
4/6/2020,Genesee,10,33,37,334
4/7/2020,Genesee,14,47,31,365
4/8/2020,Genesee,9,56,43,408
4/9/2020,Genesee,9,65,32,440
4/10/2020,Genesee,2,67,18,458
4/11/2020,Genesee,2,69,19,477
4/12/2020,Genesee,2,71,7,484
4/13/2020,Genesee,5,76,34,518
4/14/2020,Genesee,0,76,15,533
4/15/2020,Genesee,2,78,12,545
4/16/2020,Genesee,5,83,21,566
4/17/2020,Genesee,4,87,13,579
4/18/2020,Genesee,30,117,56,635
4/19/2020,Genesee,2,119,14,649
4/20/2020,Genesee,2,121,8,657
4/21/2020,Genesee,1,122,17,674
4/22/2020,Genesee,4,126,25,699
4/23/2020,Genesee,1,127,19,718
4/24/2020,Genesee,14,141,145,863
4/25/2020,Genesee,3,144,37,900
4/26/2020,Genesee,4,148,20,920
4/27/2020,Genesee,1,149,28,948
4/28/2020,Genesee,3,152,26,974
4/29/2020,Genesee,1,153,32,1006
4/30/2020,Genesee,1,154,29,1035
5/1/2020,Genesee,1,155,55,1090
5/2/2020,Genesee,0,155,25,1115
5/3/2020,Genesee,4,159,48,1163
5/4/2020,Genesee,0,159,47,1210
5/5/2020,Genesee,3,162,59,1269
5/6/2020,Genesee,6,168,98,1367
5/7/2020,Genesee,1,169,62,1429
5/8/2020,Genesee,1,170,47,1476
5/9/2020,Genesee,2,172,149,1625
5/10/2020,Genesee,1,173,182,1807
5/11/2020,Genesee,1,174,77,1884
5/12/2020,Genesee,0,174,96,1980
5/13/2020,Genesee,1,175,77,2057
5/14/2020,Genesee,0,175,66,2123
5/15/2020,Genesee,3,178,47,2170
5/16/2020,Genesee,2,180,69,2239
5/17/2020,Genesee,0,180,30,2269
5/18/2020,Genesee,2,182,77,2346
5/19/2020,Genesee,2,184,95,2441
5/20/2020,Genesee,4,188,145,2586
5/21/2020,Genesee,1,189,42,2628
5/22/2020,Genesee,2,191,271,2899
5/23/2020,Genesee,0,191,181,3080
5/24/2020,Genesee,1,192,95,3175
5/25/2020,Genesee,1,193,58,3233
5/26/2020,Genesee,2,195,84,3317
5/27/2020,Genesee,2,197,177,3494
5/28/2020,Genesee,2,199,119,3613
5/29/2020,Genesee,1,200,135,3748
5/30/2020,Genesee,2,202,115,3863
5/31/2020,Genesee,0,202,82,3945
6/1/2020,Genesee,0,202,145,4090
6/2/2020,Genesee,0,202,264,4354
6/3/2020,Genesee,3,205,326,4680
6/4/2020,Genesee,0,205,137,4817
6/5/2020,Genesee,1,206,322,5139
6/6/2020,Genesee,2,208,153,5292
6/7/2020,Genesee,0,208,104,5396
6/8/2020,Genesee,2,210,200,5596
6/9/2020,Genesee,1,211,213,5809
6/10/2020,Genesee,1,212,234,6043
6/11/2020,Genesee,0,212,187,6230
6/12/2020,Genesee,0,212,174,6404
6/13/2020,Genesee,0,212,158,6562
6/14/2020,Genesee,1,213,91,6653
6/15/2020,Genesee,0,213,112,6765
6/16/2020,Genesee,3,216,142,6907
6/17/2020,Genesee,1,217,169,7076
6/18/2020,Genesee,1,218,243,7319
6/19/2020,Genesee,4,222,189,7508
6/20/2020,Genesee,0,222,108,7616
6/21/2020,Genesee,3,225,182,7798
6/22/2020,Genesee,4,229,196,7994
6/23/2020,Genesee,1,230,196,8190
6/24/2020,Genesee,1,231,220,8410
6/25/2020,Genesee,1,232,120,8530
6/26/2020,Genesee,5,237,154,8684
6/27/2020,Genesee,1,238,118,8802
6/28/2020,Genesee,0,238,109,8911
6/29/2020,Genesee,0,238,416,9327
6/30/2020,Genesee,0,238,249,9576
7/1/2020,Genesee,0,238,112,9688
7/2/2020,Genesee,1,239,129,9817
7/3/2020,Genesee,0,239,170,9987
7/4/2020,Genesee,0,239,167,10154
7/5/2020,Genesee,3,242,213,10367
7/6/2020,Genesee,0,242,412,10779
7/7/2020,Genesee,2,244,178,10957
7/8/2020,Genesee,0,244,246,11203
7/9/2020,Genesee,2,246,185,11388
7/10/2020,Genesee,1,247,114,11502
7/11/2020,Genesee,3,250,269,11771
7/12/2020,Genesee,0,250,99,11870
7/13/2020,Genesee,2,252,196,12066
7/14/2020,Genesee,2,254,136,12202
7/15/2020,Genesee,0,254,270,12472
7/16/2020,Genesee,0,254,212,12684
7/17/2020,Genesee,2,256,173,12857
7/18/2020,Genesee,1,257,177,13034
7/19/2020,Genesee,1,258,189,13223
7/20/2020,Genesee,0,258,234,13457
7/21/2020,Genesee,0,258,167,13624
7/22/2020,Genesee,2,260,139,13763
7/23/2020,Genesee,1,261,288,14051
7/24/2020,Genesee,0,261,224,14275
7/25/2020,Genesee,3,264,162,14437
7/26/2020,Genesee,2,266,128,14565
7/27/2020,Genesee,0,266,155,14720
7/28/2020,Genesee,1,267,186,14906
7/29/2020,Genesee,3,270,306,15212
7/30/2020,Genesee,0,270,241,15453
7/31/2020,Genesee,2,272,207,15660
8/1/2020,Genesee,0,272,125,15785
8/2/2020,Genesee,1,273,93,15878
8/3/2020,Genesee,0,273,213,16091
8/4/2020,Genesee,1,274,293,16384
8/5/2020,Genesee,0,274,180,16564
8/6/2020,Genesee,3,277,309,16873
8/7/2020,Genesee,0,277,168,17041
8/8/2020,Genesee,0,277,85,17126
8/9/2020,Genesee,0,277,136,17262
8/10/2020,Genesee,2,279,324,17586
8/11/2020,Genesee,1,280,188,17774
8/12/2020,Genesee,0,280,210,17984
8/13/2020,Genesee,4,284,423,18407
8/14/2020,Genesee,0,284,158,18565
8/15/2020,Genesee,1,285,244,18809
8/16/2020,Genesee,0,285,104,18913
8/17/2020,Genesee,3,288,557,19470
8/18/2020,Genesee,1,289,367,19837
8/19/2020,Genesee,1,290,335,20172
8/20/2020,Genesee,0,290,383,20555
8/21/2020,Genesee,0,290,228,20783
8/22/2020,Genesee,0,290,150,20933
8/23/2020,Genesee,0,290,110,21043
8/24/2020,Genesee,1,291,162,21205
8/25/2020,Genesee,1,292,244,21449
8/26/2020,Genesee,0,292,211,21660
8/27/2020,Genesee,1,293,316,21976
8/28/2020,Genesee,0,293,470,22446
8/29/2020,Genesee,1,294,178,22624
8/30/2020,Genesee,1,295,169,22793
8/31/2020,Genesee,2,297,217,23010
9/1/2020,Genesee,0,297,201,23211
9/2/2020,Genesee,1,298,188,23399
9/3/2020,Genesee,2,300,222,23621
9/4/2020,Genesee,0,300,231,23852
9/5/2020,Genesee,1,301,116,23968
9/6/2020,Genesee,1,302,134,24102
9/7/2020,Genesee,1,303,138,24240
9/8/2020,Genesee,1,304,316,24556
9/9/2020,Genesee,2,306,175,24731
9/10/2020,Genesee,0,306,355,25086
9/11/2020,Genesee,1,307,190,25276
9/12/2020,Genesee,0,307,189,25465
9/13/2020,Genesee,0,307,126,25591
9/14/2020,Genesee,0,307,332,25923
9/15/2020,Genesee,0,307,225,26148
9/16/2020,Genesee,2,309,201,26349
9/17/2020,Genesee,0,309,415,26764
9/18/2020,Genesee,5,314,286,27050
9/19/2020,Genesee,0,314,209,27259
9/20/2020,Genesee,2,316,86,27345
9/21/2020,Genesee,1,317,346,27691
9/22/2020,Genesee,0,317,239,27930
9/23/2020,Genesee,0,317,269,28199
9/24/2020,Genesee,0,317,396,28595
9/25/2020,Genesee,2,319,275,28870
9/26/2020,Genesee,2,321,222,29092
9/27/2020,Genesee,0,321,95,29187
9/28/2020,Genesee,6,327,151,29338
9/29/2020,Genesee,3,330,485,29823
9/30/2020,Genesee,5,335,307,30130
10/1/2020,Genesee,1,336,376,30506
10/2/2020,Genesee,6,342,448,30954
10/3/2020,Genesee,2,344,245,31199
10/4/2020,Genesee,2,346,109,31308
10/5/2020,Genesee,5,351,225,31533
10/6/2020,Genesee,1,352,281,31814
10/7/2020,Genesee,3,355,433,32247
10/8/2020,Genesee,3,358,678,32925
10/9/2020,Genesee,0,358,409,33334
10/10/2020,Genesee,0,358,224,33558
10/11/2020,Genesee,1,359,180,33738
10/12/2020,Genesee,1,360,280,34018
10/13/2020,Genesee,3,363,204,34222
10/14/2020,Genesee,7,370,277,34499
10/15/2020,Genesee,1,371,290,34789
10/16/2020,Genesee,0,371,507,35296
10/17/2020,Genesee,0,371,267,35563
10/18/2020,Genesee,0,371,165,35728
10/19/2020,Genesee,0,371,394,36122
10/20/2020,Genesee,1,372,231,36353
10/21/2020,Genesee,1,373,228,36581
10/22/2020,Genesee,4,377,336,36917
10/23/2020,Genesee,2,379,429,37346
10/24/2020,Genesee,1,380,136,37482
10/25/2020,Genesee,1,381,155,37637
10/26/2020,Genesee,3,384,596,38233
10/27/2020,Genesee,4,388,300,38533
10/28/2020,Genesee,8,396,316,38849
10/29/2020,Genesee,10,406,365,39214
10/30/2020,Genesee,1,407,397,39611
10/31/2020,Genesee,4,411,256,39867
11/1/2020,Genesee,2,413,149,40016
11/2/2020,Genesee,7,420,562,40578
11/3/2020,Genesee,8,428,266,40844
11/4/2020,Genesee,13,441,357,41201
11/5/2020,Genesee,9,450,398,41599
11/6/2020,Genesee,15,465,635,42234
11/7/2020,Genesee,13,478,243,42477
11/8/2020,Genesee,17,495,232,42709
11/9/2020,Genesee,15,510,422,43131
11/10/2020,Genesee,17,527,285,43416
11/11/2020,Genesee,14,541,317,43733
11/12/2020,Genesee,43,584,489,44222
11/13/2020,Genesee,13,597,638,44860
11/14/2020,Genesee,6,603,108,44968
3/1/2020,Greene,0,0,0,0
3/2/2020,Greene,0,0,0,0
3/3/2020,Greene,0,0,0,0
3/4/2020,Greene,0,0,0,0
3/5/2020,Greene,0,0,0,0
3/6/2020,Greene,0,0,0,0
3/7/2020,Greene,0,0,0,0
3/8/2020,Greene,0,0,0,0
3/9/2020,Greene,0,0,0,0
3/10/2020,Greene,0,0,0,0
3/11/2020,Greene,0,0,3,3
3/12/2020,Greene,0,0,0,3
3/13/2020,Greene,0,0,1,4
3/14/2020,Greene,2,2,8,12
3/15/2020,Greene,0,2,3,15
3/16/2020,Greene,0,2,9,24
3/17/2020,Greene,0,2,8,32
3/18/2020,Greene,0,2,16,48
3/19/2020,Greene,0,2,21,69
3/20/2020,Greene,0,2,24,93
3/21/2020,Greene,0,2,23,116
3/22/2020,Greene,2,4,32,148
3/23/2020,Greene,0,4,8,156
3/24/2020,Greene,0,4,3,159
3/25/2020,Greene,1,5,11,170
3/26/2020,Greene,1,6,11,181
3/27/2020,Greene,1,7,6,187
3/28/2020,Greene,0,7,6,193
3/29/2020,Greene,3,10,13,206
3/30/2020,Greene,6,16,15,221
3/31/2020,Greene,2,18,9,230
4/1/2020,Greene,3,21,11,241
4/2/2020,Greene,2,23,16,257
4/3/2020,Greene,1,24,10,267
4/4/2020,Greene,0,24,7,274
4/5/2020,Greene,0,24,12,286
4/6/2020,Greene,0,24,13,299
4/7/2020,Greene,1,25,6,305
4/8/2020,Greene,3,28,29,334
4/9/2020,Greene,6,34,36,370
4/10/2020,Greene,3,37,27,397
4/11/2020,Greene,7,44,40,437
4/12/2020,Greene,1,45,14,451
4/13/2020,Greene,21,66,93,544
4/14/2020,Greene,7,73,25,569
4/15/2020,Greene,1,74,16,585
4/16/2020,Greene,3,77,16,601
4/17/2020,Greene,5,82,28,629
4/18/2020,Greene,3,85,24,653
4/19/2020,Greene,1,86,8,661
4/20/2020,Greene,1,87,16,677
4/21/2020,Greene,0,87,15,692
4/22/2020,Greene,2,89,25,717
4/23/2020,Greene,1,90,31,748
4/24/2020,Greene,17,107,212,960
4/25/2020,Greene,3,110,36,996
4/26/2020,Greene,1,111,25,1021
4/27/2020,Greene,1,112,20,1041
4/28/2020,Greene,2,114,24,1065
4/29/2020,Greene,17,131,59,1124
4/30/2020,Greene,8,139,47,1171
5/1/2020,Greene,3,142,36,1207
5/2/2020,Greene,9,151,32,1239
5/3/2020,Greene,3,154,34,1273
5/4/2020,Greene,12,166,36,1309
5/5/2020,Greene,22,188,84,1393
5/6/2020,Greene,10,198,55,1448
5/7/2020,Greene,1,199,34,1482
5/8/2020,Greene,5,204,45,1527
5/9/2020,Greene,2,206,44,1571
5/10/2020,Greene,0,206,14,1585
5/11/2020,Greene,0,206,28,1613
5/12/2020,Greene,0,206,41,1654
5/13/2020,Greene,1,207,46,1700
5/14/2020,Greene,2,209,64,1764
5/15/2020,Greene,2,211,49,1813
5/16/2020,Greene,1,212,43,1856
5/17/2020,Greene,1,213,33,1889
5/18/2020,Greene,1,214,26,1915
5/19/2020,Greene,1,215,189,2104
5/20/2020,Greene,0,215,44,2148
5/21/2020,Greene,0,215,48,2196
5/22/2020,Greene,2,217,69,2265
5/23/2020,Greene,3,220,55,2320
5/24/2020,Greene,5,225,35,2355
5/25/2020,Greene,0,225,24,2379
5/26/2020,Greene,6,231,108,2487
5/27/2020,Greene,5,236,107,2594
5/28/2020,Greene,1,237,92,2686
5/29/2020,Greene,1,238,110,2796
5/30/2020,Greene,0,238,100,2896
5/31/2020,Greene,1,239,79,2975
6/1/2020,Greene,2,241,119,3094
6/2/2020,Greene,0,241,153,3247
6/3/2020,Greene,0,241,130,3377
6/4/2020,Greene,1,242,134,3511
6/5/2020,Greene,4,246,181,3692
6/6/2020,Greene,0,246,117,3809
6/7/2020,Greene,1,247,42,3851
6/8/2020,Greene,1,248,104,3955
6/9/2020,Greene,1,249,172,4127
6/10/2020,Greene,0,249,88,4215
6/11/2020,Greene,0,249,82,4297
6/12/2020,Greene,1,250,97,4394
6/13/2020,Greene,1,251,128,4522
6/14/2020,Greene,0,251,110,4632
6/15/2020,Greene,1,252,67,4699
6/16/2020,Greene,0,252,196,4895
6/17/2020,Greene,0,252,73,4968
6/18/2020,Greene,2,254,174,5142
6/19/2020,Greene,1,255,54,5196
6/20/2020,Greene,1,256,67,5263
6/21/2020,Greene,0,256,119,5382
6/22/2020,Greene,0,256,110,5492
6/23/2020,Greene,0,256,114,5606
6/24/2020,Greene,1,257,158,5764
6/25/2020,Greene,0,257,126,5890
6/26/2020,Greene,3,260,127,6017
6/27/2020,Greene,0,260,166,6183
6/28/2020,Greene,0,260,58,6241
6/29/2020,Greene,0,260,154,6395
6/30/2020,Greene,0,260,72,6467
7/1/2020,Greene,0,260,195,6662
7/2/2020,Greene,3,263,99,6761
7/3/2020,Greene,0,263,106,6867
7/4/2020,Greene,0,263,156,7023
7/5/2020,Greene,0,263,115,7138
7/6/2020,Greene,0,263,177,7315
7/7/2020,Greene,0,263,151,7466
7/8/2020,Greene,0,263,149,7615
7/9/2020,Greene,1,264,329,7944
7/10/2020,Greene,1,265,143,8087
7/11/2020,Greene,1,266,55,8142
7/12/2020,Greene,0,266,56,8198
7/13/2020,Greene,1,267,104,8302
7/14/2020,Greene,4,271,127,8429
7/15/2020,Greene,0,271,133,8562
7/16/2020,Greene,0,271,219,8781
7/17/2020,Greene,0,271,147,8928
7/18/2020,Greene,1,272,30,8958
7/19/2020,Greene,0,272,51,9009
7/20/2020,Greene,0,272,148,9157
7/21/2020,Greene,0,272,110,9267
7/22/2020,Greene,1,273,80,9347
7/23/2020,Greene,5,278,212,9559
7/24/2020,Greene,1,279,110,9669
7/25/2020,Greene,2,281,59,9728
7/26/2020,Greene,1,282,48,9776
7/27/2020,Greene,1,283,100,9876
7/28/2020,Greene,2,285,78,9954
7/29/2020,Greene,2,287,146,10100
7/30/2020,Greene,2,289,213,10313
7/31/2020,Greene,0,289,189,10502
8/1/2020,Greene,0,289,54,10556
8/2/2020,Greene,0,289,76,10632
8/3/2020,Greene,0,289,132,10764
8/4/2020,Greene,0,289,163,10927
8/5/2020,Greene,1,290,107,11034
8/6/2020,Greene,1,291,149,11183
8/7/2020,Greene,0,291,94,11277
8/8/2020,Greene,1,292,83,11360
8/9/2020,Greene,1,293,61,11421
8/10/2020,Greene,1,294,151,11572
8/11/2020,Greene,1,295,136,11708
8/12/2020,Greene,1,296,89,11797
8/13/2020,Greene,0,296,208,12005
8/14/2020,Greene,1,297,240,12245
8/15/2020,Greene,1,298,133,12378
8/16/2020,Greene,0,298,45,12423
8/17/2020,Greene,2,300,269,12692
8/18/2020,Greene,0,300,235,12927
8/19/2020,Greene,1,301,164,13091
8/20/2020,Greene,3,304,293,13384
8/21/2020,Greene,1,305,137,13521
8/22/2020,Greene,0,305,97,13618
8/23/2020,Greene,0,305,49,13667
8/24/2020,Greene,0,305,101,13768
8/25/2020,Greene,1,306,101,13869
8/26/2020,Greene,0,306,182,14051
8/27/2020,Greene,0,306,241,14292
8/28/2020,Greene,1,307,228,14520
8/29/2020,Greene,0,307,147,14667
8/30/2020,Greene,0,307,85,14752
8/31/2020,Greene,2,309,138,14890
9/1/2020,Greene,1,310,107,14997
9/2/2020,Greene,0,310,186,15183
9/3/2020,Greene,3,313,198,15381
9/4/2020,Greene,0,313,114,15495
9/5/2020,Greene,1,314,105,15600
9/6/2020,Greene,0,314,41,15641
9/7/2020,Greene,2,316,140,15781
9/8/2020,Greene,0,316,123,15904
9/9/2020,Greene,1,317,86,15990
9/10/2020,Greene,0,317,233,16223
9/11/2020,Greene,0,317,136,16359
9/12/2020,Greene,1,318,221,16580
9/13/2020,Greene,0,318,42,16622
9/14/2020,Greene,0,318,127,16749
9/15/2020,Greene,0,318,106,16855
9/16/2020,Greene,1,319,215,17070
9/17/2020,Greene,0,319,200,17270
9/18/2020,Greene,0,319,176,17446
9/19/2020,Greene,0,319,123,17569
9/20/2020,Greene,1,320,56,17625
9/21/2020,Greene,1,321,94,17719
9/22/2020,Greene,0,321,103,17822
9/23/2020,Greene,0,321,184,18006
9/24/2020,Greene,2,323,268,18274
9/25/2020,Greene,0,323,102,18376
9/26/2020,Greene,0,323,114,18490
9/27/2020,Greene,0,323,62,18552
9/28/2020,Greene,0,323,78,18630
9/29/2020,Greene,2,325,181,18811
9/30/2020,Greene,3,328,254,19065
10/1/2020,Greene,6,334,192,19257
10/2/2020,Greene,6,340,205,19462
10/3/2020,Greene,7,347,194,19656
10/4/2020,Greene,1,348,167,19823
10/5/2020,Greene,5,353,128,19951
10/6/2020,Greene,13,366,198,20149
10/7/2020,Greene,6,372,283,20432
10/8/2020,Greene,5,377,266,20698
10/9/2020,Greene,2,379,344,21042
10/10/2020,Greene,4,383,211,21253
10/11/2020,Greene,5,388,188,21441
10/12/2020,Greene,41,429,345,21786
10/13/2020,Greene,17,446,310,22096
10/14/2020,Greene,8,454,385,22481
10/15/2020,Greene,10,464,330,22811
10/16/2020,Greene,1,465,314,23125
10/17/2020,Greene,7,472,176,23301
10/18/2020,Greene,2,474,96,23397
10/19/2020,Greene,3,477,126,23523
10/20/2020,Greene,5,482,203,23726
10/21/2020,Greene,5,487,240,23966
10/22/2020,Greene,1,488,303,24269
10/23/2020,Greene,1,489,287,24556
10/24/2020,Greene,1,490,142,24698
10/25/2020,Greene,5,495,197,24895
10/26/2020,Greene,6,501,274,25169
10/27/2020,Greene,4,505,191,25360
10/28/2020,Greene,2,507,255,25615
10/29/2020,Greene,3,510,169,25784
10/30/2020,Greene,5,515,435,26219
10/31/2020,Greene,1,516,303,26522
11/1/2020,Greene,1,517,256,26778
11/2/2020,Greene,1,518,319,27097
11/3/2020,Greene,5,523,528,27625
11/4/2020,Greene,0,523,193,27818
11/5/2020,Greene,4,527,252,28070
11/6/2020,Greene,25,552,332,28402
11/7/2020,Greene,3,555,128,28530
11/8/2020,Greene,3,558,73,28603
11/9/2020,Greene,5,563,267,28870
11/10/2020,Greene,1,564,208,29078
11/11/2020,Greene,10,574,303,29381
11/12/2020,Greene,4,578,324,29705
11/13/2020,Greene,5,583,226,29931
11/14/2020,Greene,2,585,93,30024
3/1/2020,Hamilton,0,0,0,0
3/2/2020,Hamilton,0,0,0,0
3/3/2020,Hamilton,0,0,0,0
3/4/2020,Hamilton,0,0,0,0
3/5/2020,Hamilton,0,0,0,0
3/6/2020,Hamilton,0,0,0,0
3/7/2020,Hamilton,0,0,0,0
3/8/2020,Hamilton,0,0,0,0
3/9/2020,Hamilton,0,0,0,0
3/10/2020,Hamilton,0,0,0,0
3/11/2020,Hamilton,0,0,0,0
3/12/2020,Hamilton,0,0,0,0
3/13/2020,Hamilton,0,0,0,0
3/14/2020,Hamilton,0,0,0,0
3/15/2020,Hamilton,0,0,0,0
3/16/2020,Hamilton,0,0,0,0
3/17/2020,Hamilton,1,1,2,2
3/18/2020,Hamilton,1,2,8,10
3/19/2020,Hamilton,0,2,0,10
3/20/2020,Hamilton,0,2,1,11
3/21/2020,Hamilton,0,2,0,11
3/22/2020,Hamilton,0,2,0,11
3/23/2020,Hamilton,0,2,2,13
3/24/2020,Hamilton,0,2,1,14
3/25/2020,Hamilton,0,2,0,14
3/26/2020,Hamilton,0,2,0,14
3/27/2020,Hamilton,0,2,0,14
3/28/2020,Hamilton,0,2,0,14
3/29/2020,Hamilton,0,2,0,14
3/30/2020,Hamilton,0,2,0,14
3/31/2020,Hamilton,0,2,0,14
4/1/2020,Hamilton,0,2,3,17
4/2/2020,Hamilton,0,2,0,17
4/3/2020,Hamilton,0,2,0,17
4/4/2020,Hamilton,0,2,0,17
4/5/2020,Hamilton,0,2,0,17
4/6/2020,Hamilton,0,2,0,17
4/7/2020,Hamilton,0,2,0,17
4/8/2020,Hamilton,1,3,1,18
4/9/2020,Hamilton,0,3,0,18
4/10/2020,Hamilton,0,3,1,19
4/11/2020,Hamilton,0,3,0,19
4/12/2020,Hamilton,0,3,1,20
4/13/2020,Hamilton,0,3,0,20
4/14/2020,Hamilton,0,3,0,20
4/15/2020,Hamilton,0,3,0,20
4/16/2020,Hamilton,0,3,6,26
4/17/2020,Hamilton,0,3,1,27
4/18/2020,Hamilton,0,3,1,28
4/19/2020,Hamilton,0,3,0,28
4/20/2020,Hamilton,0,3,0,28
4/21/2020,Hamilton,0,3,1,29
4/22/2020,Hamilton,0,3,0,29
4/23/2020,Hamilton,0,3,0,29
4/24/2020,Hamilton,0,3,3,32
4/25/2020,Hamilton,0,3,1,33
4/26/2020,Hamilton,0,3,2,35
4/27/2020,Hamilton,0,3,1,36
4/28/2020,Hamilton,0,3,2,38
4/29/2020,Hamilton,0,3,0,38
4/30/2020,Hamilton,0,3,2,40
5/1/2020,Hamilton,0,3,3,43
5/2/2020,Hamilton,0,3,1,44
5/3/2020,Hamilton,0,3,2,46
5/4/2020,Hamilton,0,3,1,47
5/5/2020,Hamilton,2,5,6,53
5/6/2020,Hamilton,0,5,0,53
5/7/2020,Hamilton,0,5,4,57
5/8/2020,Hamilton,0,5,3,60
5/9/2020,Hamilton,0,5,1,61
5/10/2020,Hamilton,0,5,0,61
5/11/2020,Hamilton,0,5,0,61
5/12/2020,Hamilton,0,5,6,67
5/13/2020,Hamilton,0,5,45,112
5/14/2020,Hamilton,0,5,10,122
5/15/2020,Hamilton,0,5,34,156
5/16/2020,Hamilton,0,5,139,295
5/17/2020,Hamilton,0,5,35,330
5/18/2020,Hamilton,0,5,2,332
5/19/2020,Hamilton,0,5,10,342
5/20/2020,Hamilton,0,5,12,354
5/21/2020,Hamilton,0,5,8,362
5/22/2020,Hamilton,0,5,38,400
5/23/2020,Hamilton,0,5,3,403
5/24/2020,Hamilton,0,5,3,406
5/25/2020,Hamilton,0,5,5,411
5/26/2020,Hamilton,0,5,1,412
5/27/2020,Hamilton,0,5,3,415
5/28/2020,Hamilton,0,5,4,419
5/29/2020,Hamilton,0,5,3,422
5/30/2020,Hamilton,0,5,22,444
5/31/2020,Hamilton,0,5,5,449
6/1/2020,Hamilton,0,5,1,450
6/2/2020,Hamilton,0,5,2,452
6/3/2020,Hamilton,0,5,74,526
6/4/2020,Hamilton,0,5,8,534
6/5/2020,Hamilton,0,5,7,541
6/6/2020,Hamilton,0,5,38,579
6/7/2020,Hamilton,0,5,8,587
6/8/2020,Hamilton,0,5,4,591
6/9/2020,Hamilton,0,5,7,598
6/10/2020,Hamilton,0,5,5,603
6/11/2020,Hamilton,0,5,13,616
6/12/2020,Hamilton,0,5,6,622
6/13/2020,Hamilton,1,6,27,649
6/14/2020,Hamilton,0,6,12,661
6/15/2020,Hamilton,0,6,1,662
6/16/2020,Hamilton,0,6,6,668
6/17/2020,Hamilton,0,6,12,680
6/18/2020,Hamilton,0,6,6,686
6/19/2020,Hamilton,0,6,4,690
6/20/2020,Hamilton,0,6,57,747
6/21/2020,Hamilton,0,6,8,755
6/22/2020,Hamilton,0,6,1,756
6/23/2020,Hamilton,0,6,7,763
6/24/2020,Hamilton,0,6,10,773
6/25/2020,Hamilton,0,6,2,775
6/26/2020,Hamilton,0,6,3,778
6/27/2020,Hamilton,0,6,35,813
6/28/2020,Hamilton,0,6,5,818
6/29/2020,Hamilton,0,6,6,824
6/30/2020,Hamilton,0,6,2,826
7/1/2020,Hamilton,0,6,10,836
7/2/2020,Hamilton,0,6,13,849
7/3/2020,Hamilton,0,6,52,901
7/4/2020,Hamilton,0,6,9,910
7/5/2020,Hamilton,0,6,8,918
7/6/2020,Hamilton,0,6,1,919
7/7/2020,Hamilton,0,6,5,924
7/8/2020,Hamilton,0,6,3,927
7/9/2020,Hamilton,0,6,11,938
7/10/2020,Hamilton,0,6,9,947
7/11/2020,Hamilton,0,6,3,950
7/12/2020,Hamilton,0,6,10,960
7/13/2020,Hamilton,0,6,16,976
7/14/2020,Hamilton,0,6,85,1061
7/15/2020,Hamilton,0,6,8,1069
7/16/2020,Hamilton,0,6,10,1079
7/17/2020,Hamilton,0,6,9,1088
7/18/2020,Hamilton,0,6,42,1130
7/19/2020,Hamilton,0,6,3,1133
7/20/2020,Hamilton,0,6,6,1139
7/21/2020,Hamilton,0,6,6,1145
7/22/2020,Hamilton,0,6,9,1154
7/23/2020,Hamilton,1,7,23,1177
7/24/2020,Hamilton,0,7,11,1188
7/25/2020,Hamilton,0,7,32,1220
7/26/2020,Hamilton,0,7,37,1257
7/27/2020,Hamilton,0,7,10,1267
7/28/2020,Hamilton,0,7,2,1269
7/29/2020,Hamilton,0,7,4,1273
7/30/2020,Hamilton,0,7,8,1281
7/31/2020,Hamilton,0,7,9,1290
8/1/2020,Hamilton,0,7,8,1298
8/2/2020,Hamilton,0,7,13,1311
8/3/2020,Hamilton,0,7,56,1367
8/4/2020,Hamilton,0,7,17,1384
8/5/2020,Hamilton,1,8,16,1400
8/6/2020,Hamilton,0,8,7,1407
8/7/2020,Hamilton,0,8,7,1414
8/8/2020,Hamilton,0,8,43,1457
8/9/2020,Hamilton,0,8,2,1459
8/10/2020,Hamilton,0,8,5,1464
8/11/2020,Hamilton,0,8,3,1467
8/12/2020,Hamilton,0,8,8,1475
8/13/2020,Hamilton,0,8,17,1492
8/14/2020,Hamilton,0,8,6,1498
8/15/2020,Hamilton,3,11,42,1540
8/16/2020,Hamilton,0,11,1,1541
8/17/2020,Hamilton,0,11,6,1547
8/18/2020,Hamilton,0,11,8,1555
8/19/2020,Hamilton,1,12,46,1601
8/20/2020,Hamilton,0,12,6,1607
8/21/2020,Hamilton,0,12,12,1619
8/22/2020,Hamilton,0,12,10,1629
8/23/2020,Hamilton,0,12,7,1636
8/24/2020,Hamilton,1,13,14,1650
8/25/2020,Hamilton,0,13,6,1656
8/26/2020,Hamilton,0,13,21,1677
8/27/2020,Hamilton,1,14,45,1722
8/28/2020,Hamilton,0,14,19,1741
8/29/2020,Hamilton,0,14,5,1746
8/30/2020,Hamilton,0,14,7,1753
8/31/2020,Hamilton,0,14,9,1762
9/1/2020,Hamilton,0,14,7,1769
9/2/2020,Hamilton,0,14,12,1781
9/3/2020,Hamilton,0,14,33,1814
9/4/2020,Hamilton,0,14,32,1846
9/5/2020,Hamilton,0,14,15,1861
9/6/2020,Hamilton,0,14,6,1867
9/7/2020,Hamilton,0,14,9,1876
9/8/2020,Hamilton,0,14,7,1883
9/9/2020,Hamilton,0,14,8,1891
9/10/2020,Hamilton,0,14,52,1943
9/11/2020,Hamilton,0,14,14,1957
9/12/2020,Hamilton,0,14,7,1964
9/13/2020,Hamilton,0,14,3,1967
9/14/2020,Hamilton,0,14,8,1975
9/15/2020,Hamilton,0,14,5,1980
9/16/2020,Hamilton,0,14,1,1981
9/17/2020,Hamilton,0,14,10,1991
9/18/2020,Hamilton,1,15,40,2031
9/19/2020,Hamilton,0,15,11,2042
9/20/2020,Hamilton,0,15,5,2047
9/21/2020,Hamilton,0,15,13,2060
9/22/2020,Hamilton,0,15,17,2077
9/23/2020,Hamilton,0,15,9,2086
9/24/2020,Hamilton,0,15,41,2127
9/25/2020,Hamilton,0,15,12,2139
9/26/2020,Hamilton,0,15,13,2152
9/27/2020,Hamilton,0,15,5,2157
9/28/2020,Hamilton,0,15,7,2164
9/29/2020,Hamilton,0,15,9,2173
9/30/2020,Hamilton,0,15,9,2182
10/1/2020,Hamilton,0,15,10,2192
10/2/2020,Hamilton,0,15,43,2235
10/3/2020,Hamilton,0,15,12,2247
10/4/2020,Hamilton,0,15,5,2252
10/5/2020,Hamilton,0,15,9,2261
10/6/2020,Hamilton,0,15,12,2273
10/7/2020,Hamilton,0,15,8,2281
10/8/2020,Hamilton,0,15,25,2306
10/9/2020,Hamilton,0,15,25,2331
10/10/2020,Hamilton,0,15,8,2339
10/11/2020,Hamilton,0,15,10,2349
10/12/2020,Hamilton,1,16,14,2363
10/13/2020,Hamilton,0,16,68,2431
10/14/2020,Hamilton,0,16,23,2454
10/15/2020,Hamilton,0,16,24,2478
10/16/2020,Hamilton,0,16,23,2501
10/17/2020,Hamilton,0,16,14,2515
10/18/2020,Hamilton,0,16,19,2534
10/19/2020,Hamilton,0,16,7,2541
10/20/2020,Hamilton,0,16,12,2553
10/21/2020,Hamilton,0,16,23,2576
10/22/2020,Hamilton,0,16,16,2592
10/23/2020,Hamilton,0,16,14,2606
10/24/2020,Hamilton,0,16,5,2611
10/25/2020,Hamilton,0,16,6,2617
10/26/2020,Hamilton,0,16,10,2627
10/27/2020,Hamilton,1,17,18,2645
10/28/2020,Hamilton,0,17,6,2651
10/29/2020,Hamilton,1,18,37,2688
10/30/2020,Hamilton,0,18,33,2721
10/31/2020,Hamilton,1,19,19,2740
11/1/2020,Hamilton,0,19,10,2750
11/2/2020,Hamilton,0,19,18,2768
11/3/2020,Hamilton,0,19,15,2783
11/4/2020,Hamilton,0,19,23,2806
11/5/2020,Hamilton,0,19,34,2840
11/6/2020,Hamilton,0,19,33,2873
11/7/2020,Hamilton,0,19,16,2889
11/8/2020,Hamilton,1,20,18,2907
11/9/2020,Hamilton,0,20,16,2923
11/10/2020,Hamilton,0,20,18,2941
11/11/2020,Hamilton,0,20,29,2970
11/12/2020,Hamilton,2,22,42,3012
11/13/2020,Hamilton,3,25,67,3079
11/14/2020,Hamilton,1,26,15,3094
3/1/2020,Herkimer,0,0,0,0
3/2/2020,Herkimer,0,0,0,0
3/3/2020,Herkimer,0,0,0,0
3/4/2020,Herkimer,0,0,0,0
3/5/2020,Herkimer,0,0,0,0
3/6/2020,Herkimer,0,0,0,0
3/7/2020,Herkimer,0,0,0,0
3/8/2020,Herkimer,0,0,0,0
3/9/2020,Herkimer,0,0,0,0
3/10/2020,Herkimer,0,0,0,0
3/11/2020,Herkimer,0,0,0,0
3/12/2020,Herkimer,1,1,1,1
3/13/2020,Herkimer,0,1,0,1
3/14/2020,Herkimer,0,1,1,2
3/15/2020,Herkimer,0,1,0,2
3/16/2020,Herkimer,0,1,0,2
3/17/2020,Herkimer,0,1,0,2
3/18/2020,Herkimer,0,1,1,3
3/19/2020,Herkimer,1,2,1,4
3/20/2020,Herkimer,1,3,5,9
3/21/2020,Herkimer,1,4,10,19
3/22/2020,Herkimer,0,4,6,25
3/23/2020,Herkimer,0,4,3,28
3/24/2020,Herkimer,1,5,5,33
3/25/2020,Herkimer,2,7,6,39
3/26/2020,Herkimer,2,9,9,48
3/27/2020,Herkimer,0,9,8,56
3/28/2020,Herkimer,1,10,14,70
3/29/2020,Herkimer,2,12,8,78
3/30/2020,Herkimer,0,12,1,79
3/31/2020,Herkimer,0,12,4,83
4/1/2020,Herkimer,2,14,9,92
4/2/2020,Herkimer,0,14,19,111
4/3/2020,Herkimer,4,18,27,138
4/4/2020,Herkimer,4,22,46,184
4/5/2020,Herkimer,3,25,23,207
4/6/2020,Herkimer,2,27,19,226
4/7/2020,Herkimer,2,29,19,245
4/8/2020,Herkimer,3,32,44,289
4/9/2020,Herkimer,4,36,23,312
4/10/2020,Herkimer,1,37,12,324
4/11/2020,Herkimer,0,37,11,335
4/12/2020,Herkimer,1,38,29,364
4/13/2020,Herkimer,1,39,26,390
4/14/2020,Herkimer,1,40,9,399
4/15/2020,Herkimer,3,43,23,422
4/16/2020,Herkimer,3,46,30,452
4/17/2020,Herkimer,1,47,18,470
4/18/2020,Herkimer,2,49,20,490
4/19/2020,Herkimer,0,49,23,513
4/20/2020,Herkimer,1,50,7,520
4/21/2020,Herkimer,3,53,34,554
4/22/2020,Herkimer,1,54,25,579
4/23/2020,Herkimer,2,56,27,606
4/24/2020,Herkimer,0,56,59,665
4/25/2020,Herkimer,1,57,31,696
4/26/2020,Herkimer,1,58,26,722
4/27/2020,Herkimer,0,58,14,736
4/28/2020,Herkimer,0,58,28,764
4/29/2020,Herkimer,0,58,28,792
4/30/2020,Herkimer,2,60,28,820
5/1/2020,Herkimer,1,61,15,835
5/2/2020,Herkimer,1,62,29,864
5/3/2020,Herkimer,1,63,41,905
5/4/2020,Herkimer,4,67,29,934
5/5/2020,Herkimer,1,68,66,1000
5/6/2020,Herkimer,6,74,65,1065
5/7/2020,Herkimer,2,76,55,1120
5/8/2020,Herkimer,1,77,43,1163
5/9/2020,Herkimer,2,79,56,1219
5/10/2020,Herkimer,2,81,57,1276
5/11/2020,Herkimer,0,81,42,1318
5/12/2020,Herkimer,3,84,61,1379
5/13/2020,Herkimer,2,86,54,1433
5/14/2020,Herkimer,1,87,49,1482
5/15/2020,Herkimer,4,91,50,1532
5/16/2020,Herkimer,0,91,157,1689
5/17/2020,Herkimer,1,92,68,1757
5/18/2020,Herkimer,0,92,65,1822
5/19/2020,Herkimer,1,93,95,1917
5/20/2020,Herkimer,0,93,60,1977
5/21/2020,Herkimer,2,95,77,2054
5/22/2020,Herkimer,5,100,212,2266
5/23/2020,Herkimer,1,101,143,2409
5/24/2020,Herkimer,2,103,237,2646
5/25/2020,Herkimer,0,103,45,2691
5/26/2020,Herkimer,2,105,328,3019
5/27/2020,Herkimer,1,106,442,3461
5/28/2020,Herkimer,1,107,154,3615
5/29/2020,Herkimer,0,107,332,3947
5/30/2020,Herkimer,1,108,309,4256
5/31/2020,Herkimer,1,109,131,4387
6/1/2020,Herkimer,2,111,186,4573
6/2/2020,Herkimer,2,113,522,5095
6/3/2020,Herkimer,0,113,398,5493
6/4/2020,Herkimer,2,115,334,5827
6/5/2020,Herkimer,7,122,523,6350
6/6/2020,Herkimer,1,123,357,6707
6/7/2020,Herkimer,1,124,377,7084
6/8/2020,Herkimer,1,125,308,7392
6/9/2020,Herkimer,0,125,245,7637
6/10/2020,Herkimer,0,125,295,7932
6/11/2020,Herkimer,2,127,439,8371
6/12/2020,Herkimer,1,128,280,8651
6/13/2020,Herkimer,0,128,275,8926
6/14/2020,Herkimer,0,128,119,9045
6/15/2020,Herkimer,0,128,297,9342
6/16/2020,Herkimer,0,128,208,9550
6/17/2020,Herkimer,0,128,236,9786
6/18/2020,Herkimer,3,131,265,10051
6/19/2020,Herkimer,3,134,334,10385
6/20/2020,Herkimer,2,136,405,10790
6/21/2020,Herkimer,1,137,232,11022
6/22/2020,Herkimer,0,137,146,11168
6/23/2020,Herkimer,5,142,184,11352
6/24/2020,Herkimer,1,143,146,11498
6/25/2020,Herkimer,6,149,161,11659
6/26/2020,Herkimer,5,154,302,11961
6/27/2020,Herkimer,4,158,495,12456
6/28/2020,Herkimer,1,159,189,12645
6/29/2020,Herkimer,0,159,155,12800
6/30/2020,Herkimer,3,162,212,13012
7/1/2020,Herkimer,2,164,201,13213
7/2/2020,Herkimer,8,172,96,13309
7/3/2020,Herkimer,0,172,140,13449
7/4/2020,Herkimer,1,173,371,13820
7/5/2020,Herkimer,6,179,381,14201
7/6/2020,Herkimer,2,181,210,14411
7/7/2020,Herkimer,0,181,182,14593
7/8/2020,Herkimer,1,182,240,14833
7/9/2020,Herkimer,2,184,250,15083
7/10/2020,Herkimer,4,188,213,15296
7/11/2020,Herkimer,4,192,270,15566
7/12/2020,Herkimer,1,193,210,15776
7/13/2020,Herkimer,2,195,327,16103
7/14/2020,Herkimer,2,197,322,16425
7/15/2020,Herkimer,5,202,134,16559
7/16/2020,Herkimer,2,204,263,16822
7/17/2020,Herkimer,0,204,203,17025
7/18/2020,Herkimer,2,206,70,17095
7/19/2020,Herkimer,0,206,92,17187
7/20/2020,Herkimer,2,208,200,17387
7/21/2020,Herkimer,3,211,291,17678
7/22/2020,Herkimer,2,213,248,17926
7/23/2020,Herkimer,10,223,302,18228
7/24/2020,Herkimer,1,224,283,18511
7/25/2020,Herkimer,6,230,242,18753
7/26/2020,Herkimer,4,234,233,18986
7/27/2020,Herkimer,2,236,145,19131
7/28/2020,Herkimer,0,236,178,19309
7/29/2020,Herkimer,3,239,259,19568
7/30/2020,Herkimer,0,239,200,19768
7/31/2020,Herkimer,1,240,244,20012
8/1/2020,Herkimer,1,241,316,20328
8/2/2020,Herkimer,5,246,278,20606
8/3/2020,Herkimer,16,262,410,21016
8/4/2020,Herkimer,2,264,265,21281
8/5/2020,Herkimer,4,268,214,21495
8/6/2020,Herkimer,2,270,218,21713
8/7/2020,Herkimer,3,273,312,22025
8/8/2020,Herkimer,1,274,378,22403
8/9/2020,Herkimer,0,274,279,22682
8/10/2020,Herkimer,3,277,322,23004
8/11/2020,Herkimer,0,277,248,23252
8/12/2020,Herkimer,1,278,213,23465
8/13/2020,Herkimer,0,278,227,23692
8/14/2020,Herkimer,4,282,338,24030
8/15/2020,Herkimer,1,283,430,24460
8/16/2020,Herkimer,1,284,153,24613
8/17/2020,Herkimer,0,284,181,24794
8/18/2020,Herkimer,0,284,167,24961
8/19/2020,Herkimer,0,284,302,25263
8/20/2020,Herkimer,5,289,330,25593
8/21/2020,Herkimer,0,289,378,25971
8/22/2020,Herkimer,0,289,294,26265
8/23/2020,Herkimer,0,289,194,26459
8/24/2020,Herkimer,1,290,175,26634
8/25/2020,Herkimer,2,292,304,26938
8/26/2020,Herkimer,2,294,357,27295
8/27/2020,Herkimer,0,294,263,27558
8/28/2020,Herkimer,1,295,336,27894
8/29/2020,Herkimer,2,297,374,28268
8/30/2020,Herkimer,0,297,308,28576
8/31/2020,Herkimer,1,298,360,28936
9/1/2020,Herkimer,5,303,160,29096
9/2/2020,Herkimer,2,305,257,29353
9/3/2020,Herkimer,1,306,323,29676
9/4/2020,Herkimer,0,306,278,29954
9/5/2020,Herkimer,2,308,345,30299
9/6/2020,Herkimer,0,308,145,30444
9/7/2020,Herkimer,0,308,251,30695
9/8/2020,Herkimer,0,308,117,30812
9/9/2020,Herkimer,0,308,154,30966
9/10/2020,Herkimer,4,312,343,31309
9/11/2020,Herkimer,0,312,454,31763
9/12/2020,Herkimer,1,313,316,32079
9/13/2020,Herkimer,0,313,262,32341
9/14/2020,Herkimer,0,313,236,32577
9/15/2020,Herkimer,1,314,169,32746
9/16/2020,Herkimer,2,316,206,32952
9/17/2020,Herkimer,2,318,280,33232
9/18/2020,Herkimer,1,319,309,33541
9/19/2020,Herkimer,2,321,397,33938
9/20/2020,Herkimer,0,321,316,34254
9/21/2020,Herkimer,1,322,216,34470
9/22/2020,Herkimer,5,327,283,34753
9/23/2020,Herkimer,2,329,218,34971
9/24/2020,Herkimer,2,331,317,35288
9/25/2020,Herkimer,3,334,566,35854
9/26/2020,Herkimer,0,334,304,36158
9/27/2020,Herkimer,1,335,166,36324
9/28/2020,Herkimer,2,337,357,36681
9/29/2020,Herkimer,1,338,235,36916
9/30/2020,Herkimer,2,340,295,37211
10/1/2020,Herkimer,2,342,317,37528
10/2/2020,Herkimer,2,344,616,38144
10/3/2020,Herkimer,2,346,254,38398
10/4/2020,Herkimer,2,348,193,38591
10/5/2020,Herkimer,1,349,253,38844
10/6/2020,Herkimer,4,353,250,39094
10/7/2020,Herkimer,2,355,266,39360
10/8/2020,Herkimer,0,355,259,39619
10/9/2020,Herkimer,3,358,667,40286
10/10/2020,Herkimer,1,359,527,40813
10/11/2020,Herkimer,2,361,298,41111
10/12/2020,Herkimer,2,363,362,41473
10/13/2020,Herkimer,0,363,288,41761
10/14/2020,Herkimer,4,367,307,42068
10/15/2020,Herkimer,0,367,397,42465
10/16/2020,Herkimer,1,368,439,42904
10/17/2020,Herkimer,2,370,301,43205
10/18/2020,Herkimer,0,370,237,43442
10/19/2020,Herkimer,1,371,289,43731
10/20/2020,Herkimer,3,374,404,44135
10/21/2020,Herkimer,2,376,287,44422
10/22/2020,Herkimer,4,380,310,44732
10/23/2020,Herkimer,4,384,509,45241
10/24/2020,Herkimer,3,387,518,45759
10/25/2020,Herkimer,2,389,256,46015
10/26/2020,Herkimer,1,390,262,46277
10/27/2020,Herkimer,4,394,388,46665
10/28/2020,Herkimer,0,394,345,47010
10/29/2020,Herkimer,0,394,338,47348
10/30/2020,Herkimer,2,396,398,47746
10/31/2020,Herkimer,3,399,320,48066
11/1/2020,Herkimer,8,407,238,48304
11/2/2020,Herkimer,7,414,331,48635
11/3/2020,Herkimer,4,418,327,48962
11/4/2020,Herkimer,6,424,493,49455
11/5/2020,Herkimer,10,434,573,50028
11/6/2020,Herkimer,9,443,384,50412
11/7/2020,Herkimer,4,447,471,50883
11/8/2020,Herkimer,2,449,245,51128
11/9/2020,Herkimer,12,461,469,51597
11/10/2020,Herkimer,11,472,439,52036
11/11/2020,Herkimer,4,476,392,52428
11/12/2020,Herkimer,4,480,427,52855
11/13/2020,Herkimer,5,485,401,53256
11/14/2020,Herkimer,6,491,295,53551
3/1/2020,Jefferson,0,0,0,0
3/2/2020,Jefferson,0,0,0,0
3/3/2020,Jefferson,0,0,0,0
3/4/2020,Jefferson,0,0,0,0
3/5/2020,Jefferson,0,0,0,0
3/6/2020,Jefferson,0,0,0,0
3/7/2020,Jefferson,0,0,1,1
3/8/2020,Jefferson,0,0,0,1
3/9/2020,Jefferson,0,0,0,1
3/10/2020,Jefferson,0,0,0,1
3/11/2020,Jefferson,0,0,1,2
3/12/2020,Jefferson,0,0,0,2
3/13/2020,Jefferson,0,0,0,2
3/14/2020,Jefferson,0,0,0,2
3/15/2020,Jefferson,0,0,1,3
3/16/2020,Jefferson,0,0,0,3
3/17/2020,Jefferson,0,0,2,5
3/18/2020,Jefferson,1,1,7,12
3/19/2020,Jefferson,0,1,13,25
3/20/2020,Jefferson,0,1,18,43
3/21/2020,Jefferson,0,1,4,47
3/22/2020,Jefferson,1,2,20,67
3/23/2020,Jefferson,0,2,1,68
3/24/2020,Jefferson,0,2,13,81
3/25/2020,Jefferson,1,3,31,112
3/26/2020,Jefferson,0,3,23,135
3/27/2020,Jefferson,3,6,45,180
3/28/2020,Jefferson,1,7,52,232
3/29/2020,Jefferson,4,11,100,332
3/30/2020,Jefferson,1,12,19,351
3/31/2020,Jefferson,0,12,14,365
4/1/2020,Jefferson,3,15,53,418
4/2/2020,Jefferson,3,18,56,474
4/3/2020,Jefferson,2,20,38,512
4/4/2020,Jefferson,6,26,75,587
4/5/2020,Jefferson,7,33,98,685
4/6/2020,Jefferson,6,39,63,748
4/7/2020,Jefferson,1,40,25,773
4/8/2020,Jefferson,2,42,84,857
4/9/2020,Jefferson,1,43,52,909
4/10/2020,Jefferson,1,44,43,952
4/11/2020,Jefferson,2,46,47,999
4/12/2020,Jefferson,0,46,24,1023
4/13/2020,Jefferson,1,47,37,1060
4/14/2020,Jefferson,0,47,1,1061
4/15/2020,Jefferson,1,48,33,1094
4/16/2020,Jefferson,2,50,31,1125
4/17/2020,Jefferson,0,50,16,1141
4/18/2020,Jefferson,4,54,53,1194
4/19/2020,Jefferson,0,54,23,1217
4/20/2020,Jefferson,0,54,7,1224
4/21/2020,Jefferson,0,54,8,1232
4/22/2020,Jefferson,2,56,28,1260
4/23/2020,Jefferson,2,58,37,1297
4/24/2020,Jefferson,1,59,63,1360
4/25/2020,Jefferson,1,60,27,1387
4/26/2020,Jefferson,0,60,52,1439
4/27/2020,Jefferson,0,60,15,1454
4/28/2020,Jefferson,0,60,28,1482
4/29/2020,Jefferson,1,61,36,1518
4/30/2020,Jefferson,0,61,37,1555
5/1/2020,Jefferson,1,62,48,1603
5/2/2020,Jefferson,0,62,48,1651
5/3/2020,Jefferson,1,63,82,1733
5/4/2020,Jefferson,0,63,13,1746
5/5/2020,Jefferson,0,63,50,1796
5/6/2020,Jefferson,1,64,90,1886
5/7/2020,Jefferson,2,66,82,1968
5/8/2020,Jefferson,1,67,47,2015
5/9/2020,Jefferson,1,68,64,2079
5/10/2020,Jefferson,0,68,63,2142
5/11/2020,Jefferson,0,68,46,2188
5/12/2020,Jefferson,0,68,80,2268
5/13/2020,Jefferson,1,69,104,2372
5/14/2020,Jefferson,2,71,453,2825
5/15/2020,Jefferson,0,71,237,3062
5/16/2020,Jefferson,0,71,152,3214
5/17/2020,Jefferson,0,71,137,3351
5/18/2020,Jefferson,0,71,90,3441
5/19/2020,Jefferson,0,71,64,3505
5/20/2020,Jefferson,0,71,324,3829
5/21/2020,Jefferson,1,72,319,4148
5/22/2020,Jefferson,0,72,331,4479
5/23/2020,Jefferson,0,72,305,4784
5/24/2020,Jefferson,0,72,107,4891
5/25/2020,Jefferson,0,72,71,4962
5/26/2020,Jefferson,0,72,97,5059
5/27/2020,Jefferson,0,72,136,5195
5/28/2020,Jefferson,2,74,400,5595
5/29/2020,Jefferson,0,74,227,5822
5/30/2020,Jefferson,0,74,280,6102
5/31/2020,Jefferson,0,74,256,6358
6/1/2020,Jefferson,0,74,228,6586
6/2/2020,Jefferson,0,74,256,6842
6/3/2020,Jefferson,0,74,253,7095
6/4/2020,Jefferson,1,75,482,7577
6/5/2020,Jefferson,0,75,315,7892
6/6/2020,Jefferson,2,77,275,8167
6/7/2020,Jefferson,1,78,374,8541
6/8/2020,Jefferson,1,79,85,8626
6/9/2020,Jefferson,0,79,257,8883
6/10/2020,Jefferson,0,79,299,9182
6/11/2020,Jefferson,1,80,564,9746
6/12/2020,Jefferson,1,81,173,9919
6/13/2020,Jefferson,0,81,135,10054
6/14/2020,Jefferson,0,81,261,10315
6/15/2020,Jefferson,0,81,76,10391
6/16/2020,Jefferson,1,82,108,10499
6/17/2020,Jefferson,0,82,367,10866
6/18/2020,Jefferson,0,82,534,11400
6/19/2020,Jefferson,1,83,237,11637
6/20/2020,Jefferson,1,84,118,11755
6/21/2020,Jefferson,0,84,220,11975
6/22/2020,Jefferson,0,84,88,12063
6/23/2020,Jefferson,0,84,120,12183
6/24/2020,Jefferson,1,85,309,12492
6/25/2020,Jefferson,0,85,479,12971
6/26/2020,Jefferson,0,85,184,13155
6/27/2020,Jefferson,0,85,101,13256
6/28/2020,Jefferson,1,86,234,13490
6/29/2020,Jefferson,0,86,68,13558
6/30/2020,Jefferson,2,88,135,13693
7/1/2020,Jefferson,2,90,240,13933
7/2/2020,Jefferson,3,93,213,14146
7/3/2020,Jefferson,0,93,324,14470
7/4/2020,Jefferson,1,94,174,14644
7/5/2020,Jefferson,0,94,119,14763
7/6/2020,Jefferson,0,94,126,14889
7/7/2020,Jefferson,0,94,293,15182
7/8/2020,Jefferson,1,95,206,15388
7/9/2020,Jefferson,0,95,171,15559
7/10/2020,Jefferson,0,95,162,15721
7/11/2020,Jefferson,2,97,95,15816
7/12/2020,Jefferson,2,99,495,16311
7/13/2020,Jefferson,1,100,154,16465
7/14/2020,Jefferson,0,100,251,16716
7/15/2020,Jefferson,2,102,143,16859
7/16/2020,Jefferson,1,103,165,17024
7/17/2020,Jefferson,1,104,385,17409
7/18/2020,Jefferson,1,105,321,17730
7/19/2020,Jefferson,1,106,192,17922
7/20/2020,Jefferson,6,112,633,18555
7/21/2020,Jefferson,1,113,325,18880
7/22/2020,Jefferson,7,120,412,19292
7/23/2020,Jefferson,3,123,311,19603
7/24/2020,Jefferson,3,126,563,20166
7/25/2020,Jefferson,1,127,329,20495
7/26/2020,Jefferson,1,128,198,20693
7/27/2020,Jefferson,0,128,115,20808
7/28/2020,Jefferson,0,128,67,20875
7/29/2020,Jefferson,0,128,195,21070
7/30/2020,Jefferson,1,129,232,21302
7/31/2020,Jefferson,1,130,129,21431
8/1/2020,Jefferson,4,134,287,21718
8/2/2020,Jefferson,0,134,176,21894
8/3/2020,Jefferson,5,139,292,22186
8/4/2020,Jefferson,1,140,309,22495
8/5/2020,Jefferson,0,140,428,22923
8/6/2020,Jefferson,0,140,300,23223
8/7/2020,Jefferson,0,140,82,23305
8/8/2020,Jefferson,2,142,194,23499
8/9/2020,Jefferson,0,142,65,23564
8/10/2020,Jefferson,0,142,260,23824
8/11/2020,Jefferson,0,142,178,24002
8/12/2020,Jefferson,0,142,355,24357
8/13/2020,Jefferson,1,143,338,24695
8/14/2020,Jefferson,0,143,303,24998
8/15/2020,Jefferson,0,143,161,25159
8/16/2020,Jefferson,0,143,102,25261
8/17/2020,Jefferson,0,143,203,25464
8/18/2020,Jefferson,0,143,255,25719
8/19/2020,Jefferson,0,143,440,26159
8/20/2020,Jefferson,1,144,279,26438
8/21/2020,Jefferson,0,144,289,26727
8/22/2020,Jefferson,1,145,142,26869
8/23/2020,Jefferson,0,145,135,27004
8/24/2020,Jefferson,1,146,184,27188
8/25/2020,Jefferson,0,146,139,27327
8/26/2020,Jefferson,2,148,394,27721
8/27/2020,Jefferson,1,149,302,28023
8/28/2020,Jefferson,0,149,192,28215
8/29/2020,Jefferson,1,150,183,28398
8/30/2020,Jefferson,0,150,96,28494
8/31/2020,Jefferson,0,150,204,28698
9/1/2020,Jefferson,0,150,294,28992
9/2/2020,Jefferson,4,154,819,29811
9/3/2020,Jefferson,0,154,146,29957
9/4/2020,Jefferson,0,154,119,30076
9/5/2020,Jefferson,0,154,134,30210
9/6/2020,Jefferson,2,156,136,30346
9/7/2020,Jefferson,0,156,160,30506
9/8/2020,Jefferson,0,156,126,30632
9/9/2020,Jefferson,0,156,92,30724
9/10/2020,Jefferson,1,157,341,31065
9/11/2020,Jefferson,0,157,360,31425
9/12/2020,Jefferson,0,157,306,31731
9/13/2020,Jefferson,1,158,82,31813
9/14/2020,Jefferson,0,158,134,31947
9/15/2020,Jefferson,0,158,306,32253
9/16/2020,Jefferson,1,159,424,32677
9/17/2020,Jefferson,1,160,244,32921
9/18/2020,Jefferson,1,161,239,33160
9/19/2020,Jefferson,2,163,261,33421
9/20/2020,Jefferson,0,163,222,33643
9/21/2020,Jefferson,1,164,145,33788
9/22/2020,Jefferson,0,164,241,34029
9/23/2020,Jefferson,1,165,428,34457
9/24/2020,Jefferson,2,167,364,34821
9/25/2020,Jefferson,0,167,298,35119
9/26/2020,Jefferson,3,170,292,35411
9/27/2020,Jefferson,0,170,162,35573
9/28/2020,Jefferson,0,170,194,35767
9/29/2020,Jefferson,2,172,343,36110
9/30/2020,Jefferson,0,172,180,36290
10/1/2020,Jefferson,2,174,646,36936
10/2/2020,Jefferson,2,176,413,37349
10/3/2020,Jefferson,0,176,261,37610
10/4/2020,Jefferson,0,176,174,37784
10/5/2020,Jefferson,0,176,392,38176
10/6/2020,Jefferson,0,176,473,38649
10/7/2020,Jefferson,1,177,461,39110
10/8/2020,Jefferson,3,180,321,39431
10/9/2020,Jefferson,1,181,275,39706
10/10/2020,Jefferson,3,184,301,40007
10/11/2020,Jefferson,1,185,179,40186
10/12/2020,Jefferson,1,186,268,40454
10/13/2020,Jefferson,0,186,217,40671
10/14/2020,Jefferson,0,186,503,41174
10/15/2020,Jefferson,0,186,288,41462
10/16/2020,Jefferson,0,186,295,41757
10/17/2020,Jefferson,2,188,206,41963
10/18/2020,Jefferson,3,191,183,42146
10/19/2020,Jefferson,1,192,186,42332
10/20/2020,Jefferson,1,193,243,42575
10/21/2020,Jefferson,1,194,365,42940
10/22/2020,Jefferson,3,197,375,43315
10/23/2020,Jefferson,2,199,359,43674
10/24/2020,Jefferson,3,202,242,43916
10/25/2020,Jefferson,1,203,81,43997
10/26/2020,Jefferson,3,206,312,44309
10/27/2020,Jefferson,1,207,289,44598
10/28/2020,Jefferson,4,211,495,45093
10/29/2020,Jefferson,3,214,420,45513
10/30/2020,Jefferson,6,220,394,45907
10/31/2020,Jefferson,2,222,227,46134
11/1/2020,Jefferson,9,231,149,46283
11/2/2020,Jefferson,6,237,400,46683
11/3/2020,Jefferson,4,241,282,46965
11/4/2020,Jefferson,8,249,475,47440
11/5/2020,Jefferson,11,260,500,47940
11/6/2020,Jefferson,2,262,316,48256
11/7/2020,Jefferson,6,268,319,48575
11/8/2020,Jefferson,9,277,190,48765
11/9/2020,Jefferson,5,282,246,49011
11/10/2020,Jefferson,6,288,310,49321
11/11/2020,Jefferson,4,292,519,49840
11/12/2020,Jefferson,15,307,521,50361
11/13/2020,Jefferson,9,316,313,50674
11/14/2020,Jefferson,8,324,267,50941
3/1/2020,Kings,0,0,0,0
3/2/2020,Kings,0,0,0,0
3/3/2020,Kings,0,0,2,2
3/4/2020,Kings,1,1,4,6
3/5/2020,Kings,0,1,7,13
3/6/2020,Kings,3,4,12,25
3/7/2020,Kings,0,4,9,34
3/8/2020,Kings,2,6,10,44
3/9/2020,Kings,1,7,31,75
3/10/2020,Kings,7,14,29,104
3/11/2020,Kings,2,16,24,128
3/12/2020,Kings,8,24,59,187
3/13/2020,Kings,17,41,136,323
3/14/2020,Kings,17,58,99,422
3/15/2020,Kings,26,84,166,588
3/16/2020,Kings,39,123,171,759
3/17/2020,Kings,264,387,741,1500
3/18/2020,Kings,273,660,795,2295
3/19/2020,Kings,674,1334,1553,3848
3/20/2020,Kings,538,1872,1378,5226
3/21/2020,Kings,893,2765,1941,7167
3/22/2020,Kings,702,3467,1506,8673
3/23/2020,Kings,700,4167,1422,10095
3/24/2020,Kings,779,4946,1474,11569
3/25/2020,Kings,755,5701,1550,13119
3/26/2020,Kings,1106,6807,1905,15024
3/27/2020,Kings,1238,8045,2254,17278
3/28/2020,Kings,973,9018,1790,19068
3/29/2020,Kings,1011,10029,1627,20695
3/30/2020,Kings,1888,11917,3113,23808
3/31/2020,Kings,1198,13115,2011,25819
4/1/2020,Kings,1189,14304,2041,27860
4/2/2020,Kings,1396,15700,2512,30372
4/3/2020,Kings,1804,17504,3234,33606
4/4/2020,Kings,1054,18558,1990,35596
4/5/2020,Kings,1144,19702,2013,37609
4/6/2020,Kings,1177,20879,2245,39854
4/7/2020,Kings,1203,22082,2607,42461
4/8/2020,Kings,1312,23394,2565,45026
4/9/2020,Kings,1321,24715,2578,47604
4/10/2020,Kings,1528,26243,2887,50491
4/11/2020,Kings,1228,27471,2670,53161
4/12/2020,Kings,933,28404,2029,55190
4/13/2020,Kings,902,29306,2055,57245
4/14/2020,Kings,2663,31969,5103,62348
4/15/2020,Kings,1552,33521,3724,66072
4/16/2020,Kings,1184,34705,3347,69419
4/17/2020,Kings,1058,35763,3016,72435
4/18/2020,Kings,719,36482,2390,74825
4/19/2020,Kings,548,37030,1835,76660
4/20/2020,Kings,664,37694,2300,78960
4/21/2020,Kings,787,38481,2827,81787
4/22/2020,Kings,873,39354,3526,85313
4/23/2020,Kings,1294,40648,5030,90343
4/24/2020,Kings,1012,41660,4021,94364
4/25/2020,Kings,827,42487,3685,98049
4/26/2020,Kings,527,43014,2684,100733
4/27/2020,Kings,573,43587,2940,103673
4/28/2020,Kings,649,44236,3873,107546
4/29/2020,Kings,636,44872,3944,111490
4/30/2020,Kings,647,45519,3927,115417
5/1/2020,Kings,756,46275,4717,120134
5/2/2020,Kings,564,46839,3804,123938
5/3/2020,Kings,344,47183,2545,126483
5/4/2020,Kings,396,47579,3364,129847
5/5/2020,Kings,395,47974,3597,133444
5/6/2020,Kings,576,48550,5284,138728
5/7/2020,Kings,448,48998,4582,143310
5/8/2020,Kings,463,49461,4747,148057
5/9/2020,Kings,356,49817,3682,151739
5/10/2020,Kings,255,50072,2825,154564
5/11/2020,Kings,259,50331,2984,157548
5/12/2020,Kings,336,50667,4615,162163
5/13/2020,Kings,428,51095,6107,168270
5/14/2020,Kings,486,51581,5741,174011
5/15/2020,Kings,410,51991,5793,179804
5/16/2020,Kings,307,52298,4377,184181
5/17/2020,Kings,187,52485,3052,187233
5/18/2020,Kings,196,52681,4133,191366
5/19/2020,Kings,208,52889,3890,195256
5/20/2020,Kings,496,53385,7252,202508
5/21/2020,Kings,254,53639,5372,207880
5/22/2020,Kings,263,53902,6189,214069
5/23/2020,Kings,273,54175,6813,220882
5/24/2020,Kings,185,54360,4990,225872
5/25/2020,Kings,200,54560,5214,231086
5/26/2020,Kings,219,54779,5940,237026
5/27/2020,Kings,368,55147,10938,247964
5/28/2020,Kings,299,55446,10686,258650
5/29/2020,Kings,281,55727,9619,268269
5/30/2020,Kings,173,55900,7167,275436
5/31/2020,Kings,153,56053,5765,281201
6/1/2020,Kings,189,56242,7500,288701
6/2/2020,Kings,163,56405,7485,296186
6/3/2020,Kings,182,56587,7880,304066
6/4/2020,Kings,183,56770,7659,311725
6/5/2020,Kings,196,56966,9370,321095
6/6/2020,Kings,165,57131,8378,329473
6/7/2020,Kings,129,57260,7254,336727
6/8/2020,Kings,107,57367,5499,342226
6/9/2020,Kings,117,57484,8815,351041
6/10/2020,Kings,121,57605,6515,357556
6/11/2020,Kings,128,57733,8670,366226
6/12/2020,Kings,186,57919,10217,376443
6/13/2020,Kings,140,58059,9012,385455
6/14/2020,Kings,118,58177,8880,394335
6/15/2020,Kings,97,58274,8034,402369
6/16/2020,Kings,112,58386,8472,410841
6/17/2020,Kings,116,58502,10052,420893
6/18/2020,Kings,132,58634,10964,431857
6/19/2020,Kings,127,58761,10520,442377
6/20/2020,Kings,113,58874,9864,452241
6/21/2020,Kings,75,58949,7192,459433
6/22/2020,Kings,98,59047,5819,465252
6/23/2020,Kings,64,59111,6732,471984
6/24/2020,Kings,95,59206,7602,479586
6/25/2020,Kings,105,59311,7450,487036
6/26/2020,Kings,109,59420,10239,497275
6/27/2020,Kings,87,59507,8508,505783
6/28/2020,Kings,69,59576,5378,511161
6/29/2020,Kings,74,59650,6646,517807
6/30/2020,Kings,92,59742,7756,525563
7/1/2020,Kings,113,59855,9252,534815
7/2/2020,Kings,102,59957,8649,543464
7/3/2020,Kings,121,60078,7506,550970
7/4/2020,Kings,71,60149,7534,558504
7/5/2020,Kings,62,60211,7273,565777
7/6/2020,Kings,70,60281,7673,573450
7/7/2020,Kings,105,60386,6914,580364
7/8/2020,Kings,75,60461,7228,587592
7/9/2020,Kings,99,60560,8795,596387
7/10/2020,Kings,87,60647,7543,603930
7/11/2020,Kings,101,60748,7261,611191
7/12/2020,Kings,67,60815,5925,617116
7/13/2020,Kings,89,60904,5637,622753
7/14/2020,Kings,108,61012,7601,630354
7/15/2020,Kings,112,61124,8189,638543
7/16/2020,Kings,109,61233,10677,649220
7/17/2020,Kings,118,61351,9343,658563
7/18/2020,Kings,81,61432,6260,664823
7/19/2020,Kings,56,61488,5904,670727
7/20/2020,Kings,80,61568,8084,678811
7/21/2020,Kings,94,61662,8182,686993
7/22/2020,Kings,90,61752,8779,695772
7/23/2020,Kings,72,61824,9523,705295
7/24/2020,Kings,102,61926,7669,712964
7/25/2020,Kings,62,61988,6610,719574
7/26/2020,Kings,65,62053,7052,726626
7/27/2020,Kings,57,62110,6374,733000
7/28/2020,Kings,84,62194,8815,741815
7/29/2020,Kings,101,62295,9160,750975
7/30/2020,Kings,90,62385,9095,760070
7/31/2020,Kings,109,62494,10667,770737
8/1/2020,Kings,83,62577,7441,778178
8/2/2020,Kings,64,62641,6911,785089
8/3/2020,Kings,74,62715,7510,792599
8/4/2020,Kings,75,62790,8138,800737
8/5/2020,Kings,100,62890,8929,809666
8/6/2020,Kings,109,62999,8735,818401
8/7/2020,Kings,87,63086,9201,827602
8/8/2020,Kings,69,63155,7685,835287
8/9/2020,Kings,68,63223,6590,841877
8/10/2020,Kings,85,63308,7833,849710
8/11/2020,Kings,102,63410,13378,863088
8/12/2020,Kings,132,63542,11994,875082
8/13/2020,Kings,94,63636,11535,886617
8/14/2020,Kings,143,63779,11157,897774
8/15/2020,Kings,82,63861,9558,907332
8/16/2020,Kings,52,63913,7179,914511
8/17/2020,Kings,89,64002,6633,921144
8/18/2020,Kings,80,64082,9135,930279
8/19/2020,Kings,80,64162,8865,939144
8/20/2020,Kings,74,64236,10187,949331
8/21/2020,Kings,65,64301,10756,960087
8/22/2020,Kings,74,64375,9136,969223
8/23/2020,Kings,47,64422,7826,977049
8/24/2020,Kings,73,64495,7208,984257
8/25/2020,Kings,77,64572,7983,992240
8/26/2020,Kings,92,64664,9336,1001576
8/27/2020,Kings,90,64754,12225,1013801
8/28/2020,Kings,103,64857,10972,1024773
8/29/2020,Kings,73,64930,11050,1035823
8/30/2020,Kings,68,64998,6957,1042780
8/31/2020,Kings,120,65118,9322,1052102
9/1/2020,Kings,83,65201,9607,1061709
9/2/2020,Kings,127,65328,10442,1072151
9/3/2020,Kings,112,65440,13256,1085407
9/4/2020,Kings,100,65540,10629,1096036
9/5/2020,Kings,86,65626,11109,1107145
9/6/2020,Kings,74,65700,7350,1114495
9/7/2020,Kings,57,65757,6683,1121178
9/8/2020,Kings,62,65819,8221,1129399
9/9/2020,Kings,110,65929,9082,1138481
9/10/2020,Kings,80,66009,9839,1148320
9/11/2020,Kings,115,66124,11402,1159722
9/12/2020,Kings,73,66197,7592,1167314
9/13/2020,Kings,77,66274,7304,1174618
9/14/2020,Kings,107,66381,7997,1182615
9/15/2020,Kings,87,66468,9006,1191621
9/16/2020,Kings,118,66586,8620,1200241
9/17/2020,Kings,151,66737,10338,1210579
9/18/2020,Kings,234,66971,13785,1224364
9/19/2020,Kings,165,67136,12173,1236537
9/20/2020,Kings,91,67227,7210,1243747
9/21/2020,Kings,164,67391,11982,1255729
9/22/2020,Kings,119,67510,7472,1263201
9/23/2020,Kings,207,67717,11102,1274303
9/24/2020,Kings,175,67892,10044,1284347
9/25/2020,Kings,203,68095,12389,1296736
9/26/2020,Kings,184,68279,9241,1305977
9/27/2020,Kings,183,68462,6981,1312958
9/28/2020,Kings,196,68658,11496,1324454
9/29/2020,Kings,186,68844,10547,1335001
9/30/2020,Kings,218,69062,11390,1346391
10/1/2020,Kings,257,69319,13484,1359875
10/2/2020,Kings,358,69677,15896,1375771
10/3/2020,Kings,256,69933,10882,1386653
10/4/2020,Kings,198,70131,7790,1394443
10/5/2020,Kings,223,70354,10652,1405095
10/6/2020,Kings,262,70616,11670,1416765
10/7/2020,Kings,283,70899,17061,1433826
10/8/2020,Kings,300,71199,15913,1449739
10/9/2020,Kings,236,71435,16528,1466267
10/10/2020,Kings,200,71635,13012,1479279
10/11/2020,Kings,121,71756,10104,1489383
10/12/2020,Kings,185,71941,12300,1501683
10/13/2020,Kings,218,72159,11198,1512881
10/14/2020,Kings,210,72369,17754,1530635
10/15/2020,Kings,229,72598,16348,1546983
10/16/2020,Kings,296,72894,20191,1567174
10/17/2020,Kings,229,73123,15572,1582746
10/18/2020,Kings,140,73263,9451,1592197
10/19/2020,Kings,170,73433,9545,1601742
10/20/2020,Kings,333,73766,15168,1616910
10/21/2020,Kings,169,73935,14185,1631095
10/22/2020,Kings,179,74114,17870,1648965
10/23/2020,Kings,225,74339,16840,1665805
10/24/2020,Kings,214,74553,14425,1680230
10/25/2020,Kings,150,74703,9490,1689720
10/26/2020,Kings,200,74903,11831,1701551
10/27/2020,Kings,266,75169,16524,1718075
10/28/2020,Kings,348,75517,20517,1738592
10/29/2020,Kings,262,75779,16919,1755511
10/30/2020,Kings,206,75985,14343,1769854
10/31/2020,Kings,253,76238,17552,1787406
11/1/2020,Kings,208,76446,11520,1798926
11/2/2020,Kings,217,76663,15312,1814238
11/3/2020,Kings,325,76988,20383,1834621
11/4/2020,Kings,353,77341,20703,1855324
11/5/2020,Kings,368,77709,18826,1874150
11/6/2020,Kings,349,78058,19342,1893492
11/7/2020,Kings,356,78414,18824,1912316
11/8/2020,Kings,331,78745,13287,1925603
11/9/2020,Kings,328,79073,17228,1942831
11/10/2020,Kings,485,79558,17933,1960764
11/11/2020,Kings,450,80008,19871,1980635
11/12/2020,Kings,483,80491,21782,2002417
11/13/2020,Kings,455,80946,21871,2024288
11/14/2020,Kings,425,81371,19932,2044220
3/1/2020,Lewis,0,0,0,0
3/2/2020,Lewis,0,0,0,0
3/3/2020,Lewis,0,0,0,0
3/4/2020,Lewis,0,0,0,0
3/5/2020,Lewis,0,0,0,0
3/6/2020,Lewis,0,0,0,0
3/7/2020,Lewis,0,0,0,0
3/8/2020,Lewis,0,0,0,0
3/9/2020,Lewis,0,0,0,0
3/10/2020,Lewis,0,0,0,0
3/11/2020,Lewis,0,0,0,0
3/12/2020,Lewis,0,0,0,0
3/13/2020,Lewis,0,0,1,1
3/14/2020,Lewis,0,0,0,1
3/15/2020,Lewis,0,0,2,3
3/16/2020,Lewis,0,0,0,3
3/17/2020,Lewis,0,0,1,4
3/18/2020,Lewis,0,0,0,4
3/19/2020,Lewis,0,0,2,6
3/20/2020,Lewis,0,0,1,7
3/21/2020,Lewis,0,0,4,11
3/22/2020,Lewis,0,0,4,15
3/23/2020,Lewis,0,0,5,20
3/24/2020,Lewis,0,0,0,20
3/25/2020,Lewis,0,0,5,25
3/26/2020,Lewis,0,0,5,30
3/27/2020,Lewis,0,0,6,36
3/28/2020,Lewis,2,2,7,43
3/29/2020,Lewis,0,2,16,59
3/30/2020,Lewis,0,2,5,64
3/31/2020,Lewis,0,2,3,67
4/1/2020,Lewis,0,2,5,72
4/2/2020,Lewis,0,2,5,77
4/3/2020,Lewis,0,2,5,82
4/4/2020,Lewis,1,3,19,101
4/5/2020,Lewis,3,6,11,112
4/6/2020,Lewis,0,6,11,123
4/7/2020,Lewis,0,6,6,129
4/8/2020,Lewis,0,6,8,137
4/9/2020,Lewis,0,6,23,160
4/10/2020,Lewis,0,6,0,160
4/11/2020,Lewis,0,6,6,166
4/12/2020,Lewis,0,6,3,169
4/13/2020,Lewis,1,7,11,180
4/14/2020,Lewis,0,7,0,180
4/15/2020,Lewis,1,8,7,187
4/16/2020,Lewis,0,8,2,189
4/17/2020,Lewis,0,8,0,189
4/18/2020,Lewis,0,8,14,203
4/19/2020,Lewis,1,9,7,210
4/20/2020,Lewis,0,9,1,211
4/21/2020,Lewis,0,9,1,212
4/22/2020,Lewis,0,9,8,220
4/23/2020,Lewis,0,9,3,223
4/24/2020,Lewis,0,9,41,264
4/25/2020,Lewis,0,9,12,276
4/26/2020,Lewis,0,9,14,290
4/27/2020,Lewis,0,9,6,296
4/28/2020,Lewis,0,9,4,300
4/29/2020,Lewis,0,9,14,314
4/30/2020,Lewis,0,9,4,318
5/1/2020,Lewis,0,9,12,330
5/2/2020,Lewis,0,9,1,331
5/3/2020,Lewis,0,9,9,340
5/4/2020,Lewis,0,9,6,346
5/5/2020,Lewis,0,9,4,350
5/6/2020,Lewis,1,10,25,375
5/7/2020,Lewis,0,10,20,395
5/8/2020,Lewis,1,11,85,480
5/9/2020,Lewis,0,11,95,575
5/10/2020,Lewis,0,11,65,640
5/11/2020,Lewis,0,11,16,656
5/12/2020,Lewis,0,11,10,666
5/13/2020,Lewis,1,12,31,697
5/14/2020,Lewis,0,12,236,933
5/15/2020,Lewis,1,13,108,1041
5/16/2020,Lewis,3,16,62,1103
5/17/2020,Lewis,1,17,123,1226
5/18/2020,Lewis,1,18,27,1253
5/19/2020,Lewis,0,18,34,1287
5/20/2020,Lewis,0,18,176,1463
5/21/2020,Lewis,1,19,101,1564
5/22/2020,Lewis,0,19,62,1626
5/23/2020,Lewis,0,19,77,1703
5/24/2020,Lewis,0,19,43,1746
5/25/2020,Lewis,1,20,25,1771
5/26/2020,Lewis,0,20,22,1793
5/27/2020,Lewis,0,20,34,1827
5/28/2020,Lewis,0,20,148,1975
5/29/2020,Lewis,0,20,77,2052
5/30/2020,Lewis,0,20,51,2103
5/31/2020,Lewis,0,20,64,2167
6/1/2020,Lewis,0,20,70,2237
6/2/2020,Lewis,0,20,93,2330
6/3/2020,Lewis,0,20,72,2402
6/4/2020,Lewis,0,20,178,2580
6/5/2020,Lewis,0,20,109,2689
6/6/2020,Lewis,0,20,59,2748
6/7/2020,Lewis,0,20,115,2863
6/8/2020,Lewis,0,20,29,2892
6/9/2020,Lewis,0,20,64,2956
6/10/2020,Lewis,0,20,138,3094
6/11/2020,Lewis,0,20,126,3220
6/12/2020,Lewis,0,20,71,3291
6/13/2020,Lewis,0,20,64,3355
6/14/2020,Lewis,0,20,70,3425
6/15/2020,Lewis,0,20,21,3446
6/16/2020,Lewis,1,21,32,3478
6/17/2020,Lewis,0,21,109,3587
6/18/2020,Lewis,0,21,94,3681
6/19/2020,Lewis,1,22,74,3755
6/20/2020,Lewis,1,23,61,3816
6/21/2020,Lewis,0,23,76,3892
6/22/2020,Lewis,1,24,18,3910
6/23/2020,Lewis,0,24,32,3942
6/24/2020,Lewis,1,25,89,4031
6/25/2020,Lewis,1,26,91,4122
6/26/2020,Lewis,0,26,56,4178
6/27/2020,Lewis,3,29,89,4267
6/28/2020,Lewis,1,30,61,4328
6/29/2020,Lewis,0,30,13,4341
6/30/2020,Lewis,0,30,25,4366
7/1/2020,Lewis,0,30,38,4404
7/2/2020,Lewis,0,30,85,4489
7/3/2020,Lewis,1,31,64,4553
7/4/2020,Lewis,0,31,42,4595
7/5/2020,Lewis,0,31,17,4612
7/6/2020,Lewis,0,31,41,4653
7/7/2020,Lewis,0,31,77,4730
7/8/2020,Lewis,0,31,56,4786
7/9/2020,Lewis,0,31,33,4819
7/10/2020,Lewis,0,31,51,4870
7/11/2020,Lewis,0,31,42,4912
7/12/2020,Lewis,0,31,103,5015
7/13/2020,Lewis,1,32,23,5038
7/14/2020,Lewis,0,32,72,5110
7/15/2020,Lewis,0,32,46,5156
7/16/2020,Lewis,0,32,78,5234
7/17/2020,Lewis,0,32,68,5302
7/18/2020,Lewis,1,33,46,5348
7/19/2020,Lewis,0,33,32,5380
7/20/2020,Lewis,0,33,76,5456
7/21/2020,Lewis,0,33,80,5536
7/22/2020,Lewis,1,34,173,5709
7/23/2020,Lewis,0,34,65,5774
7/24/2020,Lewis,0,34,99,5873
7/25/2020,Lewis,0,34,119,5992
7/26/2020,Lewis,0,34,94,6086
7/27/2020,Lewis,0,34,35,6121
7/28/2020,Lewis,0,34,55,6176
7/29/2020,Lewis,0,34,128,6304
7/30/2020,Lewis,0,34,49,6353
7/31/2020,Lewis,0,34,65,6418
8/1/2020,Lewis,1,35,55,6473
8/2/2020,Lewis,0,35,16,6489
8/3/2020,Lewis,2,37,70,6559
8/4/2020,Lewis,0,37,34,6593
8/5/2020,Lewis,2,39,100,6693
8/6/2020,Lewis,0,39,18,6711
8/7/2020,Lewis,2,41,38,6749
8/8/2020,Lewis,0,41,56,6805
8/9/2020,Lewis,0,41,16,6821
8/10/2020,Lewis,4,45,111,6932
8/11/2020,Lewis,1,46,61,6993
8/12/2020,Lewis,1,47,48,7041
8/13/2020,Lewis,0,47,36,7077
8/14/2020,Lewis,0,47,106,7183
8/15/2020,Lewis,0,47,82,7265
8/16/2020,Lewis,0,47,14,7279
8/17/2020,Lewis,0,47,45,7324
8/18/2020,Lewis,0,47,79,7403
8/19/2020,Lewis,0,47,71,7474
8/20/2020,Lewis,0,47,76,7550
8/21/2020,Lewis,0,47,103,7653
8/22/2020,Lewis,0,47,81,7734
8/23/2020,Lewis,0,47,23,7757
8/24/2020,Lewis,0,47,40,7797
8/25/2020,Lewis,1,48,85,7882
8/26/2020,Lewis,0,48,77,7959
8/27/2020,Lewis,0,48,75,8034
8/28/2020,Lewis,0,48,85,8119
8/29/2020,Lewis,1,49,109,8228
8/30/2020,Lewis,0,49,37,8265
8/31/2020,Lewis,0,49,66,8331
9/1/2020,Lewis,0,49,68,8399
9/2/2020,Lewis,0,49,74,8473
9/3/2020,Lewis,0,49,29,8502
9/4/2020,Lewis,0,49,42,8544
9/5/2020,Lewis,0,49,31,8575
9/6/2020,Lewis,0,49,110,8685
9/7/2020,Lewis,0,49,107,8792
9/8/2020,Lewis,1,50,35,8827
9/9/2020,Lewis,0,50,26,8853
9/10/2020,Lewis,0,50,57,8910
9/11/2020,Lewis,0,50,95,9005
9/12/2020,Lewis,0,50,54,9059
9/13/2020,Lewis,0,50,59,9118
9/14/2020,Lewis,0,50,102,9220
9/15/2020,Lewis,0,50,49,9269
9/16/2020,Lewis,0,50,57,9326
9/17/2020,Lewis,0,50,67,9393
9/18/2020,Lewis,0,50,43,9436
9/19/2020,Lewis,0,50,127,9563
9/20/2020,Lewis,0,50,70,9633
9/21/2020,Lewis,0,50,24,9657
9/22/2020,Lewis,0,50,105,9762
9/23/2020,Lewis,0,50,50,9812
9/24/2020,Lewis,0,50,70,9882
9/25/2020,Lewis,0,50,107,9989
9/26/2020,Lewis,0,50,110,10099
9/27/2020,Lewis,0,50,66,10165
9/28/2020,Lewis,0,50,49,10214
9/29/2020,Lewis,0,50,68,10282
9/30/2020,Lewis,0,50,39,10321
10/1/2020,Lewis,1,51,178,10499
10/2/2020,Lewis,0,51,121,10620
10/3/2020,Lewis,0,51,69,10689
10/4/2020,Lewis,2,53,111,10800
10/5/2020,Lewis,0,53,43,10843
10/6/2020,Lewis,0,53,203,11046
10/7/2020,Lewis,1,54,68,11114
10/8/2020,Lewis,0,54,66,11180
10/9/2020,Lewis,1,55,89,11269
10/10/2020,Lewis,0,55,117,11386
10/11/2020,Lewis,0,55,96,11482
10/12/2020,Lewis,0,55,37,11519
10/13/2020,Lewis,0,55,213,11732
10/14/2020,Lewis,0,55,48,11780
10/15/2020,Lewis,0,55,52,11832
10/16/2020,Lewis,0,55,129,11961
10/17/2020,Lewis,1,56,131,12092
10/18/2020,Lewis,0,56,36,12128
10/19/2020,Lewis,1,57,70,12198
10/20/2020,Lewis,5,62,49,12247
10/21/2020,Lewis,2,64,69,12316
10/22/2020,Lewis,4,68,102,12418
10/23/2020,Lewis,24,92,147,12565
10/24/2020,Lewis,16,108,114,12679
10/25/2020,Lewis,7,115,168,12847
10/26/2020,Lewis,5,120,123,12970
10/27/2020,Lewis,7,127,339,13309
10/28/2020,Lewis,7,134,238,13547
10/29/2020,Lewis,5,139,250,13797
10/30/2020,Lewis,7,146,357,14154
10/31/2020,Lewis,2,148,159,14313
11/1/2020,Lewis,5,153,92,14405
11/2/2020,Lewis,2,155,165,14570
11/3/2020,Lewis,10,165,109,14679
11/4/2020,Lewis,2,167,109,14788
11/5/2020,Lewis,4,171,62,14850
11/6/2020,Lewis,2,173,179,15029
11/7/2020,Lewis,7,180,145,15174
11/8/2020,Lewis,5,185,192,15366
11/9/2020,Lewis,1,186,139,15505
11/10/2020,Lewis,9,195,88,15593
11/11/2020,Lewis,15,210,165,15758
11/12/2020,Lewis,9,219,69,15827
11/13/2020,Lewis,15,234,119,15946
11/14/2020,Lewis,3,237,91,16037
3/1/2020,Livingston,0,0,0,0
3/2/2020,Livingston,0,0,0,0
3/3/2020,Livingston,0,0,0,0
3/4/2020,Livingston,0,0,0,0
3/5/2020,Livingston,0,0,0,0
3/6/2020,Livingston,0,0,0,0
3/7/2020,Livingston,0,0,0,0
3/8/2020,Livingston,0,0,0,0
3/9/2020,Livingston,0,0,0,0
3/10/2020,Livingston,0,0,1,1
3/11/2020,Livingston,0,0,0,1
3/12/2020,Livingston,0,0,0,1
3/13/2020,Livingston,0,0,0,1
3/14/2020,Livingston,0,0,0,1
3/15/2020,Livingston,0,0,0,1
3/16/2020,Livingston,0,0,0,1
3/17/2020,Livingston,0,0,4,5
3/18/2020,Livingston,0,0,5,10
3/19/2020,Livingston,1,1,11,21
3/20/2020,Livingston,1,2,13,34
3/21/2020,Livingston,0,2,5,39
3/22/2020,Livingston,1,3,3,42
3/23/2020,Livingston,0,3,1,43
3/24/2020,Livingston,0,3,9,52
3/25/2020,Livingston,0,3,15,67
3/26/2020,Livingston,0,3,8,75
3/27/2020,Livingston,2,5,11,86
3/28/2020,Livingston,5,10,17,103
3/29/2020,Livingston,2,12,10,113
3/30/2020,Livingston,1,13,10,123
3/31/2020,Livingston,1,14,24,147
4/1/2020,Livingston,0,14,17,164
4/2/2020,Livingston,2,16,12,176
4/3/2020,Livingston,2,18,18,194
4/4/2020,Livingston,1,19,27,221
4/5/2020,Livingston,3,22,14,235
4/6/2020,Livingston,1,23,18,253
4/7/2020,Livingston,2,25,23,276
4/8/2020,Livingston,1,26,17,293
4/9/2020,Livingston,3,29,26,319
4/10/2020,Livingston,1,30,7,326
4/11/2020,Livingston,0,30,6,332
4/12/2020,Livingston,0,30,5,337
4/13/2020,Livingston,1,31,20,357
4/14/2020,Livingston,0,31,8,365
4/15/2020,Livingston,1,32,8,373
4/16/2020,Livingston,2,34,18,391
4/17/2020,Livingston,3,37,20,411
4/18/2020,Livingston,2,39,30,441
4/19/2020,Livingston,0,39,7,448
4/20/2020,Livingston,0,39,21,469
4/21/2020,Livingston,0,39,15,484
4/22/2020,Livingston,2,41,22,506
4/23/2020,Livingston,3,44,54,560
4/24/2020,Livingston,14,58,295,855
4/25/2020,Livingston,2,60,61,916
4/26/2020,Livingston,2,62,15,931
4/27/2020,Livingston,3,65,24,955
4/28/2020,Livingston,2,67,36,991
4/29/2020,Livingston,2,69,34,1025
4/30/2020,Livingston,4,73,43,1068
5/1/2020,Livingston,3,76,44,1112
5/2/2020,Livingston,7,83,52,1164
5/3/2020,Livingston,2,85,26,1190
5/4/2020,Livingston,1,86,52,1242
5/5/2020,Livingston,3,89,52,1294
5/6/2020,Livingston,6,95,100,1394
5/7/2020,Livingston,5,100,56,1450
5/8/2020,Livingston,1,101,49,1499
5/9/2020,Livingston,1,102,58,1557
5/10/2020,Livingston,0,102,46,1603
5/11/2020,Livingston,0,102,180,1783
5/12/2020,Livingston,1,103,197,1980
5/13/2020,Livingston,3,106,113,2093
5/14/2020,Livingston,0,106,76,2169
5/15/2020,Livingston,1,107,75,2244
5/16/2020,Livingston,3,110,77,2321
5/17/2020,Livingston,0,110,50,2371
5/18/2020,Livingston,1,111,67,2438
5/19/2020,Livingston,0,111,95,2533
5/20/2020,Livingston,3,114,105,2638
5/21/2020,Livingston,0,114,75,2713
5/22/2020,Livingston,0,114,84,2797
5/23/2020,Livingston,0,114,65,2862
5/24/2020,Livingston,1,115,196,3058
5/25/2020,Livingston,3,118,74,3132
5/26/2020,Livingston,0,118,69,3201
5/27/2020,Livingston,0,118,129,3330
5/28/2020,Livingston,0,118,122,3452
5/29/2020,Livingston,0,118,107,3559
5/30/2020,Livingston,1,119,128,3687
5/31/2020,Livingston,0,119,136,3823
6/1/2020,Livingston,0,119,218,4041
6/2/2020,Livingston,1,120,233,4274
6/3/2020,Livingston,0,120,172,4446
6/4/2020,Livingston,1,121,263,4709
6/5/2020,Livingston,0,121,167,4876
6/6/2020,Livingston,0,121,133,5009
6/7/2020,Livingston,0,121,177,5186
6/8/2020,Livingston,0,121,122,5308
6/9/2020,Livingston,0,121,216,5524
6/10/2020,Livingston,0,121,162,5686
6/11/2020,Livingston,0,121,237,5923
6/12/2020,Livingston,1,122,239,6162
6/13/2020,Livingston,1,123,135,6297
6/14/2020,Livingston,0,123,171,6468
6/15/2020,Livingston,0,123,111,6579
6/16/2020,Livingston,0,123,292,6871
6/17/2020,Livingston,0,123,171,7042
6/18/2020,Livingston,0,123,268,7310
6/19/2020,Livingston,0,123,109,7419
6/20/2020,Livingston,0,123,95,7514
6/21/2020,Livingston,1,124,108,7622
6/22/2020,Livingston,1,125,134,7756
6/23/2020,Livingston,0,125,130,7886
6/24/2020,Livingston,1,126,105,7991
6/25/2020,Livingston,0,126,254,8245
6/26/2020,Livingston,0,126,122,8367
6/27/2020,Livingston,2,128,86,8453
6/28/2020,Livingston,0,128,91,8544
6/29/2020,Livingston,1,129,165,8709
6/30/2020,Livingston,1,130,148,8857
7/1/2020,Livingston,0,130,273,9130
7/2/2020,Livingston,0,130,109,9239
7/3/2020,Livingston,1,131,175,9414
7/4/2020,Livingston,1,132,127,9541
7/5/2020,Livingston,1,133,133,9674
7/6/2020,Livingston,1,134,113,9787
7/7/2020,Livingston,3,137,161,9948
7/8/2020,Livingston,3,140,140,10088
7/9/2020,Livingston,4,144,126,10214
7/10/2020,Livingston,1,145,163,10377
7/11/2020,Livingston,2,147,203,10580
7/12/2020,Livingston,0,147,119,10699
7/13/2020,Livingston,4,151,170,10869
7/14/2020,Livingston,0,151,144,11013
7/15/2020,Livingston,2,153,171,11184
7/16/2020,Livingston,2,155,189,11373
7/17/2020,Livingston,2,157,246,11619
7/18/2020,Livingston,1,158,203,11822
7/19/2020,Livingston,1,159,111,11933
7/20/2020,Livingston,1,160,144,12077
7/21/2020,Livingston,1,161,175,12252
7/22/2020,Livingston,0,161,263,12515
7/23/2020,Livingston,0,161,167,12682
7/24/2020,Livingston,1,162,201,12883
7/25/2020,Livingston,0,162,240,13123
7/26/2020,Livingston,0,162,232,13355
7/27/2020,Livingston,0,162,162,13517
7/28/2020,Livingston,1,163,178,13695
7/29/2020,Livingston,1,164,201,13896
7/30/2020,Livingston,1,165,375,14271
7/31/2020,Livingston,1,166,246,14517
8/1/2020,Livingston,1,167,130,14647
8/2/2020,Livingston,0,167,141,14788
8/3/2020,Livingston,3,170,109,14897
8/4/2020,Livingston,1,171,169,15066
8/5/2020,Livingston,2,173,222,15288
8/6/2020,Livingston,1,174,321,15609
8/7/2020,Livingston,2,176,172,15781
8/8/2020,Livingston,0,176,174,15955
8/9/2020,Livingston,0,176,185,16140
8/10/2020,Livingston,0,176,146,16286
8/11/2020,Livingston,0,176,188,16474
8/12/2020,Livingston,0,176,249,16723
8/13/2020,Livingston,2,178,290,17013
8/14/2020,Livingston,0,178,223,17236
8/15/2020,Livingston,0,178,199,17435
8/16/2020,Livingston,0,178,105,17540
8/17/2020,Livingston,0,178,183,17723
8/18/2020,Livingston,0,178,160,17883
8/19/2020,Livingston,0,178,144,18027
8/20/2020,Livingston,0,178,424,18451
8/21/2020,Livingston,1,179,188,18639
8/22/2020,Livingston,1,180,255,18894
8/23/2020,Livingston,0,180,185,19079
8/24/2020,Livingston,1,181,133,19212
8/25/2020,Livingston,0,181,195,19407
8/26/2020,Livingston,0,181,167,19574
8/27/2020,Livingston,0,181,253,19827
8/28/2020,Livingston,1,182,238,20065
8/29/2020,Livingston,0,182,223,20288
8/30/2020,Livingston,1,183,94,20382
8/31/2020,Livingston,0,183,143,20525
9/1/2020,Livingston,1,184,141,20666
9/2/2020,Livingston,3,187,152,20818
9/3/2020,Livingston,1,188,146,20964
9/4/2020,Livingston,0,188,289,21253
9/5/2020,Livingston,1,189,200,21453
9/6/2020,Livingston,0,189,141,21594
9/7/2020,Livingston,0,189,78,21672
9/8/2020,Livingston,1,190,169,21841
9/9/2020,Livingston,0,190,102,21943
9/10/2020,Livingston,0,190,54,21997
9/11/2020,Livingston,4,194,177,22174
9/12/2020,Livingston,2,196,91,22265
9/13/2020,Livingston,0,196,178,22443
9/14/2020,Livingston,0,196,229,22672
9/15/2020,Livingston,1,197,270,22942
9/16/2020,Livingston,2,199,239,23181
9/17/2020,Livingston,2,201,450,23631
9/18/2020,Livingston,0,201,209,23840
9/19/2020,Livingston,0,201,418,24258
9/20/2020,Livingston,0,201,157,24415
9/21/2020,Livingston,1,202,376,24791
9/22/2020,Livingston,0,202,151,24942
9/23/2020,Livingston,3,205,227,25169
9/24/2020,Livingston,1,206,288,25457
9/25/2020,Livingston,1,207,203,25660
9/26/2020,Livingston,0,207,205,25865
9/27/2020,Livingston,0,207,158,26023
9/28/2020,Livingston,0,207,160,26183
9/29/2020,Livingston,1,208,598,26781
9/30/2020,Livingston,0,208,464,27245
10/1/2020,Livingston,1,209,357,27602
10/2/2020,Livingston,1,210,230,27832
10/3/2020,Livingston,1,211,181,28013
10/4/2020,Livingston,0,211,97,28110
10/5/2020,Livingston,1,212,305,28415
10/6/2020,Livingston,1,213,556,28971
10/7/2020,Livingston,3,216,196,29167
10/8/2020,Livingston,3,219,643,29810
10/9/2020,Livingston,0,219,218,30028
10/10/2020,Livingston,3,222,297,30325
10/11/2020,Livingston,3,225,223,30548
10/12/2020,Livingston,2,227,235,30783
10/13/2020,Livingston,0,227,453,31236
10/14/2020,Livingston,5,232,205,31441
10/15/2020,Livingston,2,234,218,31659
10/16/2020,Livingston,5,239,373,32032
10/17/2020,Livingston,0,239,170,32202
10/18/2020,Livingston,4,243,249,32451
10/19/2020,Livingston,7,250,315,32766
10/20/2020,Livingston,6,256,174,32940
10/21/2020,Livingston,5,261,569,33509
10/22/2020,Livingston,5,266,285,33794
10/23/2020,Livingston,6,272,343,34137
10/24/2020,Livingston,8,280,269,34406
10/25/2020,Livingston,18,298,237,34643
10/26/2020,Livingston,5,303,223,34866
10/27/2020,Livingston,2,305,175,35041
10/28/2020,Livingston,8,313,1042,36083
10/29/2020,Livingston,14,327,386,36469
10/30/2020,Livingston,5,332,330,36799
10/31/2020,Livingston,18,350,211,37010
11/1/2020,Livingston,6,356,267,37277
11/2/2020,Livingston,3,359,271,37548
11/3/2020,Livingston,9,368,647,38195
11/4/2020,Livingston,7,375,447,38642
11/5/2020,Livingston,18,393,922,39564
11/6/2020,Livingston,9,402,999,40563
11/7/2020,Livingston,4,406,582,41145
11/8/2020,Livingston,2,408,109,41254
11/9/2020,Livingston,24,432,724,41978
11/10/2020,Livingston,11,443,693,42671
11/11/2020,Livingston,8,451,242,42913
11/12/2020,Livingston,15,466,613,43526
11/13/2020,Livingston,15,481,458,43984
11/14/2020,Livingston,7,488,187,44171
3/1/2020,Madison,0,0,0,0
3/2/2020,Madison,0,0,0,0
3/3/2020,Madison,0,0,0,0
3/4/2020,Madison,0,0,0,0
3/5/2020,Madison,0,0,0,0
3/6/2020,Madison,0,0,0,0
3/7/2020,Madison,0,0,0,0
3/8/2020,Madison,0,0,0,0
3/9/2020,Madison,0,0,0,0
3/10/2020,Madison,0,0,0,0
3/11/2020,Madison,0,0,0,0
3/12/2020,Madison,0,0,0,0
3/13/2020,Madison,0,0,1,1
3/14/2020,Madison,0,0,1,2
3/15/2020,Madison,0,0,1,3
3/16/2020,Madison,0,0,1,4
3/17/2020,Madison,0,0,0,4
3/18/2020,Madison,0,0,7,11
3/19/2020,Madison,0,0,4,15
3/20/2020,Madison,0,0,9,24
3/21/2020,Madison,1,1,9,33
3/22/2020,Madison,3,4,14,47
3/23/2020,Madison,1,5,10,57
3/24/2020,Madison,2,7,15,72
3/25/2020,Madison,2,9,28,100
3/26/2020,Madison,8,17,23,123
3/27/2020,Madison,2,19,28,151
3/28/2020,Madison,5,24,34,185
3/29/2020,Madison,10,34,30,215
3/30/2020,Madison,7,41,39,254
3/31/2020,Madison,10,51,55,309
4/1/2020,Madison,9,60,67,376
4/2/2020,Madison,10,70,70,446
4/3/2020,Madison,4,74,20,466
4/4/2020,Madison,5,79,28,494
4/5/2020,Madison,3,82,13,507
4/6/2020,Madison,6,88,64,571
4/7/2020,Madison,2,90,43,614
4/8/2020,Madison,1,91,12,626
4/9/2020,Madison,8,99,54,680
4/10/2020,Madison,0,99,7,687
4/11/2020,Madison,2,101,9,696
4/12/2020,Madison,0,101,7,703
4/13/2020,Madison,3,104,50,753
4/14/2020,Madison,1,105,4,757
4/15/2020,Madison,0,105,7,764
4/16/2020,Madison,0,105,2,766
4/17/2020,Madison,0,105,6,772
4/18/2020,Madison,1,106,7,779
4/19/2020,Madison,0,106,4,783
4/20/2020,Madison,0,106,1,784
4/21/2020,Madison,0,106,3,787
4/22/2020,Madison,0,106,7,794
4/23/2020,Madison,0,106,4,798
4/24/2020,Madison,15,121,294,1092
4/25/2020,Madison,2,123,22,1114
4/26/2020,Madison,1,124,16,1130
4/27/2020,Madison,2,126,26,1156
4/28/2020,Madison,0,126,47,1203
4/29/2020,Madison,5,131,12,1215
4/30/2020,Madison,8,139,51,1266
5/1/2020,Madison,10,149,54,1320
5/2/2020,Madison,2,151,26,1346
5/3/2020,Madison,66,217,141,1487
5/4/2020,Madison,6,223,43,1530
5/5/2020,Madison,8,231,192,1722
5/6/2020,Madison,15,246,204,1926
5/7/2020,Madison,3,249,95,2021
5/8/2020,Madison,1,250,50,2071
5/9/2020,Madison,1,251,37,2108
5/10/2020,Madison,0,251,23,2131
5/11/2020,Madison,0,251,17,2148
5/12/2020,Madison,2,253,79,2227
5/13/2020,Madison,2,255,61,2288
5/14/2020,Madison,1,256,30,2318
5/15/2020,Madison,2,258,53,2371
5/16/2020,Madison,0,258,56,2427
5/17/2020,Madison,0,258,44,2471
5/18/2020,Madison,2,260,103,2574
5/19/2020,Madison,32,292,201,2775
5/20/2020,Madison,2,294,101,2876
5/21/2020,Madison,3,297,135,3011
5/22/2020,Madison,4,301,200,3211
5/23/2020,Madison,0,301,105,3316
5/24/2020,Madison,2,303,67,3383
5/25/2020,Madison,0,303,179,3562
5/26/2020,Madison,7,310,330,3892
5/27/2020,Madison,0,310,67,3959
5/28/2020,Madison,0,310,141,4100
5/29/2020,Madison,1,311,187,4287
5/30/2020,Madison,5,316,316,4603
5/31/2020,Madison,0,316,138,4741
6/1/2020,Madison,1,317,98,4839
6/2/2020,Madison,2,319,222,5061
6/3/2020,Madison,0,319,242,5303
6/4/2020,Madison,4,323,279,5582
6/5/2020,Madison,2,325,336,5918
6/6/2020,Madison,2,327,123,6041
6/7/2020,Madison,0,327,148,6189
6/8/2020,Madison,4,331,157,6346
6/9/2020,Madison,0,331,418,6764
6/10/2020,Madison,2,333,234,6998
6/11/2020,Madison,0,333,184,7182
6/12/2020,Madison,0,333,121,7303
6/13/2020,Madison,1,334,297,7600
6/14/2020,Madison,1,335,78,7678
6/15/2020,Madison,1,336,191,7869
6/16/2020,Madison,2,338,104,7973
6/17/2020,Madison,3,341,186,8159
6/18/2020,Madison,1,342,253,8412
6/19/2020,Madison,1,343,242,8654
6/20/2020,Madison,2,345,137,8791
6/21/2020,Madison,2,347,126,8917
6/22/2020,Madison,0,347,204,9121
6/23/2020,Madison,0,347,194,9315
6/24/2020,Madison,2,349,174,9489
6/25/2020,Madison,2,351,278,9767
6/26/2020,Madison,0,351,229,9996
6/27/2020,Madison,1,352,90,10086
6/28/2020,Madison,1,353,130,10216
6/29/2020,Madison,4,357,123,10339
6/30/2020,Madison,0,357,233,10572
7/1/2020,Madison,2,359,188,10760
7/2/2020,Madison,1,360,148,10908
7/3/2020,Madison,3,363,182,11090
7/4/2020,Madison,0,363,111,11201
7/5/2020,Madison,1,364,96,11297
7/6/2020,Madison,3,367,255,11552
7/7/2020,Madison,1,368,307,11859
7/8/2020,Madison,0,368,189,12048
7/9/2020,Madison,3,371,144,12192
7/10/2020,Madison,3,374,159,12351
7/11/2020,Madison,0,374,121,12472
7/12/2020,Madison,1,375,331,12803
7/13/2020,Madison,1,376,214,13017
7/14/2020,Madison,0,376,255,13272
7/15/2020,Madison,1,377,221,13493
7/16/2020,Madison,2,379,206,13699
7/17/2020,Madison,3,382,256,13955
7/18/2020,Madison,1,383,70,14025
7/19/2020,Madison,1,384,186,14211
7/20/2020,Madison,3,387,197,14408
7/21/2020,Madison,1,388,286,14694
7/22/2020,Madison,0,388,163,14857
7/23/2020,Madison,2,390,406,15263
7/24/2020,Madison,0,390,152,15415
7/25/2020,Madison,0,390,185,15600
7/26/2020,Madison,0,390,120,15720
7/27/2020,Madison,1,391,156,15876
7/28/2020,Madison,2,393,304,16180
7/29/2020,Madison,3,396,162,16342
7/30/2020,Madison,2,398,250,16592
7/31/2020,Madison,1,399,187,16779
8/1/2020,Madison,1,400,142,16921
8/2/2020,Madison,1,401,80,17001
8/3/2020,Madison,4,405,282,17283
8/4/2020,Madison,1,406,202,17485
8/5/2020,Madison,3,409,238,17723
8/6/2020,Madison,3,412,374,18097
8/7/2020,Madison,0,412,122,18219
8/8/2020,Madison,0,412,107,18326
8/9/2020,Madison,0,412,78,18404
8/10/2020,Madison,1,413,462,18866
8/11/2020,Madison,1,414,323,19189
8/12/2020,Madison,3,417,125,19314
8/13/2020,Madison,2,419,340,19654
8/14/2020,Madison,2,421,268,19922
8/15/2020,Madison,0,421,149,20071
8/16/2020,Madison,0,421,147,20218
8/17/2020,Madison,2,423,302,20520
8/18/2020,Madison,1,424,256,20776
8/19/2020,Madison,0,424,228,21004
8/20/2020,Madison,7,431,1008,22012
8/21/2020,Madison,1,432,473,22485
8/22/2020,Madison,0,432,111,22596
8/23/2020,Madison,0,432,140,22736
8/24/2020,Madison,2,434,468,23204
8/25/2020,Madison,1,435,236,23440
8/26/2020,Madison,4,439,546,23986
8/27/2020,Madison,17,456,1671,25657
8/28/2020,Madison,3,459,993,26650
8/29/2020,Madison,2,461,197,26847
8/30/2020,Madison,0,461,247,27094
8/31/2020,Madison,0,461,272,27366
9/1/2020,Madison,0,461,206,27572
9/2/2020,Madison,6,467,1767,29339
9/3/2020,Madison,7,474,1108,30447
9/4/2020,Madison,0,474,295,30742
9/5/2020,Madison,0,474,255,30997
9/6/2020,Madison,1,475,77,31074
9/7/2020,Madison,0,475,149,31223
9/8/2020,Madison,0,475,304,31527
9/9/2020,Madison,0,475,97,31624
9/10/2020,Madison,1,476,362,31986
9/11/2020,Madison,2,478,341,32327
9/12/2020,Madison,0,478,260,32587
9/13/2020,Madison,0,478,94,32681
9/14/2020,Madison,2,480,126,32807
9/15/2020,Madison,0,480,362,33169
9/16/2020,Madison,0,480,164,33333
9/17/2020,Madison,4,484,318,33651
9/18/2020,Madison,2,486,284,33935
9/19/2020,Madison,1,487,301,34236
9/20/2020,Madison,1,488,110,34346
9/21/2020,Madison,1,489,124,34470
9/22/2020,Madison,0,489,389,34859
9/23/2020,Madison,3,492,375,35234
9/24/2020,Madison,0,492,251,35485
9/25/2020,Madison,1,493,386,35871
9/26/2020,Madison,0,493,198,36069
9/27/2020,Madison,0,493,155,36224
9/28/2020,Madison,4,497,288,36512
9/29/2020,Madison,0,497,484,36996
9/30/2020,Madison,1,498,370,37366
10/1/2020,Madison,3,501,367,37733
10/2/2020,Madison,2,503,476,38209
10/3/2020,Madison,0,503,140,38349
10/4/2020,Madison,0,503,94,38443
10/5/2020,Madison,2,505,241,38684
10/6/2020,Madison,0,505,469,39153
10/7/2020,Madison,0,505,448,39601
10/8/2020,Madison,4,509,523,40124
10/9/2020,Madison,0,509,377,40501
10/10/2020,Madison,2,511,211,40712
10/11/2020,Madison,0,511,134,40846
10/12/2020,Madison,4,515,376,41222
10/13/2020,Madison,2,517,297,41519
10/14/2020,Madison,4,521,638,42157
10/15/2020,Madison,7,528,396,42553
10/16/2020,Madison,3,531,520,43073
10/17/2020,Madison,2,533,211,43284
10/18/2020,Madison,3,536,123,43407
10/19/2020,Madison,1,537,421,43828
10/20/2020,Madison,4,541,691,44519
10/21/2020,Madison,4,545,512,45031
10/22/2020,Madison,7,552,552,45583
10/23/2020,Madison,5,557,472,46055
10/24/2020,Madison,2,559,212,46267
10/25/2020,Madison,0,559,99,46366
10/26/2020,Madison,4,563,279,46645
10/27/2020,Madison,2,565,444,47089
10/28/2020,Madison,5,570,351,47440
10/29/2020,Madison,7,577,531,47971
10/30/2020,Madison,7,584,521,48492
10/31/2020,Madison,9,593,241,48733
11/1/2020,Madison,4,597,176,48909
11/2/2020,Madison,4,601,314,49223
11/3/2020,Madison,8,609,302,49525
11/4/2020,Madison,7,616,722,50247
11/5/2020,Madison,11,627,573,50820
11/6/2020,Madison,16,643,515,51335
11/7/2020,Madison,9,652,287,51622
11/8/2020,Madison,6,658,209,51831
11/9/2020,Madison,8,666,334,52165
11/10/2020,Madison,6,672,798,52963
11/11/2020,Madison,12,684,1399,54362
11/12/2020,Madison,12,696,569,54931
11/13/2020,Madison,13,709,517,55448
11/14/2020,Madison,9,718,194,55642
3/1/2020,Monroe,0,0,0,0
3/2/2020,Monroe,0,0,0,0
3/3/2020,Monroe,0,0,0,0
3/4/2020,Monroe,0,0,0,0
3/5/2020,Monroe,0,0,0,0
3/6/2020,Monroe,0,0,0,0
3/7/2020,Monroe,0,0,2,2
3/8/2020,Monroe,0,0,1,3
3/9/2020,Monroe,0,0,0,3
3/10/2020,Monroe,0,0,0,3
3/11/2020,Monroe,0,0,0,3
3/12/2020,Monroe,1,1,10,13
3/13/2020,Monroe,1,2,4,17
3/14/2020,Monroe,0,2,2,19
3/15/2020,Monroe,7,9,39,58
3/16/2020,Monroe,1,10,29,87
3/17/2020,Monroe,4,14,75,162
3/18/2020,Monroe,13,27,153,315
3/19/2020,Monroe,5,32,193,508
3/20/2020,Monroe,10,42,148,656
3/21/2020,Monroe,15,57,246,902
3/22/2020,Monroe,19,76,416,1318
3/23/2020,Monroe,20,96,219,1537
3/24/2020,Monroe,22,118,172,1709
3/25/2020,Monroe,21,139,255,1964
3/26/2020,Monroe,21,160,232,2196
3/27/2020,Monroe,32,192,253,2449
3/28/2020,Monroe,27,219,282,2731
3/29/2020,Monroe,23,242,129,2860
3/30/2020,Monroe,50,292,383,3243
3/31/2020,Monroe,57,349,356,3599
4/1/2020,Monroe,71,420,381,3980
4/2/2020,Monroe,44,464,336,4316
4/3/2020,Monroe,48,512,328,4644
4/4/2020,Monroe,36,548,277,4921
4/5/2020,Monroe,26,574,225,5146
4/6/2020,Monroe,22,596,305,5451
4/7/2020,Monroe,55,651,420,5871
4/8/2020,Monroe,47,698,382,6253
4/9/2020,Monroe,44,742,380,6633
4/10/2020,Monroe,25,767,284,6917
4/11/2020,Monroe,31,798,220,7137
4/12/2020,Monroe,25,823,157,7294
4/13/2020,Monroe,27,850,304,7598
4/14/2020,Monroe,34,884,353,7951
4/15/2020,Monroe,48,932,259,8210
4/16/2020,Monroe,43,975,296,8506
4/17/2020,Monroe,33,1008,260,8766
4/18/2020,Monroe,24,1032,202,8968
4/19/2020,Monroe,22,1054,188,9156
4/20/2020,Monroe,16,1070,229,9385
4/21/2020,Monroe,42,1112,409,9794
4/22/2020,Monroe,40,1152,500,10294
4/23/2020,Monroe,47,1199,470,10764
4/24/2020,Monroe,86,1285,1134,11898
4/25/2020,Monroe,31,1316,341,12239
4/26/2020,Monroe,15,1331,234,12473
4/27/2020,Monroe,40,1371,543,13016
4/28/2020,Monroe,33,1404,530,13546
4/29/2020,Monroe,37,1441,469,14015
4/30/2020,Monroe,37,1478,579,14594
5/1/2020,Monroe,56,1534,520,15114
5/2/2020,Monroe,32,1566,571,15685
5/3/2020,Monroe,29,1595,914,16599
5/4/2020,Monroe,28,1623,721,17320
5/5/2020,Monroe,32,1655,842,18162
5/6/2020,Monroe,33,1688,1088,19250
5/7/2020,Monroe,47,1735,1042,20292
5/8/2020,Monroe,40,1775,1114,21406
5/9/2020,Monroe,46,1821,1148,22554
5/10/2020,Monroe,29,1850,864,23418
5/11/2020,Monroe,40,1890,797,24215
5/12/2020,Monroe,69,1959,1423,25638
5/13/2020,Monroe,60,2019,1401,27039
5/14/2020,Monroe,72,2091,1332,28371
5/15/2020,Monroe,101,2192,1427,29798
5/16/2020,Monroe,66,2258,1508,31306
5/17/2020,Monroe,45,2303,1324,32630
5/18/2020,Monroe,73,2376,1304,33934
5/19/2020,Monroe,89,2465,2033,35967
5/20/2020,Monroe,65,2530,1852,37819
5/21/2020,Monroe,71,2601,2061,39880
5/22/2020,Monroe,60,2661,1198,41078
5/23/2020,Monroe,36,2697,846,41924
5/24/2020,Monroe,36,2733,1729,43653
5/25/2020,Monroe,29,2762,1595,45248
5/26/2020,Monroe,29,2791,1297,46545
5/27/2020,Monroe,33,2824,1632,48177
5/28/2020,Monroe,36,2860,1127,49304
5/29/2020,Monroe,49,2909,1322,50626
5/30/2020,Monroe,33,2942,2828,53454
5/31/2020,Monroe,22,2964,1994,55448
6/1/2020,Monroe,25,2989,2340,57788
6/2/2020,Monroe,59,3048,3979,61767
6/3/2020,Monroe,33,3081,2854,64621
6/4/2020,Monroe,36,3117,2438,67059
6/5/2020,Monroe,50,3167,4685,71744
6/6/2020,Monroe,23,3190,3231,74975
6/7/2020,Monroe,13,3203,2881,77856
6/8/2020,Monroe,40,3243,3245,81101
6/9/2020,Monroe,12,3255,2985,84086
6/10/2020,Monroe,38,3293,2680,86766
6/11/2020,Monroe,27,3320,3200,89966
6/12/2020,Monroe,20,3340,2748,92714
6/13/2020,Monroe,30,3370,3306,96020
6/14/2020,Monroe,10,3380,2541,98561
6/15/2020,Monroe,22,3402,2556,101117
6/16/2020,Monroe,16,3418,2668,103785
6/17/2020,Monroe,21,3439,1704,105489
6/18/2020,Monroe,22,3461,1725,107214
6/19/2020,Monroe,26,3487,2028,109242
6/20/2020,Monroe,11,3498,2118,111360
6/21/2020,Monroe,14,3512,1708,113068
6/22/2020,Monroe,28,3540,2314,115382
6/23/2020,Monroe,27,3567,1882,117264
6/24/2020,Monroe,35,3602,2174,119438
6/25/2020,Monroe,39,3641,2194,121632
6/26/2020,Monroe,35,3676,2250,123882
6/27/2020,Monroe,14,3690,2107,125989
6/28/2020,Monroe,19,3709,2132,128121
6/29/2020,Monroe,33,3742,2744,130865
6/30/2020,Monroe,38,3780,2184,133049
7/1/2020,Monroe,53,3833,2715,135764
7/2/2020,Monroe,52,3885,2605,138369
7/3/2020,Monroe,37,3922,4769,143138
7/4/2020,Monroe,31,3953,2830,145968
7/5/2020,Monroe,21,3974,1765,147733
7/6/2020,Monroe,30,4004,2481,150214
7/7/2020,Monroe,42,4046,2511,152725
7/8/2020,Monroe,28,4074,2744,155469
7/9/2020,Monroe,46,4120,2501,157970
7/10/2020,Monroe,33,4153,2660,160630
7/11/2020,Monroe,24,4177,2666,163296
7/12/2020,Monroe,23,4200,2037,165333
7/13/2020,Monroe,47,4247,3260,168593
7/14/2020,Monroe,34,4281,2854,171447
7/15/2020,Monroe,36,4317,3270,174717
7/16/2020,Monroe,36,4353,3172,177889
7/17/2020,Monroe,30,4383,3061,180950
7/18/2020,Monroe,18,4401,1762,182712
7/19/2020,Monroe,21,4422,2383,185095
7/20/2020,Monroe,30,4452,3247,188342
7/21/2020,Monroe,40,4492,2772,191114
7/22/2020,Monroe,19,4511,2471,193585
7/23/2020,Monroe,26,4537,3625,197210
7/24/2020,Monroe,32,4569,2654,199864
7/25/2020,Monroe,22,4591,2611,202475
7/26/2020,Monroe,29,4620,2887,205362
7/27/2020,Monroe,12,4632,3058,208420
7/28/2020,Monroe,24,4656,3644,212064
7/29/2020,Monroe,21,4677,2914,214978
7/30/2020,Monroe,33,4710,3785,218763
7/31/2020,Monroe,32,4742,2971,221734
8/1/2020,Monroe,26,4768,2679,224413
8/2/2020,Monroe,22,4790,2384,226797
8/3/2020,Monroe,31,4821,2308,229105
8/4/2020,Monroe,20,4841,3199,232304
8/5/2020,Monroe,27,4868,3627,235931
8/6/2020,Monroe,33,4901,3410,239341
8/7/2020,Monroe,21,4922,2608,241949
8/8/2020,Monroe,34,4956,3016,244965
8/9/2020,Monroe,20,4976,2581,247546
8/10/2020,Monroe,26,5002,3833,251379
8/11/2020,Monroe,33,5035,4321,255700
8/12/2020,Monroe,44,5079,5806,261506
8/13/2020,Monroe,43,5122,4457,265963
8/14/2020,Monroe,21,5143,4144,270107
8/15/2020,Monroe,22,5165,3599,273706
8/16/2020,Monroe,18,5183,2882,276588
8/17/2020,Monroe,30,5213,3645,280233
8/18/2020,Monroe,28,5241,3503,283736
8/19/2020,Monroe,15,5256,2807,286543
8/20/2020,Monroe,17,5273,4549,291092
8/21/2020,Monroe,24,5297,3649,294741
8/22/2020,Monroe,20,5317,3748,298489
8/23/2020,Monroe,13,5330,3752,302241
8/24/2020,Monroe,18,5348,2776,305017
8/25/2020,Monroe,16,5364,3000,308017
8/26/2020,Monroe,21,5385,2660,310677
8/27/2020,Monroe,13,5398,3205,313882
8/28/2020,Monroe,24,5422,3274,317156
8/29/2020,Monroe,21,5443,3244,320400
8/30/2020,Monroe,9,5452,2301,322701
8/31/2020,Monroe,10,5462,2325,325026
9/1/2020,Monroe,6,5468,2483,327509
9/2/2020,Monroe,34,5502,3345,330854
9/3/2020,Monroe,27,5529,3118,333972
9/4/2020,Monroe,22,5551,3310,337282
9/5/2020,Monroe,21,5572,3245,340527
9/6/2020,Monroe,13,5585,2535,343062
9/7/2020,Monroe,17,5602,2068,345130
9/8/2020,Monroe,13,5615,2543,347673
9/9/2020,Monroe,33,5648,2860,350533
9/10/2020,Monroe,28,5676,1976,352509
9/11/2020,Monroe,36,5712,3722,356231
9/12/2020,Monroe,15,5727,2553,358784
9/13/2020,Monroe,37,5764,3760,362544
9/14/2020,Monroe,29,5793,2933,365477
9/15/2020,Monroe,16,5809,2678,368155
9/16/2020,Monroe,30,5839,3927,372082
9/17/2020,Monroe,18,5857,3330,375412
9/18/2020,Monroe,19,5876,4380,379792
9/19/2020,Monroe,18,5894,3621,383413
9/20/2020,Monroe,17,5911,1855,385268
9/21/2020,Monroe,14,5925,3498,388766
9/22/2020,Monroe,15,5940,2959,391725
9/23/2020,Monroe,30,5970,3426,395151
9/24/2020,Monroe,15,5985,3473,398624
9/25/2020,Monroe,17,6002,4000,402624
9/26/2020,Monroe,24,6026,3194,405818
9/27/2020,Monroe,19,6045,2246,408064
9/28/2020,Monroe,29,6074,2901,410965
9/29/2020,Monroe,11,6085,4323,415288
9/30/2020,Monroe,36,6121,4670,419958
10/1/2020,Monroe,39,6160,3116,423074
10/2/2020,Monroe,26,6186,3983,427057
10/3/2020,Monroe,20,6206,2865,429922
10/4/2020,Monroe,14,6220,1451,431373
10/5/2020,Monroe,28,6248,4277,435650
10/6/2020,Monroe,18,6266,4216,439866
10/7/2020,Monroe,50,6316,3366,443232
10/8/2020,Monroe,33,6349,4287,447519
10/9/2020,Monroe,38,6387,4004,451523
10/10/2020,Monroe,34,6421,4015,455538
10/11/2020,Monroe,32,6453,3867,459405
10/12/2020,Monroe,37,6490,3713,463118
10/13/2020,Monroe,26,6516,4189,467307
10/14/2020,Monroe,56,6572,3748,471055
10/15/2020,Monroe,56,6628,3526,474581
10/16/2020,Monroe,43,6671,4877,479458
10/17/2020,Monroe,36,6707,3486,482944
10/18/2020,Monroe,37,6744,2606,485550
10/19/2020,Monroe,54,6798,4109,489659
10/20/2020,Monroe,52,6850,3269,492928
10/21/2020,Monroe,67,6917,4833,497761
10/22/2020,Monroe,75,6992,4453,502214
10/23/2020,Monroe,78,7070,4901,507115
10/24/2020,Monroe,41,7111,3243,510358
10/25/2020,Monroe,63,7174,3703,514061
10/26/2020,Monroe,82,7256,4344,518405
10/27/2020,Monroe,56,7312,3602,522007
10/28/2020,Monroe,74,7386,5031,527038
10/29/2020,Monroe,107,7493,4413,531451
10/30/2020,Monroe,103,7596,4792,536243
10/31/2020,Monroe,109,7705,4919,541162
11/1/2020,Monroe,112,7817,4323,545485
11/2/2020,Monroe,106,7923,4952,550437
11/3/2020,Monroe,102,8025,3012,553449
11/4/2020,Monroe,212,8237,4713,558162
11/5/2020,Monroe,161,8398,4536,562698
11/6/2020,Monroe,218,8616,5755,568453
11/7/2020,Monroe,208,8824,5635,574088
11/8/2020,Monroe,133,8957,2764,576852
11/9/2020,Monroe,284,9241,6957,583809
11/10/2020,Monroe,273,9514,5036,588845
11/11/2020,Monroe,249,9763,4509,593354
11/12/2020,Monroe,311,10074,6141,599495
11/13/2020,Monroe,255,10329,6077,605572
11/14/2020,Monroe,124,10453,2650,608222
3/1/2020,Montgomery,0,0,0,0
3/2/2020,Montgomery,0,0,0,0
3/3/2020,Montgomery,0,0,0,0
3/4/2020,Montgomery,0,0,0,0
3/5/2020,Montgomery,0,0,0,0
3/6/2020,Montgomery,0,0,0,0
3/7/2020,Montgomery,0,0,0,0
3/8/2020,Montgomery,0,0,0,0
3/9/2020,Montgomery,0,0,0,0
3/10/2020,Montgomery,0,0,1,1
3/11/2020,Montgomery,0,0,1,2
3/12/2020,Montgomery,0,0,0,2
3/13/2020,Montgomery,0,0,0,2
3/14/2020,Montgomery,1,1,3,5
3/15/2020,Montgomery,0,1,4,9
3/16/2020,Montgomery,0,1,1,10
3/17/2020,Montgomery,1,2,14,24
3/18/2020,Montgomery,0,2,14,38
3/19/2020,Montgomery,0,2,4,42
3/20/2020,Montgomery,1,3,27,69
3/21/2020,Montgomery,0,3,20,89
3/22/2020,Montgomery,0,3,6,95
3/23/2020,Montgomery,0,3,5,100
3/24/2020,Montgomery,1,4,5,105
3/25/2020,Montgomery,1,5,5,110
3/26/2020,Montgomery,0,5,7,117
3/27/2020,Montgomery,0,5,10,127
3/28/2020,Montgomery,1,6,6,133
3/29/2020,Montgomery,0,6,2,135
3/30/2020,Montgomery,1,7,8,143
3/31/2020,Montgomery,0,7,4,147
4/1/2020,Montgomery,1,8,10,157
4/2/2020,Montgomery,2,10,8,165
4/3/2020,Montgomery,3,13,11,176
4/4/2020,Montgomery,2,15,14,190
4/5/2020,Montgomery,0,15,8,198
4/6/2020,Montgomery,3,18,20,218
4/7/2020,Montgomery,0,18,9,227
4/8/2020,Montgomery,10,28,24,251
4/9/2020,Montgomery,1,29,13,264
4/10/2020,Montgomery,0,29,8,272
4/11/2020,Montgomery,0,29,1,273
4/12/2020,Montgomery,0,29,2,275
4/13/2020,Montgomery,3,32,56,331
4/14/2020,Montgomery,0,32,0,331
4/15/2020,Montgomery,0,32,5,336
4/16/2020,Montgomery,1,33,10,346
4/17/2020,Montgomery,1,34,4,350
4/18/2020,Montgomery,1,35,4,354
4/19/2020,Montgomery,0,35,4,358
4/20/2020,Montgomery,2,37,3,361
4/21/2020,Montgomery,1,38,3,364
4/22/2020,Montgomery,1,39,7,371
4/23/2020,Montgomery,0,39,6,377
4/24/2020,Montgomery,7,46,226,603
4/25/2020,Montgomery,1,47,35,638
4/26/2020,Montgomery,0,47,9,647
4/27/2020,Montgomery,2,49,19,666
4/28/2020,Montgomery,2,51,18,684
4/29/2020,Montgomery,2,53,14,698
4/30/2020,Montgomery,1,54,29,727
5/1/2020,Montgomery,0,54,27,754
5/2/2020,Montgomery,2,56,53,807
5/3/2020,Montgomery,0,56,19,826
5/4/2020,Montgomery,5,61,28,854
5/5/2020,Montgomery,2,63,46,900
5/6/2020,Montgomery,0,63,34,934
5/7/2020,Montgomery,1,64,36,970
5/8/2020,Montgomery,2,66,36,1006
5/9/2020,Montgomery,1,67,33,1039
5/10/2020,Montgomery,0,67,30,1069
5/11/2020,Montgomery,0,67,62,1131
5/12/2020,Montgomery,1,68,115,1246
5/13/2020,Montgomery,1,69,177,1423
5/14/2020,Montgomery,3,72,46,1469
5/15/2020,Montgomery,3,75,93,1562
5/16/2020,Montgomery,0,75,52,1614
5/17/2020,Montgomery,0,75,38,1652
5/18/2020,Montgomery,0,75,25,1677
5/19/2020,Montgomery,0,75,43,1720
5/20/2020,Montgomery,2,77,96,1816
5/21/2020,Montgomery,0,77,130,1946
5/22/2020,Montgomery,0,77,79,2025
5/23/2020,Montgomery,2,79,131,2156
5/24/2020,Montgomery,0,79,159,2315
5/25/2020,Montgomery,1,80,41,2356
5/26/2020,Montgomery,2,82,47,2403
5/27/2020,Montgomery,0,82,341,2744
5/28/2020,Montgomery,2,84,182,2926
5/29/2020,Montgomery,5,89,222,3148
5/30/2020,Montgomery,2,91,95,3243
5/31/2020,Montgomery,0,91,186,3429
6/1/2020,Montgomery,2,93,104,3533
6/2/2020,Montgomery,1,94,213,3746
6/3/2020,Montgomery,2,96,311,4057
6/4/2020,Montgomery,0,96,314,4371
6/5/2020,Montgomery,2,98,370,4741
6/6/2020,Montgomery,2,100,226,4967
6/7/2020,Montgomery,0,100,246,5213
6/8/2020,Montgomery,0,100,240,5453
6/9/2020,Montgomery,0,100,149,5602
6/10/2020,Montgomery,1,101,235,5837
6/11/2020,Montgomery,2,103,327,6164
6/12/2020,Montgomery,0,103,218,6382
6/13/2020,Montgomery,1,104,178,6560
6/14/2020,Montgomery,0,104,137,6697
6/15/2020,Montgomery,0,104,125,6822
6/16/2020,Montgomery,0,104,76,6898
6/17/2020,Montgomery,1,105,151,7049
6/18/2020,Montgomery,1,106,224,7273
6/19/2020,Montgomery,0,106,156,7429
6/20/2020,Montgomery,0,106,221,7650
6/21/2020,Montgomery,2,108,237,7887
6/22/2020,Montgomery,1,109,162,8049
6/23/2020,Montgomery,1,110,63,8112
6/24/2020,Montgomery,1,111,160,8272
6/25/2020,Montgomery,2,113,163,8435
6/26/2020,Montgomery,3,116,210,8645
6/27/2020,Montgomery,2,118,312,8957
6/28/2020,Montgomery,0,118,174,9131
6/29/2020,Montgomery,0,118,127,9258
6/30/2020,Montgomery,0,118,83,9341
7/1/2020,Montgomery,1,119,179,9520
7/2/2020,Montgomery,0,119,169,9689
7/3/2020,Montgomery,0,119,167,9856
7/4/2020,Montgomery,0,119,242,10098
7/5/2020,Montgomery,1,120,170,10268
7/6/2020,Montgomery,1,121,169,10437
7/7/2020,Montgomery,0,121,76,10513
7/8/2020,Montgomery,4,125,174,10687
7/9/2020,Montgomery,3,128,202,10889
7/10/2020,Montgomery,2,130,202,11091
7/11/2020,Montgomery,2,132,229,11320
7/12/2020,Montgomery,1,133,131,11451
7/13/2020,Montgomery,8,141,230,11681
7/14/2020,Montgomery,0,141,94,11775
7/15/2020,Montgomery,0,141,133,11908
7/16/2020,Montgomery,0,141,380,12288
7/17/2020,Montgomery,2,143,252,12540
7/18/2020,Montgomery,0,143,125,12665
7/19/2020,Montgomery,0,143,123,12788
7/20/2020,Montgomery,1,144,137,12925
7/21/2020,Montgomery,0,144,156,13081
7/22/2020,Montgomery,1,145,124,13205
7/23/2020,Montgomery,1,146,190,13395
7/24/2020,Montgomery,1,147,188,13583
7/25/2020,Montgomery,1,148,187,13770
7/26/2020,Montgomery,0,148,150,13920
7/27/2020,Montgomery,4,152,68,13988
7/28/2020,Montgomery,0,152,102,14090
7/29/2020,Montgomery,0,152,142,14232
7/30/2020,Montgomery,2,154,198,14430
7/31/2020,Montgomery,1,155,211,14641
8/1/2020,Montgomery,2,157,293,14934
8/2/2020,Montgomery,3,160,202,15136
8/3/2020,Montgomery,0,160,196,15332
8/4/2020,Montgomery,1,161,168,15500
8/5/2020,Montgomery,8,169,142,15642
8/6/2020,Montgomery,1,170,339,15981
8/7/2020,Montgomery,2,172,202,16183
8/8/2020,Montgomery,4,176,251,16434
8/9/2020,Montgomery,1,177,124,16558
8/10/2020,Montgomery,0,177,164,16722
8/11/2020,Montgomery,0,177,122,16844
8/12/2020,Montgomery,2,179,157,17001
8/13/2020,Montgomery,2,181,175,17176
8/14/2020,Montgomery,3,184,260,17436
8/15/2020,Montgomery,3,187,254,17690
8/16/2020,Montgomery,1,188,130,17820
8/17/2020,Montgomery,0,188,192,18012
8/18/2020,Montgomery,1,189,166,18178
8/19/2020,Montgomery,1,190,145,18323
8/20/2020,Montgomery,3,193,362,18685
8/21/2020,Montgomery,0,193,199,18884
8/22/2020,Montgomery,1,194,190,19074
8/23/2020,Montgomery,2,196,163,19237
8/24/2020,Montgomery,0,196,92,19329
8/25/2020,Montgomery,1,197,169,19498
8/26/2020,Montgomery,1,198,138,19636
8/27/2020,Montgomery,2,200,263,19899
8/28/2020,Montgomery,2,202,218,20117
8/29/2020,Montgomery,0,202,217,20334
8/30/2020,Montgomery,4,206,293,20627
8/31/2020,Montgomery,1,207,326,20953
9/1/2020,Montgomery,1,208,65,21018
9/2/2020,Montgomery,3,211,158,21176
9/3/2020,Montgomery,1,212,242,21418
9/4/2020,Montgomery,2,214,222,21640
9/5/2020,Montgomery,1,215,213,21853
9/6/2020,Montgomery,0,215,169,22022
9/7/2020,Montgomery,0,215,163,22185
9/8/2020,Montgomery,0,215,75,22260
9/9/2020,Montgomery,0,215,137,22397
9/10/2020,Montgomery,2,217,276,22673
9/11/2020,Montgomery,1,218,259,22932
9/12/2020,Montgomery,0,218,260,23192
9/13/2020,Montgomery,0,218,322,23514
9/14/2020,Montgomery,0,218,169,23683
9/15/2020,Montgomery,0,218,190,23873
9/16/2020,Montgomery,1,219,177,24050
9/17/2020,Montgomery,0,219,213,24263
9/18/2020,Montgomery,4,223,244,24507
9/19/2020,Montgomery,4,227,287,24794
9/20/2020,Montgomery,0,227,254,25048
9/21/2020,Montgomery,2,229,434,25482
9/22/2020,Montgomery,1,230,86,25568
9/23/2020,Montgomery,2,232,155,25723
9/24/2020,Montgomery,0,232,251,25974
9/25/2020,Montgomery,0,232,159,26133
9/26/2020,Montgomery,0,232,144,26277
9/27/2020,Montgomery,0,232,70,26347
9/28/2020,Montgomery,2,234,217,26564
9/29/2020,Montgomery,1,235,75,26639
9/30/2020,Montgomery,0,235,100,26739
10/1/2020,Montgomery,1,236,272,27011
10/2/2020,Montgomery,1,237,354,27365
10/3/2020,Montgomery,1,238,310,27675
10/4/2020,Montgomery,0,238,214,27889
10/5/2020,Montgomery,3,241,180,28069
10/6/2020,Montgomery,0,241,71,28140
10/7/2020,Montgomery,1,242,300,28440
10/8/2020,Montgomery,2,244,289,28729
10/9/2020,Montgomery,1,245,300,29029
10/10/2020,Montgomery,0,245,173,29202
10/11/2020,Montgomery,0,245,269,29471
10/12/2020,Montgomery,4,249,149,29620
10/13/2020,Montgomery,0,249,65,29685
10/14/2020,Montgomery,1,250,299,29984
10/15/2020,Montgomery,2,252,403,30387
10/16/2020,Montgomery,2,254,269,30656
10/17/2020,Montgomery,0,254,223,30879
10/18/2020,Montgomery,1,255,216,31095
10/19/2020,Montgomery,1,256,142,31237
10/20/2020,Montgomery,1,257,111,31348
10/21/2020,Montgomery,2,259,206,31554
10/22/2020,Montgomery,2,261,211,31765
10/23/2020,Montgomery,0,261,328,32093
10/24/2020,Montgomery,0,261,239,32332
10/25/2020,Montgomery,1,262,190,32522
10/26/2020,Montgomery,4,266,99,32621
10/27/2020,Montgomery,2,268,118,32739
10/28/2020,Montgomery,2,270,372,33111
10/29/2020,Montgomery,2,272,360,33471
10/30/2020,Montgomery,1,273,422,33893
10/31/2020,Montgomery,0,273,220,34113
11/1/2020,Montgomery,3,276,147,34260
11/2/2020,Montgomery,5,281,196,34456
11/3/2020,Montgomery,2,283,93,34549
11/4/2020,Montgomery,0,283,242,34791
11/5/2020,Montgomery,9,292,318,35109
11/6/2020,Montgomery,3,295,270,35379
11/7/2020,Montgomery,1,296,348,35727
11/8/2020,Montgomery,0,296,258,35985
11/9/2020,Montgomery,0,296,97,36082
11/10/2020,Montgomery,4,300,124,36206
11/11/2020,Montgomery,4,304,297,36503
11/12/2020,Montgomery,3,307,225,36728
11/13/2020,Montgomery,12,319,207,36935
11/14/2020,Montgomery,3,322,183,37118
3/1/2020,Nassau,0,0,0,0
3/2/2020,Nassau,0,0,0,0
3/3/2020,Nassau,0,0,0,0
3/4/2020,Nassau,0,0,0,0
3/5/2020,Nassau,1,1,1,1
3/6/2020,Nassau,3,4,10,11
3/7/2020,Nassau,2,6,5,16
3/8/2020,Nassau,4,10,11,27
3/9/2020,Nassau,4,14,15,42
3/10/2020,Nassau,6,20,22,64
3/11/2020,Nassau,11,31,58,122
3/12/2020,Nassau,14,45,86,208
3/13/2020,Nassau,19,64,100,308
3/14/2020,Nassau,20,84,82,390
3/15/2020,Nassau,23,107,109,499
3/16/2020,Nassau,24,131,112,611
3/17/2020,Nassau,52,183,218,829
3/18/2020,Nassau,186,369,632,1461
3/19/2020,Nassau,385,754,1036,2497
3/20/2020,Nassau,479,1233,1706,4203
3/21/2020,Nassau,667,1900,1968,6171
3/22/2020,Nassau,542,2442,1323,7494
3/23/2020,Nassau,427,2869,993,8487
3/24/2020,Nassau,416,3285,896,9383
3/25/2020,Nassau,629,3914,1735,11118
3/26/2020,Nassau,743,4657,1412,12530
3/27/2020,Nassau,880,5537,1827,14357
3/28/2020,Nassau,908,6445,2107,16464
3/29/2020,Nassau,899,7344,1830,18294
3/30/2020,Nassau,1200,8544,2261,20555
3/31/2020,Nassau,1010,9554,1845,22400
4/1/2020,Nassau,1033,10587,1908,24308
4/2/2020,Nassau,1437,12024,2663,26971
4/3/2020,Nassau,1322,13346,2694,29665
4/4/2020,Nassau,1052,14398,2195,31860
4/5/2020,Nassau,1218,15616,2363,34223
4/6/2020,Nassau,994,16610,2097,36320
4/7/2020,Nassau,1938,18548,4179,40499
4/8/2020,Nassau,1592,20140,3598,44097
4/9/2020,Nassau,1372,21512,3021,47118
4/10/2020,Nassau,1072,22584,2527,49645
4/11/2020,Nassau,969,23553,2307,51952
4/12/2020,Nassau,805,24358,2072,54024
4/13/2020,Nassau,892,25250,2283,56307
4/14/2020,Nassau,1465,26715,3155,59462
4/15/2020,Nassau,1057,27772,2814,62276
4/16/2020,Nassau,767,28539,2386,64662
4/17/2020,Nassau,641,29180,1973,66635
4/18/2020,Nassau,833,30013,2658,69293
4/19/2020,Nassau,664,30677,2196,71489
4/20/2020,Nassau,402,31079,1385,72874
4/21/2020,Nassau,476,31555,1697,74571
4/22/2020,Nassau,569,32124,1980,76551
4/23/2020,Nassau,641,32765,2787,79338
4/24/2020,Nassau,1033,33798,4225,83563
4/25/2020,Nassau,724,34522,3334,86897
4/26/2020,Nassau,343,34865,1871,88768
4/27/2020,Nassau,220,35085,1499,90267
4/28/2020,Nassau,420,35505,2509,92776
4/29/2020,Nassau,349,35854,2424,95200
4/30/2020,Nassau,307,36161,2108,97308
5/1/2020,Nassau,358,36519,2384,99692
5/2/2020,Nassau,261,36780,2194,101886
5/3/2020,Nassau,185,36965,1736,103622
5/4/2020,Nassau,187,37152,1822,105444
5/5/2020,Nassau,198,37350,1765,107209
5/6/2020,Nassau,243,37593,2658,109867
5/7/2020,Nassau,219,37812,2050,111917
5/8/2020,Nassau,216,38028,2390,114307
5/9/2020,Nassau,189,38217,2260,116567
5/10/2020,Nassau,120,38337,1756,118323
5/11/2020,Nassau,97,38434,1558,119881
5/12/2020,Nassau,153,38587,2374,122255
5/13/2020,Nassau,156,38743,2633,124888
5/14/2020,Nassau,121,38864,2363,127251
5/15/2020,Nassau,169,39033,2478,129729
5/16/2020,Nassau,103,39136,2020,131749
5/17/2020,Nassau,89,39225,1749,133498
5/18/2020,Nassau,70,39295,1635,135133
5/19/2020,Nassau,73,39368,2281,137414
5/20/2020,Nassau,119,39487,3112,140526
5/21/2020,Nassau,121,39608,3097,143623
5/22/2020,Nassau,118,39726,4188,147811
5/23/2020,Nassau,111,39837,3739,151550
5/24/2020,Nassau,70,39907,2891,154441
5/25/2020,Nassau,67,39974,2269,156710
5/26/2020,Nassau,60,40034,2390,159100
5/27/2020,Nassau,106,40140,4664,163764
5/28/2020,Nassau,86,40226,4760,168524
5/29/2020,Nassau,81,40307,4710,173234
5/30/2020,Nassau,89,40396,4112,177346
5/31/2020,Nassau,83,40479,3878,181224
6/1/2020,Nassau,93,40572,3851,185075
6/2/2020,Nassau,72,40644,4433,189508
6/3/2020,Nassau,69,40713,5104,194612
6/4/2020,Nassau,84,40797,5177,199789
6/5/2020,Nassau,56,40853,5533,205322
6/6/2020,Nassau,51,40904,4119,209441
6/7/2020,Nassau,43,40947,4033,213474
6/8/2020,Nassau,33,40980,3159,216633
6/9/2020,Nassau,35,41015,4210,220843
6/10/2020,Nassau,45,41060,4869,225712
6/11/2020,Nassau,54,41114,4796,230508
6/12/2020,Nassau,58,41172,5228,235736
6/13/2020,Nassau,32,41204,4039,239775
6/14/2020,Nassau,36,41240,3939,243714
6/15/2020,Nassau,50,41290,4585,248299
6/16/2020,Nassau,30,41320,4270,252569
6/17/2020,Nassau,29,41349,5054,257623
6/18/2020,Nassau,38,41387,5646,263269
6/19/2020,Nassau,56,41443,4698,267967
6/20/2020,Nassau,36,41479,5000,272967
6/21/2020,Nassau,34,41513,4104,277071
6/22/2020,Nassau,31,41544,3374,280445
6/23/2020,Nassau,41,41585,3983,284428
6/24/2020,Nassau,61,41646,5618,290046
6/25/2020,Nassau,38,41684,3867,293913
6/26/2020,Nassau,41,41725,5282,299195
6/27/2020,Nassau,29,41754,5255,304450
6/28/2020,Nassau,26,41780,3856,308306
6/29/2020,Nassau,27,41807,3478,311784
6/30/2020,Nassau,46,41853,3842,315626
7/1/2020,Nassau,57,41910,5297,320923
7/2/2020,Nassau,37,41947,4562,325485
7/3/2020,Nassau,41,41988,4709,330194
7/4/2020,Nassau,43,42031,6290,336484
7/5/2020,Nassau,22,42053,3801,340285
7/6/2020,Nassau,35,42088,4066,344351
7/7/2020,Nassau,34,42122,3792,348143
7/8/2020,Nassau,42,42164,5038,353181
7/9/2020,Nassau,68,42232,6711,359892
7/10/2020,Nassau,35,42267,5718,365610
7/11/2020,Nassau,40,42307,5168,370778
7/12/2020,Nassau,47,42354,4319,375097
7/13/2020,Nassau,69,42423,3898,378995
7/14/2020,Nassau,39,42462,4295,383290
7/15/2020,Nassau,44,42506,5979,389269
7/16/2020,Nassau,49,42555,5567,394836
7/17/2020,Nassau,39,42594,4695,399531
7/18/2020,Nassau,28,42622,3006,402537
7/19/2020,Nassau,56,42678,3987,406524
7/20/2020,Nassau,51,42729,4724,411248
7/21/2020,Nassau,36,42765,3991,415239
7/22/2020,Nassau,51,42816,4594,419833
7/23/2020,Nassau,44,42860,5798,425631
7/24/2020,Nassau,55,42915,5712,431343
7/25/2020,Nassau,45,42960,3752,435095
7/26/2020,Nassau,57,43017,4176,439271
7/27/2020,Nassau,42,43059,4208,443479
7/28/2020,Nassau,41,43100,4616,448095
7/29/2020,Nassau,58,43158,5731,453826
7/30/2020,Nassau,45,43203,5138,458964
7/31/2020,Nassau,68,43271,7106,466070
8/1/2020,Nassau,51,43322,4727,470797
8/2/2020,Nassau,58,43380,3808,474605
8/3/2020,Nassau,56,43436,4606,479211
8/4/2020,Nassau,46,43482,5492,484703
8/5/2020,Nassau,52,43534,5304,490007
8/6/2020,Nassau,46,43580,5019,495026
8/7/2020,Nassau,48,43628,6525,501551
8/8/2020,Nassau,27,43655,5314,506865
8/9/2020,Nassau,35,43690,3823,510688
8/10/2020,Nassau,34,43724,5273,515961
8/11/2020,Nassau,37,43761,5160,521121
8/12/2020,Nassau,34,43795,5534,526655
8/13/2020,Nassau,45,43840,6693,533348
8/14/2020,Nassau,51,43891,6389,539737
8/15/2020,Nassau,38,43929,5833,545570
8/16/2020,Nassau,26,43955,4425,549995
8/17/2020,Nassau,46,44001,4460,554455
8/18/2020,Nassau,62,44063,7861,562316
8/19/2020,Nassau,49,44112,5928,568244
8/20/2020,Nassau,50,44162,7190,575434
8/21/2020,Nassau,43,44205,6974,582408
8/22/2020,Nassau,40,44245,5082,587490
8/23/2020,Nassau,39,44284,4386,591876
8/24/2020,Nassau,64,44348,5565,597441
8/25/2020,Nassau,55,44403,5589,603030
8/26/2020,Nassau,47,44450,6294,609324
8/27/2020,Nassau,53,44503,9814,619138
8/28/2020,Nassau,51,44554,6780,625918
8/29/2020,Nassau,56,44610,6719,632637
8/30/2020,Nassau,67,44677,5442,638079
8/31/2020,Nassau,84,44761,7238,645317
9/1/2020,Nassau,84,44845,10917,656234
9/2/2020,Nassau,79,44924,6522,662756
9/3/2020,Nassau,84,45008,7265,670021
9/4/2020,Nassau,107,45115,6642,676663
9/5/2020,Nassau,78,45193,6573,683236
9/6/2020,Nassau,36,45229,4189,687425
9/7/2020,Nassau,65,45294,4216,691641
9/8/2020,Nassau,78,45372,4238,695879
9/9/2020,Nassau,73,45445,6033,701912
9/10/2020,Nassau,105,45550,7023,708935
9/11/2020,Nassau,83,45633,5742,714677
9/12/2020,Nassau,78,45711,5780,720457
9/13/2020,Nassau,52,45763,4258,724715
9/14/2020,Nassau,77,45840,6928,731643
9/15/2020,Nassau,66,45906,4810,736453
9/16/2020,Nassau,83,45989,6284,742737
9/17/2020,Nassau,63,46052,6037,748774
9/18/2020,Nassau,102,46154,8330,757104
9/19/2020,Nassau,64,46218,6759,763863
9/20/2020,Nassau,41,46259,4905,768768
9/21/2020,Nassau,66,46325,6020,774788
9/22/2020,Nassau,63,46388,4360,779148
9/23/2020,Nassau,46,46434,5634,784782
9/24/2020,Nassau,71,46505,6406,791188
9/25/2020,Nassau,71,46576,6733,797921
9/26/2020,Nassau,67,46643,5975,803896
9/27/2020,Nassau,68,46711,4043,807939
9/28/2020,Nassau,80,46791,5621,813560
9/29/2020,Nassau,66,46857,4876,818436
9/30/2020,Nassau,72,46929,5967,824403
10/1/2020,Nassau,105,47034,7917,832320
10/2/2020,Nassau,133,47167,9841,842161
10/3/2020,Nassau,79,47246,7752,849913
10/4/2020,Nassau,56,47302,5954,855867
10/5/2020,Nassau,90,47392,7585,863452
10/6/2020,Nassau,124,47516,7817,871269
10/7/2020,Nassau,140,47656,11919,883188
10/8/2020,Nassau,80,47736,8320,891508
10/9/2020,Nassau,105,47841,8925,900433
10/10/2020,Nassau,92,47933,8397,908830
10/11/2020,Nassau,65,47998,5181,914011
10/12/2020,Nassau,101,48099,7833,921844
10/13/2020,Nassau,85,48184,7559,929403
10/14/2020,Nassau,88,48272,7980,937383
10/15/2020,Nassau,105,48377,9485,946868
10/16/2020,Nassau,117,48494,11691,958559
10/17/2020,Nassau,102,48596,9050,967609
10/18/2020,Nassau,61,48657,5522,973131
10/19/2020,Nassau,74,48731,6934,980065
10/20/2020,Nassau,133,48864,7970,988035
10/21/2020,Nassau,77,48941,7088,995123
10/22/2020,Nassau,101,49042,8982,1004105
10/23/2020,Nassau,161,49203,10153,1014258
10/24/2020,Nassau,109,49312,8299,1022557
10/25/2020,Nassau,65,49377,5041,1027598
10/26/2020,Nassau,119,49496,8086,1035684
10/27/2020,Nassau,167,49663,8517,1044201
10/28/2020,Nassau,178,49841,11971,1056172
10/29/2020,Nassau,166,50007,10195,1066367
10/30/2020,Nassau,146,50153,9758,1076125
10/31/2020,Nassau,141,50294,9981,1086106
11/1/2020,Nassau,113,50407,7240,1093346
11/2/2020,Nassau,195,50602,10365,1103711
11/3/2020,Nassau,100,50702,7707,1111418
11/4/2020,Nassau,216,50918,9862,1121280
11/5/2020,Nassau,246,51164,11881,1133161
11/6/2020,Nassau,254,51418,10433,1143594
11/7/2020,Nassau,264,51682,10193,1153787
11/8/2020,Nassau,213,51895,7560,1161347
11/9/2020,Nassau,278,52173,8264,1169611
11/10/2020,Nassau,402,52575,12531,1182142
11/11/2020,Nassau,322,52897,10104,1192246
11/12/2020,Nassau,374,53271,12488,1204734
11/13/2020,Nassau,417,53688,13724,1218458
11/14/2020,Nassau,326,54014,13152,1231610
3/1/2020,New York,0,0,0,0
3/2/2020,New York,0,0,0,0
3/3/2020,New York,0,0,3,3
3/4/2020,New York,1,1,4,7
3/5/2020,New York,1,2,18,25
3/6/2020,New York,3,5,14,39
3/7/2020,New York,0,5,22,61
3/8/2020,New York,0,5,24,85
3/9/2020,New York,7,12,47,132
3/10/2020,New York,12,24,78,210
3/11/2020,New York,3,27,70,280
3/12/2020,New York,18,45,186,466
3/13/2020,New York,39,84,268,734
3/14/2020,New York,28,112,193,927
3/15/2020,New York,60,172,317,1244
3/16/2020,New York,69,241,398,1642
3/17/2020,New York,161,402,598,2240
3/18/2020,New York,335,737,1074,3314
3/19/2020,New York,437,1174,1235,4549
3/20/2020,New York,370,1544,1263,5812
3/21/2020,New York,522,2066,1370,7182
3/22/2020,New York,607,2673,1367,8549
3/23/2020,New York,405,3078,990,9539
3/24/2020,New York,442,3520,1065,10604
3/25/2020,New York,542,4062,1232,11836
3/26/2020,New York,523,4585,1062,12898
3/27/2020,New York,631,5216,1314,14212
3/28/2020,New York,590,5806,1160,15372
3/29/2020,New York,422,6228,788,16160
3/30/2020,New York,648,6876,1422,17582
3/31/2020,New York,497,7373,1015,18597
4/1/2020,New York,470,7843,1002,19599
4/2/2020,New York,609,8452,1294,20893
4/3/2020,New York,848,9300,1820,22713
4/4/2020,New York,598,9898,1278,23991
4/5/2020,New York,542,10440,1162,25153
4/6/2020,New York,572,11012,1249,26402
4/7/2020,New York,492,11504,1257,27659
4/8/2020,New York,602,12106,1424,29083
4/9/2020,New York,616,12722,1659,30742
4/10/2020,New York,715,13437,1685,32427
4/11/2020,New York,708,14145,1783,34210
4/12/2020,New York,356,14501,1033,35243
4/13/2020,New York,379,14880,1206,36449
4/14/2020,New York,1737,16617,4068,40517
4/15/2020,New York,474,17091,1533,42050
4/16/2020,New York,399,17490,1476,43526
4/17/2020,New York,442,17932,1585,45111
4/18/2020,New York,288,18220,1093,46204
4/19/2020,New York,248,18468,954,47158
4/20/2020,New York,231,18699,1099,48257
4/21/2020,New York,326,19025,1430,49687
4/22/2020,New York,323,19348,1581,51268
4/23/2020,New York,506,19854,2654,53922
4/24/2020,New York,426,20280,2110,56032
4/25/2020,New York,493,20773,2354,58386
4/26/2020,New York,324,21097,2007,60393
4/27/2020,New York,215,21312,1650,62043
4/28/2020,New York,292,21604,2260,64303
4/29/2020,New York,316,21920,2299,66602
4/30/2020,New York,255,22175,2205,68807
5/1/2020,New York,321,22496,2606,71413
5/2/2020,New York,245,22741,2214,73627
5/3/2020,New York,159,22900,1524,75151
5/4/2020,New York,154,23054,2246,77397
5/5/2020,New York,203,23257,2499,79896
5/6/2020,New York,272,23529,2966,82862
5/7/2020,New York,201,23730,3036,85898
5/8/2020,New York,151,23881,2633,88531
5/9/2020,New York,96,23977,2336,90867
5/10/2020,New York,85,24062,1496,92363
5/11/2020,New York,129,24191,1984,94347
5/12/2020,New York,157,24348,2825,97172
5/13/2020,New York,177,24525,3697,100869
5/14/2020,New York,307,24832,3933,104802
5/15/2020,New York,150,24982,3469,108271
5/16/2020,New York,148,25130,3096,111367
5/17/2020,New York,86,25216,2019,113386
5/18/2020,New York,77,25293,2830,116216
5/19/2020,New York,98,25391,3685,119901
5/20/2020,New York,131,25522,4219,124120
5/21/2020,New York,150,25672,4363,128483
5/22/2020,New York,134,25806,4582,133065
5/23/2020,New York,103,25909,4187,137252
5/24/2020,New York,100,26009,3356,140608
5/25/2020,New York,83,26092,3635,144243
5/26/2020,New York,121,26213,3599,147842
5/27/2020,New York,134,26347,6888,154730
5/28/2020,New York,133,26480,7418,162148
5/29/2020,New York,96,26576,5678,167826
5/30/2020,New York,77,26653,4425,172251
5/31/2020,New York,68,26721,4385,176636
6/1/2020,New York,93,26814,5161,181797
6/2/2020,New York,72,26886,4211,186008
6/3/2020,New York,82,26968,4377,190385
6/4/2020,New York,69,27037,4416,194801
6/5/2020,New York,85,27122,5322,200123
6/6/2020,New York,56,27178,4711,204834
6/7/2020,New York,39,27217,4045,208879
6/8/2020,New York,41,27258,3953,212832
6/9/2020,New York,66,27324,5433,218265
6/10/2020,New York,60,27384,4991,223256
6/11/2020,New York,68,27452,5660,228916
6/12/2020,New York,77,27529,6296,235212
6/13/2020,New York,44,27573,5525,240737
6/14/2020,New York,54,27627,6036,246773
6/15/2020,New York,50,27677,6158,252931
6/16/2020,New York,31,27708,5830,258761
6/17/2020,New York,52,27760,6701,265462
6/18/2020,New York,64,27824,7866,273328
6/19/2020,New York,67,27891,7972,281300
6/20/2020,New York,75,27966,7602,288902
6/21/2020,New York,51,28017,4871,293773
6/22/2020,New York,58,28075,4887,298660
6/23/2020,New York,57,28132,4933,303593
6/24/2020,New York,60,28192,6494,310087
6/25/2020,New York,58,28250,6504,316591
6/26/2020,New York,81,28331,8749,325340
6/27/2020,New York,49,28380,5886,331226
6/28/2020,New York,21,28401,4009,335235
6/29/2020,New York,46,28447,5287,340522
6/30/2020,New York,71,28518,6206,346728
7/1/2020,New York,78,28596,7185,353913
7/2/2020,New York,102,28698,7062,360975
7/3/2020,New York,62,28760,6201,367176
7/4/2020,New York,44,28804,5736,372912
7/5/2020,New York,66,28870,7734,380646
7/6/2020,New York,50,28920,6251,386897
7/7/2020,New York,53,28973,6976,393873
7/8/2020,New York,56,29029,6504,400377
7/9/2020,New York,80,29109,8363,408740
7/10/2020,New York,56,29165,8216,416956
7/11/2020,New York,72,29237,6860,423816
7/12/2020,New York,65,29302,5419,429235
7/13/2020,New York,61,29363,5426,434661
7/14/2020,New York,79,29442,6910,441571
7/15/2020,New York,74,29516,7547,449118
7/16/2020,New York,74,29590,8266,457384
7/17/2020,New York,85,29675,7329,464713
7/18/2020,New York,56,29731,5436,470149
7/19/2020,New York,65,29796,5935,476084
7/20/2020,New York,71,29867,6705,482789
7/21/2020,New York,76,29943,7540,490329
7/22/2020,New York,90,30033,7521,497850
7/23/2020,New York,64,30097,7406,505256
7/24/2020,New York,64,30161,7262,512518
7/25/2020,New York,32,30193,4957,517475
7/26/2020,New York,57,30250,5377,522852
7/27/2020,New York,30,30280,5657,528509
7/28/2020,New York,49,30329,6548,535057
7/29/2020,New York,70,30399,7387,542444
7/30/2020,New York,59,30458,7859,550303
7/31/2020,New York,60,30518,9505,559808
8/1/2020,New York,46,30564,6825,566633
8/2/2020,New York,57,30621,6704,573337
8/3/2020,New York,56,30677,6757,580094
8/4/2020,New York,57,30734,6803,586897
8/5/2020,New York,65,30799,7634,594531
8/6/2020,New York,60,30859,7423,601954
8/7/2020,New York,62,30921,7852,609806
8/8/2020,New York,43,30964,7178,616984
8/9/2020,New York,52,31016,6513,623497
8/10/2020,New York,55,31071,6639,630136
8/11/2020,New York,76,31147,11421,641557
8/12/2020,New York,70,31217,10009,651566
8/13/2020,New York,62,31279,9097,660663
8/14/2020,New York,63,31342,10048,670711
8/15/2020,New York,56,31398,8885,679596
8/16/2020,New York,43,31441,6499,686095
8/17/2020,New York,64,31505,6304,692399
8/18/2020,New York,36,31541,7227,699626
8/19/2020,New York,62,31603,8868,708494
8/20/2020,New York,58,31661,13086,721580
8/21/2020,New York,47,31708,10873,732453
8/22/2020,New York,44,31752,8758,741211
8/23/2020,New York,44,31796,7076,748287
8/24/2020,New York,41,31837,6310,754597
8/25/2020,New York,48,31885,6958,761555
8/26/2020,New York,50,31935,8610,770165
8/27/2020,New York,42,31977,10799,780964
8/28/2020,New York,36,32013,10387,791351
8/29/2020,New York,62,32075,12710,804061
8/30/2020,New York,44,32119,8524,812585
8/31/2020,New York,46,32165,8300,820885
9/1/2020,New York,53,32218,9626,830511
9/2/2020,New York,33,32251,10431,840942
9/3/2020,New York,59,32310,11922,852864
9/4/2020,New York,62,32372,11623,864487
9/5/2020,New York,54,32426,10016,874503
9/6/2020,New York,16,32442,5522,880025
9/7/2020,New York,19,32461,5232,885257
9/8/2020,New York,39,32500,6601,891858
9/9/2020,New York,51,32551,7682,899540
9/10/2020,New York,52,32603,10273,909813
9/11/2020,New York,40,32643,11620,921433
9/12/2020,New York,34,32677,7538,928971
9/13/2020,New York,51,32728,8093,937064
9/14/2020,New York,44,32772,6557,943621
9/15/2020,New York,63,32835,8840,952461
9/16/2020,New York,57,32892,8958,961419
9/17/2020,New York,46,32938,10383,971802
9/18/2020,New York,73,33011,11603,983405
9/19/2020,New York,59,33070,10763,994168
9/20/2020,New York,35,33105,7038,1001206
9/21/2020,New York,41,33146,8274,1009480
9/22/2020,New York,41,33187,6599,1016079
9/23/2020,New York,50,33237,8567,1024646
9/24/2020,New York,50,33287,9692,1034338
9/25/2020,New York,48,33335,10299,1044637
9/26/2020,New York,36,33371,9082,1053719
9/27/2020,New York,47,33418,5700,1059419
9/28/2020,New York,79,33497,10863,1070282
9/29/2020,New York,64,33561,11148,1081430
9/30/2020,New York,65,33626,9545,1090975
10/1/2020,New York,72,33698,10456,1101431
10/2/2020,New York,93,33791,13510,1114941
10/3/2020,New York,72,33863,10817,1125758
10/4/2020,New York,72,33935,10249,1136007
10/5/2020,New York,70,34005,9469,1145476
10/6/2020,New York,46,34051,8754,1154230
10/7/2020,New York,93,34144,12926,1167156
10/8/2020,New York,73,34217,14289,1181445
10/9/2020,New York,79,34296,13048,1194493
10/10/2020,New York,46,34342,11342,1205835
10/11/2020,New York,66,34408,10326,1216161
10/12/2020,New York,93,34501,10160,1226321
10/13/2020,New York,68,34569,9044,1235365
10/14/2020,New York,68,34637,12332,1247697
10/15/2020,New York,98,34735,13546,1261243
10/16/2020,New York,136,34871,18142,1279385
10/17/2020,New York,120,34991,18831,1298216
10/18/2020,New York,63,35054,8282,1306498
10/19/2020,New York,71,35125,7273,1313771
10/20/2020,New York,124,35249,13942,1327713
10/21/2020,New York,96,35345,11839,1339552
10/22/2020,New York,114,35459,13307,1352859
10/23/2020,New York,151,35610,15257,1368116
10/24/2020,New York,113,35723,12193,1380309
10/25/2020,New York,66,35789,7380,1387689
10/26/2020,New York,108,35897,9720,1397409
10/27/2020,New York,179,36076,13877,1411286
10/28/2020,New York,148,36224,20355,1431641
10/29/2020,New York,176,36400,15072,1446713
10/30/2020,New York,115,36515,14447,1461160
10/31/2020,New York,197,36712,22188,1483348
11/1/2020,New York,102,36814,11785,1495133
11/2/2020,New York,166,36980,15443,1510576
11/3/2020,New York,120,37100,13877,1524453
11/4/2020,New York,178,37278,15464,1539917
11/5/2020,New York,152,37430,15129,1555046
11/6/2020,New York,211,37641,16536,1571582
11/7/2020,New York,299,37940,17972,1589554
11/8/2020,New York,231,38171,11886,1601440
11/9/2020,New York,213,38384,11968,1613408
11/10/2020,New York,284,38668,14826,1628234
11/11/2020,New York,338,39006,17687,1645921
11/12/2020,New York,349,39355,20508,1666429
11/13/2020,New York,345,39700,18804,1685233
11/14/2020,New York,275,39975,16883,1702116
3/1/2020,Niagara,0,0,0,0
3/2/2020,Niagara,0,0,0,0
3/3/2020,Niagara,0,0,0,0
3/4/2020,Niagara,0,0,0,0
3/5/2020,Niagara,0,0,0,0
3/6/2020,Niagara,0,0,0,0
3/7/2020,Niagara,0,0,0,0
3/8/2020,Niagara,0,0,1,1
3/9/2020,Niagara,0,0,0,1
3/10/2020,Niagara,0,0,0,1
3/11/2020,Niagara,0,0,1,2
3/12/2020,Niagara,0,0,1,3
3/13/2020,Niagara,0,0,0,3
3/14/2020,Niagara,0,0,1,4
3/15/2020,Niagara,0,0,0,4
3/16/2020,Niagara,0,0,1,5
3/17/2020,Niagara,0,0,1,6
3/18/2020,Niagara,1,1,10,16
3/19/2020,Niagara,2,3,4,20
3/20/2020,Niagara,1,4,6,26
3/21/2020,Niagara,2,6,9,35
3/22/2020,Niagara,4,10,38,73
3/23/2020,Niagara,1,11,15,88
3/24/2020,Niagara,1,12,16,104
3/25/2020,Niagara,2,14,10,114
3/26/2020,Niagara,9,23,55,169
3/27/2020,Niagara,10,33,57,226
3/28/2020,Niagara,5,38,18,244
3/29/2020,Niagara,3,41,6,250
3/30/2020,Niagara,1,42,15,265
3/31/2020,Niagara,4,46,13,278
4/1/2020,Niagara,30,76,89,367
4/2/2020,Niagara,18,94,61,428
4/3/2020,Niagara,7,101,47,475
4/4/2020,Niagara,15,116,54,529
4/5/2020,Niagara,4,120,44,573
4/6/2020,Niagara,6,126,44,617
4/7/2020,Niagara,8,134,39,656
4/8/2020,Niagara,12,146,53,709
4/9/2020,Niagara,10,156,79,788
4/10/2020,Niagara,11,167,46,834
4/11/2020,Niagara,16,183,62,896
4/12/2020,Niagara,6,189,29,925
4/13/2020,Niagara,8,197,48,973
4/14/2020,Niagara,7,204,57,1030
4/15/2020,Niagara,12,216,82,1112
4/16/2020,Niagara,11,227,56,1168
4/17/2020,Niagara,7,234,53,1221
4/18/2020,Niagara,12,246,69,1290
4/19/2020,Niagara,9,255,48,1338
4/20/2020,Niagara,5,260,53,1391
4/21/2020,Niagara,8,268,49,1440
4/22/2020,Niagara,27,295,195,1635
4/23/2020,Niagara,37,332,192,1827
4/24/2020,Niagara,12,344,107,1934
4/25/2020,Niagara,24,368,142,2076
4/26/2020,Niagara,10,378,95,2171
4/27/2020,Niagara,8,386,89,2260
4/28/2020,Niagara,15,401,130,2390
4/29/2020,Niagara,19,420,154,2544
4/30/2020,Niagara,20,440,239,2783
5/1/2020,Niagara,17,457,269,3052
5/2/2020,Niagara,17,474,184,3236
5/3/2020,Niagara,19,493,318,3554
5/4/2020,Niagara,15,508,198,3752
5/5/2020,Niagara,41,549,353,4105
5/6/2020,Niagara,39,588,282,4387
5/7/2020,Niagara,17,605,257,4644
5/8/2020,Niagara,22,627,273,4917
5/9/2020,Niagara,16,643,359,5276
5/10/2020,Niagara,12,655,176,5452
5/11/2020,Niagara,16,671,186,5638
5/12/2020,Niagara,19,690,343,5981
5/13/2020,Niagara,20,710,330,6311
5/14/2020,Niagara,33,743,530,6841
5/15/2020,Niagara,27,770,383,7224
5/16/2020,Niagara,22,792,421,7645
5/17/2020,Niagara,26,818,325,7970
5/18/2020,Niagara,27,845,271,8241
5/19/2020,Niagara,13,858,370,8611
5/20/2020,Niagara,22,880,540,9151
5/21/2020,Niagara,17,897,655,9806
5/22/2020,Niagara,30,927,501,10307
5/23/2020,Niagara,14,941,355,10662
5/24/2020,Niagara,14,955,501,11163
5/25/2020,Niagara,10,965,366,11529
5/26/2020,Niagara,7,972,247,11776
5/27/2020,Niagara,12,984,502,12278
5/28/2020,Niagara,24,1008,583,12861
5/29/2020,Niagara,12,1020,447,13308
5/30/2020,Niagara,17,1037,495,13803
5/31/2020,Niagara,9,1046,420,14223
6/1/2020,Niagara,2,1048,485,14708
6/2/2020,Niagara,19,1067,655,15363
6/3/2020,Niagara,18,1085,739,16102
6/4/2020,Niagara,14,1099,726,16828
6/5/2020,Niagara,10,1109,999,17827
6/6/2020,Niagara,3,1112,521,18348
6/7/2020,Niagara,4,1116,419,18767
6/8/2020,Niagara,9,1125,942,19709
6/9/2020,Niagara,4,1129,510,20219
6/10/2020,Niagara,7,1136,623,20842
6/11/2020,Niagara,7,1143,718,21560
6/12/2020,Niagara,11,1154,630,22190
6/13/2020,Niagara,12,1166,745,22935
6/14/2020,Niagara,3,1169,464,23399
6/15/2020,Niagara,2,1171,424,23823
6/16/2020,Niagara,6,1177,505,24328
6/17/2020,Niagara,6,1183,850,25178
6/18/2020,Niagara,2,1185,977,26155
6/19/2020,Niagara,3,1188,621,26776
6/20/2020,Niagara,4,1192,531,27307
6/21/2020,Niagara,1,1193,402,27709
6/22/2020,Niagara,2,1195,371,28080
6/23/2020,Niagara,4,1199,803,28883
6/24/2020,Niagara,4,1203,963,29846
6/25/2020,Niagara,10,1213,606,30452
6/26/2020,Niagara,10,1223,820,31272
6/27/2020,Niagara,3,1226,513,31785
6/28/2020,Niagara,2,1228,385,32170
6/29/2020,Niagara,6,1234,622,32792
6/30/2020,Niagara,3,1237,517,33309
7/1/2020,Niagara,11,1248,987,34296
7/2/2020,Niagara,14,1262,763,35059
7/3/2020,Niagara,15,1277,683,35742
7/4/2020,Niagara,7,1284,476,36218
7/5/2020,Niagara,6,1290,360,36578
7/6/2020,Niagara,7,1297,442,37020
7/7/2020,Niagara,10,1307,718,37738
7/8/2020,Niagara,8,1315,826,38564
7/9/2020,Niagara,12,1327,835,39399
7/10/2020,Niagara,7,1334,533,39932
7/11/2020,Niagara,6,1340,720,40652
7/12/2020,Niagara,2,1342,266,40918
7/13/2020,Niagara,9,1351,685,41603
7/14/2020,Niagara,5,1356,665,42268
7/15/2020,Niagara,8,1364,930,43198
7/16/2020,Niagara,7,1371,933,44131
7/17/2020,Niagara,4,1375,419,44550
7/18/2020,Niagara,7,1382,509,45059
7/19/2020,Niagara,2,1384,209,45268
7/20/2020,Niagara,4,1388,640,45908
7/21/2020,Niagara,7,1395,736,46644
7/22/2020,Niagara,10,1405,586,47230
7/23/2020,Niagara,3,1408,707,47937
7/24/2020,Niagara,12,1420,1234,49171
7/25/2020,Niagara,2,1422,503,49674
7/26/2020,Niagara,2,1424,335,50009
7/27/2020,Niagara,0,1424,698,50707
7/28/2020,Niagara,6,1430,543,51250
7/29/2020,Niagara,4,1434,860,52110
7/30/2020,Niagara,6,1440,515,52625
7/31/2020,Niagara,4,1444,748,53373
8/1/2020,Niagara,2,1446,519,53892
8/2/2020,Niagara,3,1449,314,54206
8/3/2020,Niagara,9,1458,996,55202
8/4/2020,Niagara,8,1466,1332,56534
8/5/2020,Niagara,4,1470,639,57173
8/6/2020,Niagara,21,1491,646,57819
8/7/2020,Niagara,3,1494,997,58816
8/8/2020,Niagara,4,1498,462,59278
8/9/2020,Niagara,2,1500,283,59561
8/10/2020,Niagara,12,1512,925,60486
8/11/2020,Niagara,2,1514,652,61138
8/12/2020,Niagara,4,1518,551,61689
8/13/2020,Niagara,6,1524,821,62510
8/14/2020,Niagara,5,1529,597,63107
8/15/2020,Niagara,3,1532,573,63680
8/16/2020,Niagara,0,1532,319,63999
8/17/2020,Niagara,3,1535,459,64458
8/18/2020,Niagara,9,1544,590,65048
8/19/2020,Niagara,3,1547,757,65805
8/20/2020,Niagara,9,1556,768,66573
8/21/2020,Niagara,10,1566,683,67256
8/22/2020,Niagara,9,1575,646,67902
8/23/2020,Niagara,1,1576,286,68188
8/24/2020,Niagara,10,1586,591,68779
8/25/2020,Niagara,4,1590,520,69299
8/26/2020,Niagara,5,1595,913,70212
8/27/2020,Niagara,5,1600,734,70946
8/28/2020,Niagara,5,1605,605,71551
8/29/2020,Niagara,7,1612,957,72508
8/30/2020,Niagara,6,1618,532,73040
8/31/2020,Niagara,8,1626,856,73896
9/1/2020,Niagara,6,1632,895,74791
9/2/2020,Niagara,3,1635,789,75580
9/3/2020,Niagara,3,1638,767,76347
9/4/2020,Niagara,5,1643,806,77153
9/5/2020,Niagara,7,1650,503,77656
9/6/2020,Niagara,4,1654,394,78050
9/7/2020,Niagara,5,1659,547,78597
9/8/2020,Niagara,4,1663,502,79099
9/9/2020,Niagara,3,1666,637,79736
9/10/2020,Niagara,5,1671,724,80460
9/11/2020,Niagara,7,1678,743,81203
9/12/2020,Niagara,7,1685,585,81788
9/13/2020,Niagara,4,1689,420,82208
9/14/2020,Niagara,4,1693,679,82887
9/15/2020,Niagara,1,1694,445,83332
9/16/2020,Niagara,9,1703,1145,84477
9/17/2020,Niagara,4,1707,486,84963
9/18/2020,Niagara,7,1714,772,85735
9/19/2020,Niagara,10,1724,1161,86896
9/20/2020,Niagara,4,1728,444,87340
9/21/2020,Niagara,5,1733,564,87904
9/22/2020,Niagara,8,1741,711,88615
9/23/2020,Niagara,15,1756,884,89499
9/24/2020,Niagara,10,1766,981,90480
9/25/2020,Niagara,7,1773,609,91089
9/26/2020,Niagara,4,1777,990,92079
9/27/2020,Niagara,3,1780,548,92627
9/28/2020,Niagara,3,1783,1727,94354
9/29/2020,Niagara,5,1788,1119,95473
9/30/2020,Niagara,11,1799,1127,96600
10/1/2020,Niagara,10,1809,1480,98080
10/2/2020,Niagara,4,1813,1139,99219
10/3/2020,Niagara,15,1828,1260,100479
10/4/2020,Niagara,6,1834,738,101217
10/5/2020,Niagara,6,1840,906,102123
10/6/2020,Niagara,2,1842,640,102763
10/7/2020,Niagara,13,1855,1305,104068
10/8/2020,Niagara,17,1872,1448,105516
10/9/2020,Niagara,10,1882,890,106406
10/10/2020,Niagara,13,1895,870,107276
10/11/2020,Niagara,7,1902,1159,108435
10/12/2020,Niagara,5,1907,495,108930
10/13/2020,Niagara,4,1911,899,109829
10/14/2020,Niagara,17,1928,1204,111033
10/15/2020,Niagara,10,1938,1440,112473
10/16/2020,Niagara,8,1946,1287,113760
10/17/2020,Niagara,12,1958,838,114598
10/18/2020,Niagara,3,1961,437,115035
10/19/2020,Niagara,7,1968,996,116031
10/20/2020,Niagara,18,1986,1095,117126
10/21/2020,Niagara,11,1997,1154,118280
10/22/2020,Niagara,19,2016,1220,119500
10/23/2020,Niagara,16,2032,1676,121176
10/24/2020,Niagara,9,2041,767,121943
10/25/2020,Niagara,9,2050,835,122778
10/26/2020,Niagara,15,2065,793,123571
10/27/2020,Niagara,10,2075,840,124411
10/28/2020,Niagara,13,2088,1043,125454
10/29/2020,Niagara,20,2108,1132,126586
10/30/2020,Niagara,16,2124,1223,127809
10/31/2020,Niagara,13,2137,882,128691
11/1/2020,Niagara,18,2155,690,129381
11/2/2020,Niagara,11,2166,1122,130503
11/3/2020,Niagara,25,2191,656,131159
11/4/2020,Niagara,40,2231,1301,132460
11/5/2020,Niagara,43,2274,1161,133621
11/6/2020,Niagara,39,2313,1519,135140
11/7/2020,Niagara,41,2354,868,136008
11/8/2020,Niagara,38,2392,813,136821
11/9/2020,Niagara,75,2467,1523,138344
11/10/2020,Niagara,38,2505,945,139289
11/11/2020,Niagara,59,2564,1437,140726
11/12/2020,Niagara,52,2616,1486,142212
11/13/2020,Niagara,62,2678,1293,143505
11/14/2020,Niagara,30,2708,841,144346
3/1/2020,Oneida,0,0,0,0
3/2/2020,Oneida,0,0,0,0
3/3/2020,Oneida,0,0,0,0
3/4/2020,Oneida,0,0,2,2
3/5/2020,Oneida,0,0,0,2
3/6/2020,Oneida,0,0,0,2
3/7/2020,Oneida,0,0,0,2
3/8/2020,Oneida,0,0,0,2
3/9/2020,Oneida,0,0,0,2
3/10/2020,Oneida,0,0,0,2
3/11/2020,Oneida,0,0,1,3
3/12/2020,Oneida,0,0,1,4
3/13/2020,Oneida,0,0,1,5
3/14/2020,Oneida,0,0,1,6
3/15/2020,Oneida,0,0,3,9
3/16/2020,Oneida,0,0,1,10
3/17/2020,Oneida,0,0,4,14
3/18/2020,Oneida,2,2,14,28
3/19/2020,Oneida,0,2,7,35
3/20/2020,Oneida,2,4,59,94
3/21/2020,Oneida,1,5,30,124
3/22/2020,Oneida,2,7,36,160
3/23/2020,Oneida,1,8,24,184
3/24/2020,Oneida,1,9,48,232
3/25/2020,Oneida,4,13,22,254
3/26/2020,Oneida,0,13,41,295
3/27/2020,Oneida,10,23,43,338
3/28/2020,Oneida,3,26,26,364
3/29/2020,Oneida,8,34,26,390
3/30/2020,Oneida,6,40,57,447
3/31/2020,Oneida,10,50,58,505
4/1/2020,Oneida,11,61,82,587
4/2/2020,Oneida,10,71,77,664
4/3/2020,Oneida,9,80,58,722
4/4/2020,Oneida,7,87,55,777
4/5/2020,Oneida,13,100,87,864
4/6/2020,Oneida,18,118,90,954
4/7/2020,Oneida,7,125,59,1013
4/8/2020,Oneida,33,158,104,1117
4/9/2020,Oneida,14,172,85,1202
4/10/2020,Oneida,9,181,42,1244
4/11/2020,Oneida,14,195,83,1327
4/12/2020,Oneida,11,206,61,1388
4/13/2020,Oneida,23,229,100,1488
4/14/2020,Oneida,17,246,79,1567
4/15/2020,Oneida,3,249,32,1599
4/16/2020,Oneida,12,261,82,1681
4/17/2020,Oneida,7,268,85,1766
4/18/2020,Oneida,7,275,52,1818
4/19/2020,Oneida,4,279,75,1893
4/20/2020,Oneida,5,284,133,2026
4/21/2020,Oneida,17,301,117,2143
4/22/2020,Oneida,16,317,174,2317
4/23/2020,Oneida,6,323,67,2384
4/24/2020,Oneida,41,364,401,2785
4/25/2020,Oneida,20,384,112,2897
4/26/2020,Oneida,13,397,128,3025
4/27/2020,Oneida,14,411,132,3157
4/28/2020,Oneida,11,422,124,3281
4/29/2020,Oneida,17,439,145,3426
4/30/2020,Oneida,12,451,149,3575
5/1/2020,Oneida,23,474,185,3760
5/2/2020,Oneida,15,489,149,3909
5/3/2020,Oneida,61,550,241,4150
5/4/2020,Oneida,24,574,247,4397
5/5/2020,Oneida,5,579,234,4631
5/6/2020,Oneida,30,609,375,5006
5/7/2020,Oneida,11,620,323,5329
5/8/2020,Oneida,18,638,296,5625
5/9/2020,Oneida,22,660,329,5954
5/10/2020,Oneida,9,669,269,6223
5/11/2020,Oneida,7,676,161,6384
5/12/2020,Oneida,10,686,397,6781
5/13/2020,Oneida,12,698,376,7157
5/14/2020,Oneida,15,713,268,7425
5/15/2020,Oneida,38,751,342,7767
5/16/2020,Oneida,9,760,209,7976
5/17/2020,Oneida,12,772,318,8294
5/18/2020,Oneida,13,785,326,8620
5/19/2020,Oneida,17,802,775,9395
5/20/2020,Oneida,15,817,779,10174
5/21/2020,Oneida,11,828,815,10989
5/22/2020,Oneida,36,864,1305,12294
5/23/2020,Oneida,14,878,659,12953
5/24/2020,Oneida,27,905,930,13883
5/25/2020,Oneida,12,917,427,14310
5/26/2020,Oneida,12,929,488,14798
5/27/2020,Oneida,30,959,927,15725
5/28/2020,Oneida,29,988,1284,17009
5/29/2020,Oneida,18,1006,757,17766
5/30/2020,Oneida,21,1027,1108,18874
5/31/2020,Oneida,9,1036,677,19551
6/1/2020,Oneida,13,1049,613,20164
6/2/2020,Oneida,9,1058,1128,21292
6/3/2020,Oneida,11,1069,892,22184
6/4/2020,Oneida,8,1077,1050,23234
6/5/2020,Oneida,50,1127,1505,24739
6/6/2020,Oneida,16,1143,1276,26015
6/7/2020,Oneida,27,1170,1207,27222
6/8/2020,Oneida,15,1185,569,27791
6/9/2020,Oneida,18,1203,806,28597
6/10/2020,Oneida,13,1216,970,29567
6/11/2020,Oneida,21,1237,1900,31467
6/12/2020,Oneida,16,1253,1048,32515
6/13/2020,Oneida,20,1273,978,33493
6/14/2020,Oneida,7,1280,517,34010
6/15/2020,Oneida,21,1301,719,34729
6/16/2020,Oneida,6,1307,675,35404
6/17/2020,Oneida,25,1332,1218,36622
6/18/2020,Oneida,25,1357,1010,37632
6/19/2020,Oneida,21,1378,786,38418
6/20/2020,Oneida,15,1393,679,39097
6/21/2020,Oneida,23,1416,1126,40223
6/22/2020,Oneida,5,1421,558,40781
6/23/2020,Oneida,24,1445,802,41583
6/24/2020,Oneida,34,1479,1082,42665
6/25/2020,Oneida,41,1520,2025,44690
6/26/2020,Oneida,27,1547,664,45354
6/27/2020,Oneida,39,1586,926,46280
6/28/2020,Oneida,30,1616,748,47028
6/29/2020,Oneida,11,1627,626,47654
6/30/2020,Oneida,15,1642,746,48400
7/1/2020,Oneida,30,1672,1005,49405
7/2/2020,Oneida,36,1708,894,50299
7/3/2020,Oneida,17,1725,855,51154
7/4/2020,Oneida,17,1742,790,51944
7/5/2020,Oneida,7,1749,544,52488
7/6/2020,Oneida,11,1760,593,53081
7/7/2020,Oneida,16,1776,1015,54096
7/8/2020,Oneida,15,1791,1323,55419
7/9/2020,Oneida,15,1806,1226,56645
7/10/2020,Oneida,12,1818,1388,58033
7/11/2020,Oneida,5,1823,635,58668
7/12/2020,Oneida,7,1830,559,59227
7/13/2020,Oneida,17,1847,947,60174
7/14/2020,Oneida,13,1860,862,61036
7/15/2020,Oneida,8,1868,833,61869
7/16/2020,Oneida,41,1909,1177,63046
7/17/2020,Oneida,28,1937,1086,64132
7/18/2020,Oneida,3,1940,274,64406
7/19/2020,Oneida,2,1942,309,64715
7/20/2020,Oneida,20,1962,942,65657
7/21/2020,Oneida,13,1975,1016,66673
7/22/2020,Oneida,5,1980,903,67576
7/23/2020,Oneida,10,1990,1110,68686
7/24/2020,Oneida,10,2000,980,69666
7/25/2020,Oneida,0,2000,526,70192
7/26/2020,Oneida,10,2010,772,70964
7/27/2020,Oneida,18,2028,830,71794
7/28/2020,Oneida,25,2053,990,72784
7/29/2020,Oneida,9,2062,1033,73817
7/30/2020,Oneida,8,2070,609,74426
7/31/2020,Oneida,11,2081,1031,75457
8/1/2020,Oneida,6,2087,523,75980
8/2/2020,Oneida,3,2090,642,76622
8/3/2020,Oneida,13,2103,816,77438
8/4/2020,Oneida,11,2114,725,78163
8/5/2020,Oneida,3,2117,721,78884
8/6/2020,Oneida,12,2129,894,79778
8/7/2020,Oneida,13,2142,681,80459
8/8/2020,Oneida,4,2146,750,81209
8/9/2020,Oneida,4,2150,455,81664
8/10/2020,Oneida,25,2175,1194,82858
8/11/2020,Oneida,5,2180,824,83682
8/12/2020,Oneida,3,2183,960,84642
8/13/2020,Oneida,6,2189,1079,85721
8/14/2020,Oneida,6,2195,1271,86992
8/15/2020,Oneida,3,2198,978,87970
8/16/2020,Oneida,3,2201,514,88484
8/17/2020,Oneida,12,2213,746,89230
8/18/2020,Oneida,5,2218,1326,90556
8/19/2020,Oneida,4,2222,1421,91977
8/20/2020,Oneida,11,2233,1688,93665
8/21/2020,Oneida,9,2242,1667,95332
8/22/2020,Oneida,2,2244,1184,96516
8/23/2020,Oneida,1,2245,1051,97567
8/24/2020,Oneida,11,2256,915,98482
8/25/2020,Oneida,3,2259,1621,100103
8/26/2020,Oneida,5,2264,1067,101170
8/27/2020,Oneida,1,2265,2058,103228
8/28/2020,Oneida,3,2268,1563,104791
8/29/2020,Oneida,4,2272,1878,106669
8/30/2020,Oneida,2,2274,1730,108399
8/31/2020,Oneida,7,2281,1095,109494
9/1/2020,Oneida,2,2283,1486,110980
9/2/2020,Oneida,3,2286,1878,112858
9/3/2020,Oneida,9,2295,1298,114156
9/4/2020,Oneida,3,2298,1822,115978
9/5/2020,Oneida,4,2302,1716,117694
9/6/2020,Oneida,3,2305,750,118444
9/7/2020,Oneida,4,2309,610,119054
9/8/2020,Oneida,7,2316,1582,120636
9/9/2020,Oneida,6,2322,1166,121802
9/10/2020,Oneida,11,2333,1588,123390
9/11/2020,Oneida,8,2341,2315,125705
9/12/2020,Oneida,6,2347,1718,127423
9/13/2020,Oneida,1,2348,899,128322
9/14/2020,Oneida,8,2356,658,128980
9/15/2020,Oneida,3,2359,1661,130641
9/16/2020,Oneida,4,2363,1889,132530
9/17/2020,Oneida,6,2369,1428,133958
9/18/2020,Oneida,4,2373,1812,135770
9/19/2020,Oneida,2,2375,2221,137991
9/20/2020,Oneida,3,2378,591,138582
9/21/2020,Oneida,0,2378,799,139381
9/22/2020,Oneida,9,2387,1886,141267
9/23/2020,Oneida,1,2388,1980,143247
9/24/2020,Oneida,12,2400,1178,144425
9/25/2020,Oneida,7,2407,1826,146251
9/26/2020,Oneida,5,2412,3062,149313
9/27/2020,Oneida,8,2420,554,149867
9/28/2020,Oneida,12,2432,1073,150940
9/29/2020,Oneida,4,2436,1740,152680
9/30/2020,Oneida,24,2460,2195,154875
10/1/2020,Oneida,2,2462,1887,156762
10/2/2020,Oneida,6,2468,2510,159272
10/3/2020,Oneida,10,2478,3099,162371
10/4/2020,Oneida,2,2480,578,162949
10/5/2020,Oneida,3,2483,975,163924
10/6/2020,Oneida,7,2490,1675,165599
10/7/2020,Oneida,13,2503,2883,168482
10/8/2020,Oneida,9,2512,2181,170663
10/9/2020,Oneida,17,2529,2407,173070
10/10/2020,Oneida,10,2539,4138,177208
10/11/2020,Oneida,10,2549,1725,178933
10/12/2020,Oneida,5,2554,1182,180115
10/13/2020,Oneida,4,2558,1751,181866
10/14/2020,Oneida,9,2567,2504,184370
10/15/2020,Oneida,7,2574,2221,186591
10/16/2020,Oneida,12,2586,4309,190900
10/17/2020,Oneida,7,2593,2664,193564
10/18/2020,Oneida,1,2594,599,194163
10/19/2020,Oneida,5,2599,991,195154
10/20/2020,Oneida,18,2617,2776,197930
10/21/2020,Oneida,8,2625,2142,200072
10/22/2020,Oneida,19,2644,2277,202349
10/23/2020,Oneida,26,2670,2508,204857
10/24/2020,Oneida,11,2681,1954,206811
10/25/2020,Oneida,5,2686,721,207532
10/26/2020,Oneida,23,2709,2031,209563
10/27/2020,Oneida,37,2746,2877,212440
10/28/2020,Oneida,23,2769,2354,214794
10/29/2020,Oneida,15,2784,4087,218881
10/30/2020,Oneida,47,2831,3100,221981
10/31/2020,Oneida,20,2851,3017,224998
11/1/2020,Oneida,16,2867,821,225819
11/2/2020,Oneida,29,2896,1615,227434
11/3/2020,Oneida,21,2917,4314,231748
11/4/2020,Oneida,29,2946,2922,234670
11/5/2020,Oneida,47,2993,4378,239048
11/6/2020,Oneida,46,3039,2659,241707
11/7/2020,Oneida,43,3082,3210,244917
11/8/2020,Oneida,39,3121,1691,246608
11/9/2020,Oneida,56,3177,1404,248012
11/10/2020,Oneida,74,3251,3202,251214
11/11/2020,Oneida,69,3320,2533,253747
11/12/2020,Oneida,94,3414,4349,258096
11/13/2020,Oneida,116,3530,1941,260037
11/14/2020,Oneida,39,3569,1894,261931
3/1/2020,Onondaga,0,0,0,0
3/2/2020,Onondaga,0,0,0,0
3/3/2020,Onondaga,0,0,0,0
3/4/2020,Onondaga,0,0,0,0
3/5/2020,Onondaga,0,0,0,0
3/6/2020,Onondaga,0,0,0,0
3/7/2020,Onondaga,0,0,0,0
3/8/2020,Onondaga,0,0,0,0
3/9/2020,Onondaga,0,0,1,1
3/10/2020,Onondaga,0,0,0,1
3/11/2020,Onondaga,0,0,3,4
3/12/2020,Onondaga,0,0,1,5
3/13/2020,Onondaga,0,0,9,14
3/14/2020,Onondaga,0,0,18,32
3/15/2020,Onondaga,1,1,27,59
3/16/2020,Onondaga,1,2,55,114
3/17/2020,Onondaga,0,2,15,129
3/18/2020,Onondaga,3,5,98,227
3/19/2020,Onondaga,3,8,60,287
3/20/2020,Onondaga,9,17,133,420
3/21/2020,Onondaga,12,29,157,577
3/22/2020,Onondaga,23,52,538,1115
3/23/2020,Onondaga,8,60,129,1244
3/24/2020,Onondaga,5,65,124,1368
3/25/2020,Onondaga,18,83,266,1634
3/26/2020,Onondaga,32,115,444,2078
3/27/2020,Onondaga,14,129,352,2430
3/28/2020,Onondaga,23,152,487,2917
3/29/2020,Onondaga,28,180,206,3123
3/30/2020,Onondaga,14,194,139,3262
3/31/2020,Onondaga,23,217,163,3425
4/1/2020,Onondaga,17,234,191,3616
4/2/2020,Onondaga,18,252,195,3811
4/3/2020,Onondaga,10,262,221,4032
4/4/2020,Onondaga,6,268,131,4163
4/5/2020,Onondaga,3,271,89,4252
4/6/2020,Onondaga,64,335,689,4941
4/7/2020,Onondaga,12,347,126,5067
4/8/2020,Onondaga,11,358,245,5312
4/9/2020,Onondaga,11,369,148,5460
4/10/2020,Onondaga,11,380,116,5576
4/11/2020,Onondaga,17,397,169,5745
4/12/2020,Onondaga,19,416,142,5887
4/13/2020,Onondaga,15,431,120,6007
4/14/2020,Onondaga,18,449,219,6226
4/15/2020,Onondaga,13,462,134,6360
4/16/2020,Onondaga,21,483,181,6541
4/17/2020,Onondaga,9,492,152,6693
4/18/2020,Onondaga,6,498,118,6811
4/19/2020,Onondaga,11,509,113,6924
4/20/2020,Onondaga,5,514,101,7025
4/21/2020,Onondaga,12,526,152,7177
4/22/2020,Onondaga,74,600,705,7882
4/23/2020,Onondaga,39,639,722,8604
4/24/2020,Onondaga,25,664,530,9134
4/25/2020,Onondaga,28,692,280,9414
4/26/2020,Onondaga,34,726,256,9670
4/27/2020,Onondaga,16,742,268,9938
4/28/2020,Onondaga,40,782,386,10324
4/29/2020,Onondaga,50,832,343,10667
4/30/2020,Onondaga,28,860,334,11001
5/1/2020,Onondaga,43,903,433,11434
5/2/2020,Onondaga,49,952,593,12027
5/3/2020,Onondaga,19,971,436,12463
5/4/2020,Onondaga,31,1002,176,12639
5/5/2020,Onondaga,54,1056,731,13370
5/6/2020,Onondaga,59,1115,534,13904
5/7/2020,Onondaga,54,1169,407,14311
5/8/2020,Onondaga,49,1218,464,14775
5/9/2020,Onondaga,47,1265,507,15282
5/10/2020,Onondaga,22,1287,240,15522
5/11/2020,Onondaga,21,1308,329,15851
5/12/2020,Onondaga,87,1395,1066,16917
5/13/2020,Onondaga,28,1423,683,17600
5/14/2020,Onondaga,17,1440,385,17985
5/15/2020,Onondaga,29,1469,1088,19073
5/16/2020,Onondaga,32,1501,648,19721
5/17/2020,Onondaga,19,1520,483,20204
5/18/2020,Onondaga,145,1665,1578,21782
5/19/2020,Onondaga,53,1718,1844,23626
5/20/2020,Onondaga,53,1771,1137,24763
5/21/2020,Onondaga,57,1828,1344,26107
5/22/2020,Onondaga,76,1904,2502,28609
5/23/2020,Onondaga,49,1953,1352,29961
5/24/2020,Onondaga,28,1981,1175,31136
5/25/2020,Onondaga,31,2012,1129,32265
5/26/2020,Onondaga,21,2033,676,32941
5/27/2020,Onondaga,21,2054,817,33758
5/28/2020,Onondaga,38,2092,1731,35489
5/29/2020,Onondaga,41,2133,2101,37590
5/30/2020,Onondaga,37,2170,1829,39419
5/31/2020,Onondaga,27,2197,1074,40493
6/1/2020,Onondaga,31,2228,1035,41528
6/2/2020,Onondaga,28,2256,1522,43050
6/3/2020,Onondaga,39,2295,2189,45239
6/4/2020,Onondaga,34,2329,1601,46840
6/5/2020,Onondaga,46,2375,2186,49026
6/6/2020,Onondaga,17,2392,1345,50371
6/7/2020,Onondaga,16,2408,2040,52411
6/8/2020,Onondaga,19,2427,1004,53415
6/9/2020,Onondaga,6,2433,2197,55612
6/10/2020,Onondaga,21,2454,1222,56834
6/11/2020,Onondaga,20,2474,2072,58906
6/12/2020,Onondaga,24,2498,1498,60404
6/13/2020,Onondaga,21,2519,2756,63160
6/14/2020,Onondaga,12,2531,847,64007
6/15/2020,Onondaga,14,2545,1345,65352
6/16/2020,Onondaga,13,2558,870,66222
6/17/2020,Onondaga,57,2615,1440,67662
6/18/2020,Onondaga,19,2634,1694,69356
6/19/2020,Onondaga,10,2644,1270,70626
6/20/2020,Onondaga,22,2666,2328,72954
6/21/2020,Onondaga,9,2675,954,73908
6/22/2020,Onondaga,27,2702,1060,74968
6/23/2020,Onondaga,32,2734,1234,76202
6/24/2020,Onondaga,17,2751,1183,77385
6/25/2020,Onondaga,31,2782,1402,78787
6/26/2020,Onondaga,9,2791,1517,80304
6/27/2020,Onondaga,25,2816,1721,82025
6/28/2020,Onondaga,6,2822,1257,83282
6/29/2020,Onondaga,20,2842,1288,84570
6/30/2020,Onondaga,21,2863,1368,85938
7/1/2020,Onondaga,34,2897,1909,87847
7/2/2020,Onondaga,12,2909,968,88815
7/3/2020,Onondaga,19,2928,843,89658
7/4/2020,Onondaga,21,2949,856,90514
7/5/2020,Onondaga,14,2963,651,91165
7/6/2020,Onondaga,34,2997,1455,92620
7/7/2020,Onondaga,32,3029,1911,94531
7/8/2020,Onondaga,21,3050,2070,96601
7/9/2020,Onondaga,28,3078,1155,97756
7/10/2020,Onondaga,22,3100,1161,98917
7/11/2020,Onondaga,24,3124,1344,100261
7/12/2020,Onondaga,18,3142,1288,101549
7/13/2020,Onondaga,37,3179,2118,103667
7/14/2020,Onondaga,24,3203,1227,104894
7/15/2020,Onondaga,22,3225,1697,106591
7/16/2020,Onondaga,15,3240,2153,108744
7/17/2020,Onondaga,22,3262,1912,110656
7/18/2020,Onondaga,16,3278,1100,111756
7/19/2020,Onondaga,12,3290,1758,113514
7/20/2020,Onondaga,22,3312,1918,115432
7/21/2020,Onondaga,14,3326,1844,117276
7/22/2020,Onondaga,18,3344,1965,119241
7/23/2020,Onondaga,16,3360,2174,121415
7/24/2020,Onondaga,18,3378,1868,123283
7/25/2020,Onondaga,11,3389,2415,125698
7/26/2020,Onondaga,9,3398,1790,127488
7/27/2020,Onondaga,21,3419,1744,129232
7/28/2020,Onondaga,18,3437,1664,130896
7/29/2020,Onondaga,22,3459,1408,132304
7/30/2020,Onondaga,5,3464,1481,133785
7/31/2020,Onondaga,13,3477,1678,135463
8/1/2020,Onondaga,8,3485,1274,136737
8/2/2020,Onondaga,5,3490,689,137426
8/3/2020,Onondaga,25,3515,3057,140483
8/4/2020,Onondaga,10,3525,2030,142513
8/5/2020,Onondaga,10,3535,1499,144012
8/6/2020,Onondaga,21,3556,2037,146049
8/7/2020,Onondaga,9,3565,1799,147848
8/8/2020,Onondaga,11,3576,1052,148900
8/9/2020,Onondaga,9,3585,806,149706
8/10/2020,Onondaga,17,3602,4122,153828
8/11/2020,Onondaga,11,3613,1526,155354
8/12/2020,Onondaga,14,3627,1208,156562
8/13/2020,Onondaga,19,3646,1784,158346
8/14/2020,Onondaga,17,3663,1984,160330
8/15/2020,Onondaga,11,3674,1102,161432
8/16/2020,Onondaga,6,3680,1956,163388
8/17/2020,Onondaga,16,3696,1933,165321
8/18/2020,Onondaga,16,3712,1885,167206
8/19/2020,Onondaga,7,3719,2150,169356
8/20/2020,Onondaga,24,3743,2297,171653
8/21/2020,Onondaga,13,3756,2177,173830
8/22/2020,Onondaga,2,3758,1402,175232
8/23/2020,Onondaga,10,3768,844,176076
8/24/2020,Onondaga,24,3792,3288,179364
8/25/2020,Onondaga,9,3801,1168,180532
8/26/2020,Onondaga,31,3832,1590,182122
8/27/2020,Onondaga,15,3847,1959,184081
8/28/2020,Onondaga,19,3866,3709,187790
8/29/2020,Onondaga,17,3883,1813,189603
8/30/2020,Onondaga,9,3892,820,190423
8/31/2020,Onondaga,20,3912,1531,191954
9/1/2020,Onondaga,10,3922,1352,193306
9/2/2020,Onondaga,15,3937,1535,194841
9/3/2020,Onondaga,10,3947,1606,196447
9/4/2020,Onondaga,17,3964,2611,199058
9/5/2020,Onondaga,19,3983,1554,200612
9/6/2020,Onondaga,10,3993,853,201465
9/7/2020,Onondaga,9,4002,1305,202770
9/8/2020,Onondaga,10,4012,652,203422
9/9/2020,Onondaga,11,4023,859,204281
9/10/2020,Onondaga,20,4043,2201,206482
9/11/2020,Onondaga,17,4060,3386,209868
9/12/2020,Onondaga,21,4081,1703,211571
9/13/2020,Onondaga,15,4096,862,212433
9/14/2020,Onondaga,18,4114,1186,213619
9/15/2020,Onondaga,19,4133,1471,215090
9/16/2020,Onondaga,25,4158,1673,216763
9/17/2020,Onondaga,27,4185,1588,218351
9/18/2020,Onondaga,16,4201,3815,222166
9/19/2020,Onondaga,19,4220,2717,224883
9/20/2020,Onondaga,11,4231,1149,226032
9/21/2020,Onondaga,22,4253,1394,227426
9/22/2020,Onondaga,17,4270,1376,228802
9/23/2020,Onondaga,30,4300,1853,230655
9/24/2020,Onondaga,21,4321,2429,233084
9/25/2020,Onondaga,21,4342,2876,235960
9/26/2020,Onondaga,23,4365,2225,238185
9/27/2020,Onondaga,14,4379,1240,239425
9/28/2020,Onondaga,30,4409,1882,241307
9/29/2020,Onondaga,15,4424,3423,244730
9/30/2020,Onondaga,32,4456,2579,247309
10/1/2020,Onondaga,38,4494,5101,252410
10/2/2020,Onondaga,34,4528,4586,256996
10/3/2020,Onondaga,9,4537,2564,259560
10/4/2020,Onondaga,19,4556,1620,261180
10/5/2020,Onondaga,37,4593,2081,263261
10/6/2020,Onondaga,43,4636,3538,266799
10/7/2020,Onondaga,33,4669,4536,271335
10/8/2020,Onondaga,24,4693,3498,274833
10/9/2020,Onondaga,54,4747,5423,280256
10/10/2020,Onondaga,32,4779,3349,283605
10/11/2020,Onondaga,28,4807,1836,285441
10/12/2020,Onondaga,36,4843,1698,287139
10/13/2020,Onondaga,37,4880,3261,290400
10/14/2020,Onondaga,28,4908,4032,294432
10/15/2020,Onondaga,38,4946,3429,297861
10/16/2020,Onondaga,31,4977,4669,302530
10/17/2020,Onondaga,34,5011,2541,305071
10/18/2020,Onondaga,10,5021,1370,306441
10/19/2020,Onondaga,31,5052,1783,308224
10/20/2020,Onondaga,69,5121,3662,311886
10/21/2020,Onondaga,49,5170,6432,318318
10/22/2020,Onondaga,52,5222,5719,324037
10/23/2020,Onondaga,55,5277,6258,330295
10/24/2020,Onondaga,32,5309,3528,333823
10/25/2020,Onondaga,28,5337,1876,335699
10/26/2020,Onondaga,62,5399,2764,338463
10/27/2020,Onondaga,55,5454,5376,343839
10/28/2020,Onondaga,44,5498,5268,349107
10/29/2020,Onondaga,105,5603,4415,353522
10/30/2020,Onondaga,93,5696,4191,357713
10/31/2020,Onondaga,66,5762,4241,361954
11/1/2020,Onondaga,33,5795,1471,363425
11/2/2020,Onondaga,86,5881,3064,366489
11/3/2020,Onondaga,120,6001,4008,370497
11/4/2020,Onondaga,121,6122,5230,375727
11/5/2020,Onondaga,135,6257,4978,380705
11/6/2020,Onondaga,139,6396,5537,386242
11/7/2020,Onondaga,95,6491,3592,389834
11/8/2020,Onondaga,85,6576,2069,391903
11/9/2020,Onondaga,250,6826,3815,395718
11/10/2020,Onondaga,195,7021,5017,400735
11/11/2020,Onondaga,190,7211,3388,404123
11/12/2020,Onondaga,210,7421,8886,413009
11/13/2020,Onondaga,229,7650,5366,418375
11/14/2020,Onondaga,99,7749,2102,420477
3/1/2020,Ontario,0,0,0,0
3/2/2020,Ontario,0,0,0,0
3/3/2020,Ontario,0,0,0,0
3/4/2020,Ontario,0,0,0,0
3/5/2020,Ontario,0,0,0,0
3/6/2020,Ontario,0,0,0,0
3/7/2020,Ontario,0,0,0,0
3/8/2020,Ontario,0,0,0,0
3/9/2020,Ontario,0,0,0,0
3/10/2020,Ontario,0,0,0,0
3/11/2020,Ontario,0,0,0,0
3/12/2020,Ontario,0,0,2,2
3/13/2020,Ontario,0,0,4,6
3/14/2020,Ontario,0,0,3,9
3/15/2020,Ontario,1,1,5,14
3/16/2020,Ontario,0,1,1,15
3/17/2020,Ontario,0,1,3,18
3/18/2020,Ontario,0,1,8,26
3/19/2020,Ontario,2,3,15,41
3/20/2020,Ontario,1,4,25,66
3/21/2020,Ontario,2,6,25,91
3/22/2020,Ontario,0,6,5,96
3/23/2020,Ontario,1,7,13,109
3/24/2020,Ontario,2,9,19,128
3/25/2020,Ontario,2,11,21,149
3/26/2020,Ontario,3,14,29,178
3/27/2020,Ontario,2,16,34,212
3/28/2020,Ontario,2,18,26,238
3/29/2020,Ontario,2,20,16,254
3/30/2020,Ontario,2,22,26,280
3/31/2020,Ontario,2,24,37,317
4/1/2020,Ontario,2,26,29,346
4/2/2020,Ontario,2,28,29,375
4/3/2020,Ontario,3,31,36,411
4/4/2020,Ontario,1,32,33,444
4/5/2020,Ontario,0,32,26,470
4/6/2020,Ontario,1,33,32,502
4/7/2020,Ontario,6,39,50,552
4/8/2020,Ontario,4,43,38,590
4/9/2020,Ontario,8,51,50,640
4/10/2020,Ontario,5,56,39,679
4/11/2020,Ontario,1,57,27,706
4/12/2020,Ontario,0,57,12,718
4/13/2020,Ontario,4,61,48,766
4/14/2020,Ontario,1,62,25,791
4/15/2020,Ontario,3,65,31,822
4/16/2020,Ontario,2,67,34,856
4/17/2020,Ontario,2,69,33,889
4/18/2020,Ontario,1,70,24,913
4/19/2020,Ontario,1,71,20,933
4/20/2020,Ontario,1,72,43,976
4/21/2020,Ontario,1,73,66,1042
4/22/2020,Ontario,0,73,31,1073
4/23/2020,Ontario,0,73,37,1110
4/24/2020,Ontario,9,82,239,1349
4/25/2020,Ontario,2,84,34,1383
4/26/2020,Ontario,2,86,40,1423
4/27/2020,Ontario,4,90,50,1473
4/28/2020,Ontario,0,90,60,1533
4/29/2020,Ontario,0,90,78,1611
4/30/2020,Ontario,1,91,91,1702
5/1/2020,Ontario,1,92,62,1764
5/2/2020,Ontario,3,95,90,1854
5/3/2020,Ontario,1,96,81,1935
5/4/2020,Ontario,1,97,86,2021
5/5/2020,Ontario,2,99,105,2126
5/6/2020,Ontario,2,101,121,2247
5/7/2020,Ontario,3,104,108,2355
5/8/2020,Ontario,0,104,69,2424
5/9/2020,Ontario,2,106,109,2533
5/10/2020,Ontario,1,107,92,2625
5/11/2020,Ontario,0,107,74,2699
5/12/2020,Ontario,2,109,140,2839
5/13/2020,Ontario,20,129,334,3173
5/14/2020,Ontario,4,133,135,3308
5/15/2020,Ontario,6,139,136,3444
5/16/2020,Ontario,7,146,160,3604
5/17/2020,Ontario,2,148,96,3700
5/18/2020,Ontario,4,152,157,3857
5/19/2020,Ontario,18,170,351,4208
5/20/2020,Ontario,6,176,264,4472
5/21/2020,Ontario,4,180,191,4663
5/22/2020,Ontario,2,182,125,4788
5/23/2020,Ontario,2,184,201,4989
5/24/2020,Ontario,1,185,99,5088
5/25/2020,Ontario,10,195,218,5306
5/26/2020,Ontario,3,198,182,5488
5/27/2020,Ontario,3,201,246,5734
5/28/2020,Ontario,4,205,209,5943
5/29/2020,Ontario,1,206,126,6069
5/30/2020,Ontario,1,207,328,6397
5/31/2020,Ontario,1,208,188,6585
6/1/2020,Ontario,1,209,206,6791
6/2/2020,Ontario,6,215,485,7276
6/3/2020,Ontario,3,218,421,7697
6/4/2020,Ontario,1,219,379,8076
6/5/2020,Ontario,1,220,505,8581
6/6/2020,Ontario,1,221,236,8817
6/7/2020,Ontario,0,221,293,9110
6/8/2020,Ontario,1,222,238,9348
6/9/2020,Ontario,0,222,403,9751
6/10/2020,Ontario,7,229,520,10271
6/11/2020,Ontario,1,230,392,10663
6/12/2020,Ontario,0,230,337,11000
6/13/2020,Ontario,3,233,420,11420
6/14/2020,Ontario,0,233,240,11660
6/15/2020,Ontario,1,234,338,11998
6/16/2020,Ontario,0,234,319,12317
6/17/2020,Ontario,1,235,214,12531
6/18/2020,Ontario,4,239,327,12858
6/19/2020,Ontario,0,239,354,13212
6/20/2020,Ontario,1,240,271,13483
6/21/2020,Ontario,2,242,271,13754
6/22/2020,Ontario,0,242,207,13961
6/23/2020,Ontario,4,246,293,14254
6/24/2020,Ontario,2,248,261,14515
6/25/2020,Ontario,4,252,285,14800
6/26/2020,Ontario,2,254,408,15208
6/27/2020,Ontario,2,256,226,15434
6/28/2020,Ontario,1,257,302,15736
6/29/2020,Ontario,2,259,252,15988
6/30/2020,Ontario,6,265,268,16256
7/1/2020,Ontario,3,268,288,16544
7/2/2020,Ontario,7,275,301,16845
7/3/2020,Ontario,3,278,385,17230
7/4/2020,Ontario,2,280,241,17471
7/5/2020,Ontario,2,282,223,17694
7/6/2020,Ontario,1,283,406,18100
7/7/2020,Ontario,3,286,321,18421
7/8/2020,Ontario,4,290,370,18791
7/9/2020,Ontario,3,293,296,19087
7/10/2020,Ontario,3,296,474,19561
7/11/2020,Ontario,4,300,324,19885
7/12/2020,Ontario,2,302,241,20126
7/13/2020,Ontario,5,307,359,20485
7/14/2020,Ontario,5,312,386,20871
7/15/2020,Ontario,5,317,423,21294
7/16/2020,Ontario,2,319,393,21687
7/17/2020,Ontario,5,324,437,22124
7/18/2020,Ontario,0,324,200,22324
7/19/2020,Ontario,2,326,262,22586
7/20/2020,Ontario,3,329,391,22977
7/21/2020,Ontario,4,333,377,23354
7/22/2020,Ontario,1,334,427,23781
7/23/2020,Ontario,3,337,433,24214
7/24/2020,Ontario,1,338,450,24664
7/25/2020,Ontario,3,341,329,24993
7/26/2020,Ontario,2,343,210,25203
7/27/2020,Ontario,2,345,295,25498
7/28/2020,Ontario,2,347,373,25871
7/29/2020,Ontario,2,349,397,26268
7/30/2020,Ontario,0,349,579,26847
7/31/2020,Ontario,0,349,393,27240
8/1/2020,Ontario,0,349,273,27513
8/2/2020,Ontario,2,351,221,27734
8/3/2020,Ontario,1,352,255,27989
8/4/2020,Ontario,0,352,370,28359
8/5/2020,Ontario,3,355,414,28773
8/6/2020,Ontario,2,357,453,29226
8/7/2020,Ontario,0,357,273,29499
8/8/2020,Ontario,3,360,365,29864
8/9/2020,Ontario,1,361,231,30095
8/10/2020,Ontario,1,362,346,30441
8/11/2020,Ontario,1,363,441,30882
8/12/2020,Ontario,2,365,471,31353
8/13/2020,Ontario,1,366,587,31940
8/14/2020,Ontario,1,367,417,32357
8/15/2020,Ontario,1,368,414,32771
8/16/2020,Ontario,1,369,306,33077
8/17/2020,Ontario,2,371,416,33493
8/18/2020,Ontario,0,371,499,33992
8/19/2020,Ontario,2,373,535,34527
8/20/2020,Ontario,0,373,720,35247
8/21/2020,Ontario,5,378,600,35847
8/22/2020,Ontario,3,381,466,36313
8/23/2020,Ontario,0,381,439,36752
8/24/2020,Ontario,0,381,382,37134
8/25/2020,Ontario,0,381,386,37520
8/26/2020,Ontario,3,384,339,37859
8/27/2020,Ontario,1,385,456,38315
8/28/2020,Ontario,1,386,396,38711
8/29/2020,Ontario,3,389,394,39105
8/30/2020,Ontario,2,391,292,39397
8/31/2020,Ontario,2,393,218,39615
9/1/2020,Ontario,0,393,332,39947
9/2/2020,Ontario,3,396,369,40316
9/3/2020,Ontario,2,398,626,40942
9/4/2020,Ontario,3,401,400,41342
9/5/2020,Ontario,4,405,450,41792
9/6/2020,Ontario,3,408,178,41970
9/7/2020,Ontario,5,413,211,42181
9/8/2020,Ontario,8,421,452,42633
9/9/2020,Ontario,2,423,268,42901
9/10/2020,Ontario,4,427,311,43212
9/11/2020,Ontario,8,435,1003,44215
9/12/2020,Ontario,4,439,284,44499
9/13/2020,Ontario,4,443,396,44895
9/14/2020,Ontario,1,444,311,45206
9/15/2020,Ontario,5,449,438,45644
9/16/2020,Ontario,3,452,373,46017
9/17/2020,Ontario,2,454,673,46690
9/18/2020,Ontario,2,456,520,47210
9/19/2020,Ontario,5,461,443,47653
9/20/2020,Ontario,3,464,266,47919
9/21/2020,Ontario,1,465,346,48265
9/22/2020,Ontario,1,466,414,48679
9/23/2020,Ontario,1,467,466,49145
9/24/2020,Ontario,2,469,562,49707
9/25/2020,Ontario,2,471,677,50384
9/26/2020,Ontario,2,473,542,50926
9/27/2020,Ontario,1,474,294,51220
9/28/2020,Ontario,1,475,299,51519
9/29/2020,Ontario,0,475,453,51972
9/30/2020,Ontario,6,481,798,52770
10/1/2020,Ontario,3,484,554,53324
10/2/2020,Ontario,2,486,551,53875
10/3/2020,Ontario,3,489,518,54393
10/4/2020,Ontario,2,491,195,54588
10/5/2020,Ontario,9,500,467,55055
10/6/2020,Ontario,2,502,449,55504
10/7/2020,Ontario,3,505,440,55944
10/8/2020,Ontario,6,511,1130,57074
10/9/2020,Ontario,1,512,521,57595
10/10/2020,Ontario,4,516,932,58527
10/11/2020,Ontario,3,519,417,58944
10/12/2020,Ontario,8,527,442,59386
10/13/2020,Ontario,5,532,421,59807
10/14/2020,Ontario,5,537,795,60602
10/15/2020,Ontario,12,549,598,61200
10/16/2020,Ontario,10,559,721,61921
10/17/2020,Ontario,17,576,436,62357
10/18/2020,Ontario,10,586,504,62861
10/19/2020,Ontario,12,598,421,63282
10/20/2020,Ontario,5,603,496,63778
10/21/2020,Ontario,14,617,471,64249
10/22/2020,Ontario,12,629,751,65000
10/23/2020,Ontario,6,635,549,65549
10/24/2020,Ontario,9,644,427,65976
10/25/2020,Ontario,6,650,422,66398
10/26/2020,Ontario,13,663,511,66909
10/27/2020,Ontario,6,669,424,67333
10/28/2020,Ontario,10,679,643,67976
10/29/2020,Ontario,18,697,676,68652
10/30/2020,Ontario,4,701,627,69279
10/31/2020,Ontario,9,710,464,69743
11/1/2020,Ontario,11,721,470,70213
11/2/2020,Ontario,15,736,549,70762
11/3/2020,Ontario,9,745,455,71217
11/4/2020,Ontario,13,758,826,72043
11/5/2020,Ontario,20,778,608,72651
11/6/2020,Ontario,16,794,653,73304
11/7/2020,Ontario,28,822,551,73855
11/8/2020,Ontario,7,829,255,74110
11/9/2020,Ontario,19,848,704,74814
11/10/2020,Ontario,22,870,858,75672
11/11/2020,Ontario,19,889,759,76431
11/12/2020,Ontario,23,912,747,77178
11/13/2020,Ontario,27,939,603,77781
11/14/2020,Ontario,16,955,446,78227
3/1/2020,Orange,0,0,0,0
3/2/2020,Orange,0,0,0,0
3/3/2020,Orange,0,0,0,0
3/4/2020,Orange,0,0,0,0
3/5/2020,Orange,0,0,0,0
3/6/2020,Orange,0,0,0,0
3/7/2020,Orange,0,0,0,0
3/8/2020,Orange,0,0,0,0
3/9/2020,Orange,0,0,1,1
3/10/2020,Orange,0,0,0,1
3/11/2020,Orange,1,1,4,5
3/12/2020,Orange,0,1,12,17
3/13/2020,Orange,5,6,22,39
3/14/2020,Orange,0,6,12,51
3/15/2020,Orange,5,11,36,87
3/16/2020,Orange,4,15,36,123
3/17/2020,Orange,17,32,83,206
3/18/2020,Orange,19,51,94,300
3/19/2020,Orange,33,84,180,480
3/20/2020,Orange,79,163,377,857
3/21/2020,Orange,84,247,393,1250
3/22/2020,Orange,142,389,472,1722
3/23/2020,Orange,109,498,340,2062
3/24/2020,Orange,140,638,298,2360
3/25/2020,Orange,113,751,322,2682
3/26/2020,Orange,160,911,394,3076
3/27/2020,Orange,190,1101,498,3574
3/28/2020,Orange,146,1247,373,3947
3/29/2020,Orange,188,1435,394,4341
3/30/2020,Orange,121,1556,306,4647
3/31/2020,Orange,200,1756,477,5124
4/1/2020,Orange,237,1993,628,5752
4/2/2020,Orange,404,2397,1114,6866
4/3/2020,Orange,344,2741,1046,7912
4/4/2020,Orange,361,3102,1077,8989
4/5/2020,Orange,295,3397,827,9816
4/6/2020,Orange,202,3599,604,10420
4/7/2020,Orange,266,3865,711,11131
4/8/2020,Orange,225,4090,578,11709
4/9/2020,Orange,442,4532,1335,13044
4/10/2020,Orange,315,4847,879,13923
4/11/2020,Orange,180,5027,563,14486
4/12/2020,Orange,155,5182,492,14978
4/13/2020,Orange,396,5578,1161,16139
4/14/2020,Orange,138,5716,341,16480
4/15/2020,Orange,172,5888,521,17001
4/16/2020,Orange,196,6084,512,17513
4/17/2020,Orange,182,6266,575,18088
4/18/2020,Orange,113,6379,411,18499
4/19/2020,Orange,103,6482,278,18777
4/20/2020,Orange,79,6561,298,19075
4/21/2020,Orange,129,6690,430,19505
4/22/2020,Orange,126,6816,399,19904
4/23/2020,Orange,339,7155,1213,21117
4/24/2020,Orange,818,7973,2748,23865
4/25/2020,Orange,133,8106,643,24508
4/26/2020,Orange,132,8238,587,25095
4/27/2020,Orange,136,8374,645,25740
4/28/2020,Orange,114,8488,602,26342
4/29/2020,Orange,162,8650,880,27222
4/30/2020,Orange,101,8751,787,28009
5/1/2020,Orange,159,8910,839,28848
5/2/2020,Orange,57,8967,510,29358
5/3/2020,Orange,48,9015,421,29779
5/4/2020,Orange,129,9144,869,30648
5/5/2020,Orange,71,9215,509,31157
5/6/2020,Orange,113,9328,1181,32338
5/7/2020,Orange,74,9402,842,33180
5/8/2020,Orange,84,9486,690,33870
5/9/2020,Orange,57,9543,535,34405
5/10/2020,Orange,41,9584,402,34807
5/11/2020,Orange,48,9632,516,35323
5/12/2020,Orange,61,9693,614,35937
5/13/2020,Orange,78,9771,939,36876
5/14/2020,Orange,54,9825,766,37642
5/15/2020,Orange,54,9879,715,38357
5/16/2020,Orange,64,9943,662,39019
5/17/2020,Orange,22,9965,367,39386
5/18/2020,Orange,23,9988,362,39748
5/19/2020,Orange,55,10043,819,40567
5/20/2020,Orange,49,10092,919,41486
5/21/2020,Orange,50,10142,753,42239
5/22/2020,Orange,55,10197,764,43003
5/23/2020,Orange,28,10225,638,43641
5/24/2020,Orange,19,10244,478,44119
5/25/2020,Orange,33,10277,617,44736
5/26/2020,Orange,15,10292,528,45264
5/27/2020,Orange,33,10325,1013,46277
5/28/2020,Orange,36,10361,868,47145
5/29/2020,Orange,28,10389,776,47921
5/30/2020,Orange,17,10406,683,48604
5/31/2020,Orange,16,10422,713,49317
6/1/2020,Orange,27,10449,1027,50344
6/2/2020,Orange,11,10460,842,51186
6/3/2020,Orange,11,10471,941,52127
6/4/2020,Orange,13,10484,978,53105
6/5/2020,Orange,24,10508,1157,54262
6/6/2020,Orange,6,10514,847,55109
6/7/2020,Orange,9,10523,827,55936
6/8/2020,Orange,10,10533,957,56893
6/9/2020,Orange,8,10541,937,57830
6/10/2020,Orange,9,10550,1056,58886
6/11/2020,Orange,8,10558,1048,59934
6/12/2020,Orange,5,10563,967,60901
6/13/2020,Orange,8,10571,655,61556
6/14/2020,Orange,2,10573,810,62366
6/15/2020,Orange,7,10580,758,63124
6/16/2020,Orange,19,10599,744,63868
6/17/2020,Orange,5,10604,793,64661
6/18/2020,Orange,16,10620,1197,65858
6/19/2020,Orange,18,10638,646,66504
6/20/2020,Orange,10,10648,698,67202
6/21/2020,Orange,6,10654,577,67779
6/22/2020,Orange,12,10666,1239,69018
6/23/2020,Orange,3,10669,502,69520
6/24/2020,Orange,10,10679,912,70432
6/25/2020,Orange,19,10698,887,71319
6/26/2020,Orange,12,10710,1012,72331
6/27/2020,Orange,3,10713,508,72839
6/28/2020,Orange,3,10716,459,73298
6/29/2020,Orange,7,10723,734,74032
6/30/2020,Orange,7,10730,638,74670
7/1/2020,Orange,14,10744,702,75372
7/2/2020,Orange,15,10759,1204,76576
7/3/2020,Orange,7,10766,923,77499
7/4/2020,Orange,9,10775,885,78384
7/5/2020,Orange,6,10781,622,79006
7/6/2020,Orange,17,10798,642,79648
7/7/2020,Orange,8,10806,734,80382
7/8/2020,Orange,4,10810,866,81248
7/9/2020,Orange,10,10820,959,82207
7/10/2020,Orange,10,10830,1007,83214
7/11/2020,Orange,5,10835,847,84061
7/12/2020,Orange,6,10841,605,84666
7/13/2020,Orange,9,10850,914,85580
7/14/2020,Orange,28,10878,947,86527
7/15/2020,Orange,17,10895,796,87323
7/16/2020,Orange,13,10908,1081,88404
7/17/2020,Orange,13,10921,796,89200
7/18/2020,Orange,10,10931,596,89796
7/19/2020,Orange,7,10938,417,90213
7/20/2020,Orange,15,10953,864,91077
7/21/2020,Orange,7,10960,670,91747
7/22/2020,Orange,8,10968,831,92578
7/23/2020,Orange,8,10976,974,93552
7/24/2020,Orange,18,10994,972,94524
7/25/2020,Orange,4,10998,418,94942
7/26/2020,Orange,12,11010,634,95576
7/27/2020,Orange,14,11024,792,96368
7/28/2020,Orange,10,11034,648,97016
7/29/2020,Orange,38,11072,2123,99139
7/30/2020,Orange,10,11082,712,99851
7/31/2020,Orange,6,11088,986,100837
8/1/2020,Orange,5,11093,585,101422
8/2/2020,Orange,3,11096,583,102005
8/3/2020,Orange,9,11105,1050,103055
8/4/2020,Orange,8,11113,659,103714
8/5/2020,Orange,14,11127,848,104562
8/6/2020,Orange,2,11129,734,105296
8/7/2020,Orange,27,11156,1153,106449
8/8/2020,Orange,3,11159,644,107093
8/9/2020,Orange,9,11168,543,107636
8/10/2020,Orange,12,11180,1202,108838
8/11/2020,Orange,11,11191,990,109828
8/12/2020,Orange,19,11210,904,110732
8/13/2020,Orange,7,11217,1055,111787
8/14/2020,Orange,12,11229,1349,113136
8/15/2020,Orange,25,11254,858,113994
8/16/2020,Orange,2,11256,662,114656
8/17/2020,Orange,13,11269,942,115598
8/18/2020,Orange,13,11282,1068,116666
8/19/2020,Orange,10,11292,1080,117746
8/20/2020,Orange,24,11316,1128,118874
8/21/2020,Orange,12,11328,1315,120189
8/22/2020,Orange,6,11334,940,121129
8/23/2020,Orange,9,11343,587,121716
8/24/2020,Orange,11,11354,671,122387
8/25/2020,Orange,12,11366,798,123185
8/26/2020,Orange,16,11382,873,124058
8/27/2020,Orange,17,11399,1435,125493
8/28/2020,Orange,11,11410,1140,126633
8/29/2020,Orange,8,11418,1565,128198
8/30/2020,Orange,15,11433,668,128866
8/31/2020,Orange,12,11445,829,129695
9/1/2020,Orange,15,11460,1787,131482
9/2/2020,Orange,18,11478,1105,132587
9/3/2020,Orange,9,11487,1220,133807
9/4/2020,Orange,17,11504,1095,134902
9/5/2020,Orange,11,11515,944,135846
9/6/2020,Orange,10,11525,654,136500
9/7/2020,Orange,10,11535,651,137151
9/8/2020,Orange,17,11552,891,138042
9/9/2020,Orange,20,11572,973,139015
9/10/2020,Orange,22,11594,1354,140369
9/11/2020,Orange,17,11611,1222,141591
9/12/2020,Orange,24,11635,798,142389
9/13/2020,Orange,17,11652,759,143148
9/14/2020,Orange,24,11676,1534,144682
9/15/2020,Orange,35,11711,816,145498
9/16/2020,Orange,23,11734,1112,146610
9/17/2020,Orange,26,11760,1228,147838
9/18/2020,Orange,30,11790,1413,149251
9/19/2020,Orange,22,11812,916,150167
9/20/2020,Orange,10,11822,724,150891
9/21/2020,Orange,13,11835,1278,152169
9/22/2020,Orange,16,11851,845,153014
9/23/2020,Orange,39,11890,1507,154521
9/24/2020,Orange,65,11955,1592,156113
9/25/2020,Orange,59,12014,1462,157575
9/26/2020,Orange,22,12036,1205,158780
9/27/2020,Orange,26,12062,566,159346
9/28/2020,Orange,60,12122,1497,160843
9/29/2020,Orange,21,12143,1121,161964
9/30/2020,Orange,56,12199,1405,163369
10/1/2020,Orange,74,12273,1595,164964
10/2/2020,Orange,87,12360,1425,166389
10/3/2020,Orange,34,12394,875,167264
10/4/2020,Orange,44,12438,945,168209
10/5/2020,Orange,55,12493,1702,169911
10/6/2020,Orange,70,12563,1790,171701
10/7/2020,Orange,101,12664,2622,174323
10/8/2020,Orange,84,12748,2324,176647
10/9/2020,Orange,50,12798,2234,178881
10/10/2020,Orange,44,12842,1789,180670
10/11/2020,Orange,27,12869,1170,181840
10/12/2020,Orange,61,12930,2106,183946
10/13/2020,Orange,53,12983,1848,185794
10/14/2020,Orange,50,13033,1914,187708
10/15/2020,Orange,65,13098,2966,190674
10/16/2020,Orange,41,13139,1930,192604
10/17/2020,Orange,30,13169,2291,194895
10/18/2020,Orange,13,13182,1107,196002
10/19/2020,Orange,36,13218,1970,197972
10/20/2020,Orange,40,13258,2107,200079
10/21/2020,Orange,45,13303,2056,202135
10/22/2020,Orange,39,13342,2644,204779
10/23/2020,Orange,71,13413,2452,207231
10/24/2020,Orange,44,13457,2062,209293
10/25/2020,Orange,18,13475,1113,210406
10/26/2020,Orange,73,13548,2724,213130
10/27/2020,Orange,49,13597,2001,215131
10/28/2020,Orange,75,13672,2918,218049
10/29/2020,Orange,71,13743,2980,221029
10/30/2020,Orange,87,13830,2916,223945
10/31/2020,Orange,59,13889,1799,225744
11/1/2020,Orange,44,13933,1540,227284
11/2/2020,Orange,65,13998,2871,230155
11/3/2020,Orange,57,14055,1764,231919
11/4/2020,Orange,80,14135,2663,234582
11/5/2020,Orange,86,14221,2453,237035
11/6/2020,Orange,80,14301,2860,239895
11/7/2020,Orange,68,14369,2626,242521
11/8/2020,Orange,96,14465,2728,245249
11/9/2020,Orange,88,14553,3701,248950
11/10/2020,Orange,148,14701,2695,251645
11/11/2020,Orange,102,14803,2401,254046
11/12/2020,Orange,107,14910,2746,256792
11/13/2020,Orange,121,15031,3036,259828
11/14/2020,Orange,93,15124,1531,261359
3/1/2020,Orleans,0,0,0,0
3/2/2020,Orleans,0,0,0,0
3/3/2020,Orleans,0,0,0,0
3/4/2020,Orleans,0,0,0,0
3/5/2020,Orleans,0,0,0,0
3/6/2020,Orleans,0,0,0,0
3/7/2020,Orleans,0,0,0,0
3/8/2020,Orleans,0,0,0,0
3/9/2020,Orleans,0,0,0,0
3/10/2020,Orleans,0,0,0,0
3/11/2020,Orleans,0,0,0,0
3/12/2020,Orleans,0,0,0,0
3/13/2020,Orleans,0,0,1,1
3/14/2020,Orleans,0,0,0,1
3/15/2020,Orleans,0,0,0,1
3/16/2020,Orleans,0,0,5,6
3/17/2020,Orleans,0,0,5,11
3/18/2020,Orleans,0,0,3,14
3/19/2020,Orleans,0,0,6,20
3/20/2020,Orleans,0,0,5,25
3/21/2020,Orleans,0,0,7,32
3/22/2020,Orleans,0,0,4,36
3/23/2020,Orleans,2,2,9,45
3/24/2020,Orleans,0,2,7,52
3/25/2020,Orleans,0,2,11,63
3/26/2020,Orleans,1,3,11,74
3/27/2020,Orleans,0,3,8,82
3/28/2020,Orleans,0,3,3,85
3/29/2020,Orleans,1,4,11,96
3/30/2020,Orleans,2,6,14,110
3/31/2020,Orleans,0,6,6,116
4/1/2020,Orleans,0,6,11,127
4/2/2020,Orleans,3,9,13,140
4/3/2020,Orleans,1,10,11,151
4/4/2020,Orleans,1,11,9,160
4/5/2020,Orleans,2,13,16,176
4/6/2020,Orleans,2,15,17,193
4/7/2020,Orleans,1,16,14,207
4/8/2020,Orleans,6,22,27,234
4/9/2020,Orleans,2,24,14,248
4/10/2020,Orleans,0,24,3,251
4/11/2020,Orleans,1,25,7,258
4/12/2020,Orleans,1,26,6,264
4/13/2020,Orleans,5,31,18,282
4/14/2020,Orleans,2,33,8,290
4/15/2020,Orleans,1,34,5,295
4/16/2020,Orleans,0,34,4,299
4/17/2020,Orleans,7,41,14,313
4/18/2020,Orleans,5,46,35,348
4/19/2020,Orleans,0,46,3,351
4/20/2020,Orleans,7,53,33,384
4/21/2020,Orleans,3,56,11,395
4/22/2020,Orleans,3,59,11,406
4/23/2020,Orleans,1,60,13,419
4/24/2020,Orleans,15,75,98,517
4/25/2020,Orleans,5,80,28,545
4/26/2020,Orleans,0,80,14,559
4/27/2020,Orleans,0,80,8,567
4/28/2020,Orleans,5,85,26,593
4/29/2020,Orleans,4,89,35,628
4/30/2020,Orleans,3,92,23,651
5/1/2020,Orleans,1,93,29,680
5/2/2020,Orleans,4,97,22,702
5/3/2020,Orleans,0,97,21,723
5/4/2020,Orleans,2,99,15,738
5/5/2020,Orleans,4,103,36,774
5/6/2020,Orleans,5,108,33,807
5/7/2020,Orleans,13,121,62,869
5/8/2020,Orleans,1,122,29,898
5/9/2020,Orleans,4,126,41,939
5/10/2020,Orleans,4,130,40,979
5/11/2020,Orleans,3,133,31,1010
5/12/2020,Orleans,9,142,61,1071
5/13/2020,Orleans,3,145,57,1128
5/14/2020,Orleans,2,147,38,1166
5/15/2020,Orleans,16,163,102,1268
5/16/2020,Orleans,4,167,59,1327
5/17/2020,Orleans,0,167,42,1369
5/18/2020,Orleans,1,168,48,1417
5/19/2020,Orleans,3,171,60,1477
5/20/2020,Orleans,3,174,98,1575
5/21/2020,Orleans,1,175,50,1625
5/22/2020,Orleans,21,196,85,1710
5/23/2020,Orleans,6,202,129,1839
5/24/2020,Orleans,3,205,63,1902
5/25/2020,Orleans,3,208,49,1951
5/26/2020,Orleans,2,210,44,1995
5/27/2020,Orleans,2,212,117,2112
5/28/2020,Orleans,4,216,112,2224
5/29/2020,Orleans,12,228,83,2307
5/30/2020,Orleans,1,229,101,2408
5/31/2020,Orleans,7,236,105,2513
6/1/2020,Orleans,5,241,89,2602
6/2/2020,Orleans,5,246,157,2759
6/3/2020,Orleans,1,247,81,2840
6/4/2020,Orleans,0,247,102,2942
6/5/2020,Orleans,7,254,183,3125
6/6/2020,Orleans,1,255,115,3240
6/7/2020,Orleans,1,256,69,3309
6/8/2020,Orleans,1,257,77,3386
6/9/2020,Orleans,2,259,117,3503
6/10/2020,Orleans,1,260,89,3592
6/11/2020,Orleans,0,260,89,3681
6/12/2020,Orleans,1,261,114,3795
6/13/2020,Orleans,6,267,92,3887
6/14/2020,Orleans,1,268,60,3947
6/15/2020,Orleans,0,268,117,4064
6/16/2020,Orleans,2,270,81,4145
6/17/2020,Orleans,1,271,121,4266
6/18/2020,Orleans,3,274,110,4376
6/19/2020,Orleans,1,275,89,4465
6/20/2020,Orleans,1,276,97,4562
6/21/2020,Orleans,0,276,111,4673
6/22/2020,Orleans,1,277,98,4771
6/23/2020,Orleans,0,277,53,4824
6/24/2020,Orleans,2,279,85,4909
6/25/2020,Orleans,0,279,37,4946
6/26/2020,Orleans,1,280,128,5074
6/27/2020,Orleans,1,281,98,5172
6/28/2020,Orleans,0,281,121,5293
6/29/2020,Orleans,0,281,70,5363
6/30/2020,Orleans,0,281,84,5447
7/1/2020,Orleans,1,282,68,5515
7/2/2020,Orleans,0,282,78,5593
7/3/2020,Orleans,0,282,152,5745
7/4/2020,Orleans,0,282,138,5883
7/5/2020,Orleans,2,284,95,5978
7/6/2020,Orleans,1,285,98,6076
7/7/2020,Orleans,1,286,115,6191
7/8/2020,Orleans,0,286,41,6232
7/9/2020,Orleans,1,287,140,6372
7/10/2020,Orleans,0,287,105,6477
7/11/2020,Orleans,0,287,144,6621
7/12/2020,Orleans,0,287,66,6687
7/13/2020,Orleans,1,288,65,6752
7/14/2020,Orleans,0,288,81,6833
7/15/2020,Orleans,0,288,147,6980
7/16/2020,Orleans,0,288,73,7053
7/17/2020,Orleans,0,288,114,7167
7/18/2020,Orleans,0,288,48,7215
7/19/2020,Orleans,0,288,64,7279
7/20/2020,Orleans,0,288,90,7369
7/21/2020,Orleans,0,288,72,7441
7/22/2020,Orleans,0,288,78,7519
7/23/2020,Orleans,1,289,85,7604
7/24/2020,Orleans,0,289,71,7675
7/25/2020,Orleans,1,290,70,7745
7/26/2020,Orleans,0,290,75,7820
7/27/2020,Orleans,0,290,74,7894
7/28/2020,Orleans,1,291,111,8005
7/29/2020,Orleans,0,291,80,8085
7/30/2020,Orleans,2,293,100,8185
7/31/2020,Orleans,2,295,170,8355
8/1/2020,Orleans,0,295,81,8436
8/2/2020,Orleans,0,295,61,8497
8/3/2020,Orleans,0,295,123,8620
8/4/2020,Orleans,2,297,162,8782
8/5/2020,Orleans,0,297,66,8848
8/6/2020,Orleans,0,297,111,8959
8/7/2020,Orleans,1,298,199,9158
8/8/2020,Orleans,0,298,89,9247
8/9/2020,Orleans,0,298,65,9312
8/10/2020,Orleans,0,298,110,9422
8/11/2020,Orleans,0,298,110,9532
8/12/2020,Orleans,1,299,166,9698
8/13/2020,Orleans,0,299,113,9811
8/14/2020,Orleans,1,300,104,9915
8/15/2020,Orleans,1,301,174,10089
8/16/2020,Orleans,1,302,75,10164
8/17/2020,Orleans,0,302,96,10260
8/18/2020,Orleans,1,303,134,10394
8/19/2020,Orleans,0,303,95,10489
8/20/2020,Orleans,0,303,94,10583
8/21/2020,Orleans,1,304,130,10713
8/22/2020,Orleans,0,304,111,10824
8/23/2020,Orleans,0,304,99,10923
8/24/2020,Orleans,0,304,67,10990
8/25/2020,Orleans,1,305,143,11133
8/26/2020,Orleans,0,305,105,11238
8/27/2020,Orleans,1,306,97,11335
8/28/2020,Orleans,0,306,147,11482
8/29/2020,Orleans,0,306,114,11596
8/30/2020,Orleans,0,306,118,11714
8/31/2020,Orleans,0,306,71,11785
9/1/2020,Orleans,0,306,112,11897
9/2/2020,Orleans,0,306,184,12081
9/3/2020,Orleans,1,307,225,12306
9/4/2020,Orleans,3,310,161,12467
9/5/2020,Orleans,4,314,347,12814
9/6/2020,Orleans,1,315,66,12880
9/7/2020,Orleans,2,317,130,13010
9/8/2020,Orleans,0,317,86,13096
9/9/2020,Orleans,1,318,99,13195
9/10/2020,Orleans,2,320,195,13390
9/11/2020,Orleans,1,321,123,13513
9/12/2020,Orleans,0,321,132,13645
9/13/2020,Orleans,0,321,81,13726
9/14/2020,Orleans,1,322,57,13783
9/15/2020,Orleans,0,322,165,13948
9/16/2020,Orleans,0,322,251,14199
9/17/2020,Orleans,0,322,160,14359
9/18/2020,Orleans,1,323,240,14599
9/19/2020,Orleans,0,323,171,14770
9/20/2020,Orleans,1,324,62,14832
9/21/2020,Orleans,1,325,278,15110
9/22/2020,Orleans,0,325,144,15254
9/23/2020,Orleans,2,327,256,15510
9/24/2020,Orleans,3,330,164,15674
9/25/2020,Orleans,2,332,149,15823
9/26/2020,Orleans,3,335,162,15985
9/27/2020,Orleans,0,335,80,16065
9/28/2020,Orleans,0,335,131,16196
9/29/2020,Orleans,1,336,135,16331
9/30/2020,Orleans,0,336,192,16523
10/1/2020,Orleans,0,336,118,16641
10/2/2020,Orleans,1,337,164,16805
10/3/2020,Orleans,0,337,130,16935
10/4/2020,Orleans,0,337,47,16982
10/5/2020,Orleans,1,338,89,17071
10/6/2020,Orleans,2,340,148,17219
10/7/2020,Orleans,2,342,190,17409
10/8/2020,Orleans,1,343,163,17572
10/9/2020,Orleans,1,344,178,17750
10/10/2020,Orleans,6,350,170,17920
10/11/2020,Orleans,2,352,81,18001
10/12/2020,Orleans,2,354,133,18134
10/13/2020,Orleans,1,355,97,18231
10/14/2020,Orleans,1,356,175,18406
10/15/2020,Orleans,3,359,176,18582
10/16/2020,Orleans,1,360,161,18743
10/17/2020,Orleans,2,362,105,18848
10/18/2020,Orleans,1,363,133,18981
10/19/2020,Orleans,5,368,105,19086
10/20/2020,Orleans,8,376,114,19200
10/21/2020,Orleans,2,378,190,19390
10/22/2020,Orleans,1,379,174,19564
10/23/2020,Orleans,6,385,228,19792
10/24/2020,Orleans,8,393,137,19929
10/25/2020,Orleans,6,399,167,20096
10/26/2020,Orleans,2,401,146,20242
10/27/2020,Orleans,5,406,106,20348
10/28/2020,Orleans,6,412,205,20553
10/29/2020,Orleans,1,413,158,20711
10/30/2020,Orleans,0,413,149,20860
10/31/2020,Orleans,0,413,157,21017
11/1/2020,Orleans,2,415,196,21213
11/2/2020,Orleans,3,418,132,21345
11/3/2020,Orleans,3,421,96,21441
11/4/2020,Orleans,1,422,182,21623
11/5/2020,Orleans,7,429,191,21814
11/6/2020,Orleans,5,434,234,22048
11/7/2020,Orleans,8,442,161,22209
11/8/2020,Orleans,8,450,63,22272
11/9/2020,Orleans,3,453,181,22453
11/10/2020,Orleans,13,466,214,22667
11/11/2020,Orleans,14,480,133,22800
11/12/2020,Orleans,18,498,238,23038
11/13/2020,Orleans,10,508,242,23280
11/14/2020,Orleans,7,515,64,23344
3/1/2020,Oswego,0,0,0,0
3/2/2020,Oswego,0,0,0,0
3/3/2020,Oswego,0,0,0,0
3/4/2020,Oswego,0,0,0,0
3/5/2020,Oswego,0,0,0,0
3/6/2020,Oswego,0,0,0,0
3/7/2020,Oswego,0,0,0,0
3/8/2020,Oswego,0,0,0,0
3/9/2020,Oswego,0,0,0,0
3/10/2020,Oswego,0,0,1,1
3/11/2020,Oswego,0,0,0,1
3/12/2020,Oswego,0,0,0,1
3/13/2020,Oswego,0,0,2,3
3/14/2020,Oswego,0,0,2,5
3/15/2020,Oswego,0,0,0,5
3/16/2020,Oswego,0,0,4,9
3/17/2020,Oswego,0,0,3,12
3/18/2020,Oswego,0,0,8,20
3/19/2020,Oswego,0,0,3,23
3/20/2020,Oswego,0,0,11,34
3/21/2020,Oswego,0,0,19,53
3/22/2020,Oswego,1,1,23,76
3/23/2020,Oswego,1,2,28,104
3/24/2020,Oswego,0,2,13,117
3/25/2020,Oswego,2,4,25,142
3/26/2020,Oswego,0,4,18,160
3/27/2020,Oswego,3,7,38,198
3/28/2020,Oswego,1,8,35,233
3/29/2020,Oswego,6,14,53,286
3/30/2020,Oswego,1,15,30,316
3/31/2020,Oswego,2,17,27,343
4/1/2020,Oswego,5,22,80,423
4/2/2020,Oswego,4,26,82,505
4/3/2020,Oswego,0,26,31,536
4/4/2020,Oswego,2,28,26,562
4/5/2020,Oswego,1,29,39,601
4/6/2020,Oswego,2,31,70,671
4/7/2020,Oswego,2,33,27,698
4/8/2020,Oswego,3,36,61,759
4/9/2020,Oswego,0,36,32,791
4/10/2020,Oswego,1,37,12,803
4/11/2020,Oswego,1,38,15,818
4/12/2020,Oswego,0,38,10,828
4/13/2020,Oswego,3,41,74,902
4/14/2020,Oswego,1,42,17,919
4/15/2020,Oswego,2,44,18,937
4/16/2020,Oswego,1,45,28,965
4/17/2020,Oswego,0,45,14,979
4/18/2020,Oswego,2,47,18,997
4/19/2020,Oswego,1,48,18,1015
4/20/2020,Oswego,1,49,12,1027
4/21/2020,Oswego,0,49,4,1031
4/22/2020,Oswego,0,49,21,1052
4/23/2020,Oswego,2,51,18,1070
4/24/2020,Oswego,6,57,298,1368
4/25/2020,Oswego,4,61,67,1435
4/26/2020,Oswego,0,61,33,1468
4/27/2020,Oswego,2,63,40,1508
4/28/2020,Oswego,0,63,39,1547
4/29/2020,Oswego,0,63,45,1592
4/30/2020,Oswego,1,64,36,1628
5/1/2020,Oswego,2,66,30,1658
5/2/2020,Oswego,0,66,37,1695
5/3/2020,Oswego,1,67,44,1739
5/4/2020,Oswego,1,68,40,1779
5/5/2020,Oswego,2,70,41,1820
5/6/2020,Oswego,0,70,48,1868
5/7/2020,Oswego,2,72,54,1922
5/8/2020,Oswego,3,75,52,1974
5/9/2020,Oswego,0,75,59,2033
5/10/2020,Oswego,0,75,49,2082
5/11/2020,Oswego,1,76,53,2135
5/12/2020,Oswego,0,76,59,2194
5/13/2020,Oswego,2,78,64,2258
5/14/2020,Oswego,2,80,110,2368
5/15/2020,Oswego,3,83,241,2609
5/16/2020,Oswego,1,84,81,2690
5/17/2020,Oswego,0,84,197,2887
5/18/2020,Oswego,5,89,95,2982
5/19/2020,Oswego,1,90,129,3111
5/20/2020,Oswego,2,92,300,3411
5/21/2020,Oswego,4,96,215,3626
5/22/2020,Oswego,3,99,302,3928
5/23/2020,Oswego,1,100,479,4407
5/24/2020,Oswego,4,104,131,4538
5/25/2020,Oswego,0,104,175,4713
5/26/2020,Oswego,1,105,337,5050
5/27/2020,Oswego,2,107,260,5310
5/28/2020,Oswego,1,108,252,5562
5/29/2020,Oswego,0,108,317,5879
5/30/2020,Oswego,1,109,443,6322
5/31/2020,Oswego,1,110,138,6460
6/1/2020,Oswego,0,110,308,6768
6/2/2020,Oswego,2,112,409,7177
6/3/2020,Oswego,0,112,185,7362
6/4/2020,Oswego,0,112,609,7971
6/5/2020,Oswego,2,114,475,8446
6/6/2020,Oswego,1,115,272,8718
6/7/2020,Oswego,0,115,414,9132
6/8/2020,Oswego,0,115,149,9281
6/9/2020,Oswego,0,115,489,9770
6/10/2020,Oswego,4,119,297,10067
6/11/2020,Oswego,1,120,614,10681
6/12/2020,Oswego,2,122,246,10927
6/13/2020,Oswego,0,122,274,11201
6/14/2020,Oswego,4,126,199,11400
6/15/2020,Oswego,13,139,197,11597
6/16/2020,Oswego,0,139,117,11714
6/17/2020,Oswego,5,144,417,12131
6/18/2020,Oswego,23,167,771,12902
6/19/2020,Oswego,2,169,351,13253
6/20/2020,Oswego,4,173,191,13444
6/21/2020,Oswego,0,173,258,13702
6/22/2020,Oswego,6,179,176,13878
6/23/2020,Oswego,9,188,191,14069
6/24/2020,Oswego,3,191,343,14412
6/25/2020,Oswego,1,192,363,14775
6/26/2020,Oswego,2,194,401,15176
6/27/2020,Oswego,1,195,127,15303
6/28/2020,Oswego,1,196,272,15575
6/29/2020,Oswego,1,197,145,15720
6/30/2020,Oswego,4,201,233,15953
7/1/2020,Oswego,5,206,218,16171
7/2/2020,Oswego,0,206,286,16457
7/3/2020,Oswego,0,206,200,16657
7/4/2020,Oswego,0,206,221,16878
7/5/2020,Oswego,0,206,186,17064
7/6/2020,Oswego,1,207,308,17372
7/7/2020,Oswego,3,210,367,17739
7/8/2020,Oswego,1,211,358,18097
7/9/2020,Oswego,5,216,248,18345
7/10/2020,Oswego,3,219,208,18553
7/11/2020,Oswego,1,220,139,18692
7/12/2020,Oswego,2,222,322,19014
7/13/2020,Oswego,3,225,367,19381
7/14/2020,Oswego,1,226,349,19730
7/15/2020,Oswego,1,227,269,19999
7/16/2020,Oswego,0,227,510,20509
7/17/2020,Oswego,2,229,391,20900
7/18/2020,Oswego,0,229,223,21123
7/19/2020,Oswego,0,229,213,21336
7/20/2020,Oswego,2,231,398,21734
7/21/2020,Oswego,1,232,640,22374
7/22/2020,Oswego,2,234,402,22776
7/23/2020,Oswego,0,234,402,23178
7/24/2020,Oswego,2,236,422,23600
7/25/2020,Oswego,2,238,512,24112
7/26/2020,Oswego,1,239,349,24461
7/27/2020,Oswego,0,239,311,24772
7/28/2020,Oswego,0,239,254,25026
7/29/2020,Oswego,1,240,341,25367
7/30/2020,Oswego,1,241,253,25620
7/31/2020,Oswego,3,244,413,26033
8/1/2020,Oswego,2,246,307,26340
8/2/2020,Oswego,2,248,199,26539
8/3/2020,Oswego,1,249,459,26998
8/4/2020,Oswego,1,250,231,27229
8/5/2020,Oswego,1,251,372,27601
8/6/2020,Oswego,0,251,328,27929
8/7/2020,Oswego,2,253,492,28421
8/8/2020,Oswego,0,253,218,28639
8/9/2020,Oswego,0,253,236,28875
8/10/2020,Oswego,2,255,540,29415
8/11/2020,Oswego,2,257,193,29608
8/12/2020,Oswego,1,258,330,29938
8/13/2020,Oswego,6,264,612,30550
8/14/2020,Oswego,7,271,350,30900
8/15/2020,Oswego,0,271,259,31159
8/16/2020,Oswego,1,272,276,31435
8/17/2020,Oswego,0,272,317,31752
8/18/2020,Oswego,2,274,353,32105
8/19/2020,Oswego,2,276,368,32473
8/20/2020,Oswego,3,279,410,32883
8/21/2020,Oswego,2,281,710,33593
8/22/2020,Oswego,1,282,186,33779
8/23/2020,Oswego,0,282,180,33959
8/24/2020,Oswego,3,285,354,34313
8/25/2020,Oswego,1,286,153,34466
8/26/2020,Oswego,1,287,203,34669
8/27/2020,Oswego,1,288,290,34959
8/28/2020,Oswego,3,291,489,35448
8/29/2020,Oswego,4,295,501,35949
8/30/2020,Oswego,8,303,215,36164
8/31/2020,Oswego,1,304,482,36646
9/1/2020,Oswego,3,307,203,36849
9/2/2020,Oswego,4,311,351,37200
9/3/2020,Oswego,3,314,294,37494
9/4/2020,Oswego,11,325,708,38202
9/5/2020,Oswego,0,325,416,38618
9/6/2020,Oswego,4,329,240,38858
9/7/2020,Oswego,2,331,280,39138
9/8/2020,Oswego,0,331,149,39287
9/9/2020,Oswego,2,333,135,39422
9/10/2020,Oswego,24,357,498,39920
9/11/2020,Oswego,5,362,735,40655
9/12/2020,Oswego,26,388,508,41163
9/13/2020,Oswego,2,390,293,41456
9/14/2020,Oswego,12,402,398,41854
9/15/2020,Oswego,7,409,226,42080
9/16/2020,Oswego,3,412,320,42400
9/17/2020,Oswego,6,418,416,42816
9/18/2020,Oswego,6,424,543,43359
9/19/2020,Oswego,23,447,477,43836
9/20/2020,Oswego,9,456,348,44184
9/21/2020,Oswego,8,464,331,44515
9/22/2020,Oswego,4,468,287,44802
9/23/2020,Oswego,2,470,326,45128
9/24/2020,Oswego,9,479,457,45585
9/25/2020,Oswego,4,483,520,46105
9/26/2020,Oswego,10,493,440,46545
9/27/2020,Oswego,0,493,297,46842
9/28/2020,Oswego,6,499,482,47324
9/29/2020,Oswego,4,503,564,47888
9/30/2020,Oswego,3,506,466,48354
10/1/2020,Oswego,8,514,1026,49380
10/2/2020,Oswego,4,518,676,50056
10/3/2020,Oswego,3,521,733,50789
10/4/2020,Oswego,2,523,440,51229
10/5/2020,Oswego,6,529,389,51618
10/6/2020,Oswego,2,531,684,52302
10/7/2020,Oswego,5,536,363,52665
10/8/2020,Oswego,6,542,824,53489
10/9/2020,Oswego,5,547,923,54412
10/10/2020,Oswego,3,550,749,55161
10/11/2020,Oswego,2,552,581,55742
10/12/2020,Oswego,5,557,275,56017
10/13/2020,Oswego,9,566,779,56796
10/14/2020,Oswego,2,568,738,57534
10/15/2020,Oswego,11,579,1138,58672
10/16/2020,Oswego,3,582,820,59492
10/17/2020,Oswego,2,584,366,59858
10/18/2020,Oswego,3,587,804,60662
10/19/2020,Oswego,7,594,326,60988
10/20/2020,Oswego,5,599,633,61621
10/21/2020,Oswego,7,606,586,62207
10/22/2020,Oswego,1,607,573,62780
10/23/2020,Oswego,2,609,998,63778
10/24/2020,Oswego,7,616,388,64166
10/25/2020,Oswego,4,620,480,64646
10/26/2020,Oswego,3,623,369,65015
10/27/2020,Oswego,4,627,755,65770
10/28/2020,Oswego,4,631,591,66361
10/29/2020,Oswego,8,639,566,66927
10/30/2020,Oswego,5,644,822,67749
10/31/2020,Oswego,4,648,644,68393
11/1/2020,Oswego,13,661,366,68759
11/2/2020,Oswego,8,669,350,69109
11/3/2020,Oswego,9,678,409,69518
11/4/2020,Oswego,11,689,756,70274
11/5/2020,Oswego,22,711,1125,71399
11/6/2020,Oswego,23,734,1106,72505
11/7/2020,Oswego,24,758,888,73393
11/8/2020,Oswego,29,787,1274,74667
11/9/2020,Oswego,22,809,492,75159
11/10/2020,Oswego,31,840,743,75902
11/11/2020,Oswego,31,871,761,76663
11/12/2020,Oswego,26,897,873,77536
11/13/2020,Oswego,57,954,1137,78673
11/14/2020,Oswego,14,968,308,78981
3/1/2020,Otsego,0,0,0,0
3/2/2020,Otsego,0,0,0,0
3/3/2020,Otsego,0,0,0,0
3/4/2020,Otsego,0,0,0,0
3/5/2020,Otsego,0,0,0,0
3/6/2020,Otsego,0,0,0,0
3/7/2020,Otsego,0,0,1,1
3/8/2020,Otsego,0,0,1,2
3/9/2020,Otsego,0,0,0,2
3/10/2020,Otsego,0,0,0,2
3/11/2020,Otsego,0,0,0,2
3/12/2020,Otsego,0,0,0,2
3/13/2020,Otsego,0,0,1,3
3/14/2020,Otsego,0,0,2,5
3/15/2020,Otsego,0,0,1,6
3/16/2020,Otsego,0,0,0,6
3/17/2020,Otsego,0,0,1,7
3/18/2020,Otsego,0,0,2,9
3/19/2020,Otsego,0,0,10,19
3/20/2020,Otsego,0,0,20,39
3/21/2020,Otsego,0,0,11,50
3/22/2020,Otsego,1,1,10,60
3/23/2020,Otsego,0,1,11,71
3/24/2020,Otsego,1,2,5,76
3/25/2020,Otsego,1,3,6,82
3/26/2020,Otsego,2,5,12,94
3/27/2020,Otsego,2,7,19,113
3/28/2020,Otsego,3,10,21,134
3/29/2020,Otsego,7,17,16,150
3/30/2020,Otsego,1,18,8,158
3/31/2020,Otsego,1,19,19,177
4/1/2020,Otsego,2,21,17,194
4/2/2020,Otsego,0,21,12,206
4/3/2020,Otsego,5,26,53,259
4/4/2020,Otsego,3,29,25,284
4/5/2020,Otsego,5,34,41,325
4/6/2020,Otsego,0,34,43,368
4/7/2020,Otsego,4,38,31,399
4/8/2020,Otsego,1,39,42,441
4/9/2020,Otsego,2,41,40,481
4/10/2020,Otsego,2,43,34,515
4/11/2020,Otsego,0,43,15,530
4/12/2020,Otsego,0,43,35,565
4/13/2020,Otsego,1,44,90,655
4/14/2020,Otsego,0,44,14,669
4/15/2020,Otsego,0,44,15,684
4/16/2020,Otsego,0,44,9,693
4/17/2020,Otsego,3,47,18,711
4/18/2020,Otsego,1,48,18,729
4/19/2020,Otsego,1,49,10,739
4/20/2020,Otsego,0,49,10,749
4/21/2020,Otsego,0,49,15,764
4/22/2020,Otsego,1,50,22,786
4/23/2020,Otsego,0,50,18,804
4/24/2020,Otsego,10,60,249,1053
4/25/2020,Otsego,0,60,43,1096
4/26/2020,Otsego,2,62,38,1134
4/27/2020,Otsego,3,65,33,1167
4/28/2020,Otsego,1,66,34,1201
4/29/2020,Otsego,1,67,45,1246
4/30/2020,Otsego,0,67,40,1286
5/1/2020,Otsego,0,67,88,1374
5/2/2020,Otsego,0,67,42,1416
5/3/2020,Otsego,0,67,36,1452
5/4/2020,Otsego,0,67,87,1539
5/5/2020,Otsego,0,67,70,1609
5/6/2020,Otsego,0,67,43,1652
5/7/2020,Otsego,0,67,44,1696
5/8/2020,Otsego,0,67,39,1735
5/9/2020,Otsego,0,67,46,1781
5/10/2020,Otsego,0,67,40,1821
5/11/2020,Otsego,0,67,62,1883
5/12/2020,Otsego,0,67,82,1965
5/13/2020,Otsego,0,67,45,2010
5/14/2020,Otsego,0,67,27,2037
5/15/2020,Otsego,0,67,181,2218
5/16/2020,Otsego,0,67,50,2268
5/17/2020,Otsego,0,67,79,2347
5/18/2020,Otsego,0,67,129,2476
5/19/2020,Otsego,0,67,124,2600
5/20/2020,Otsego,0,67,65,2665
5/21/2020,Otsego,0,67,102,2767
5/22/2020,Otsego,1,68,90,2857
5/23/2020,Otsego,1,69,51,2908
5/24/2020,Otsego,0,69,38,2946
5/25/2020,Otsego,0,69,17,2963
5/26/2020,Otsego,0,69,243,3206
5/27/2020,Otsego,1,70,191,3397
5/28/2020,Otsego,1,71,128,3525
5/29/2020,Otsego,0,71,127,3652
5/30/2020,Otsego,1,72,184,3836
5/31/2020,Otsego,0,72,93,3929
6/1/2020,Otsego,1,73,189,4118
6/2/2020,Otsego,0,73,183,4301
6/3/2020,Otsego,0,73,112,4413
6/4/2020,Otsego,0,73,132,4545
6/5/2020,Otsego,1,74,265,4810
6/6/2020,Otsego,0,74,163,4973
6/7/2020,Otsego,1,75,144,5117
6/8/2020,Otsego,0,75,238,5355
6/9/2020,Otsego,2,77,144,5499
6/10/2020,Otsego,1,78,187,5686
6/11/2020,Otsego,0,78,148,5834
6/12/2020,Otsego,2,80,204,6038
6/13/2020,Otsego,0,80,54,6092
6/14/2020,Otsego,0,80,172,6264
6/15/2020,Otsego,1,81,260,6524
6/16/2020,Otsego,1,82,233,6757
6/17/2020,Otsego,0,82,165,6922
6/18/2020,Otsego,0,82,237,7159
6/19/2020,Otsego,0,82,122,7281
6/20/2020,Otsego,0,82,163,7444
6/21/2020,Otsego,1,83,138,7582
6/22/2020,Otsego,0,83,193,7775
6/23/2020,Otsego,0,83,86,7861
6/24/2020,Otsego,0,83,125,7986
6/25/2020,Otsego,0,83,128,8114
6/26/2020,Otsego,1,84,162,8276
6/27/2020,Otsego,0,84,141,8417
6/28/2020,Otsego,0,84,158,8575
6/29/2020,Otsego,0,84,155,8730
6/30/2020,Otsego,0,84,150,8880
7/1/2020,Otsego,0,84,120,9000
7/2/2020,Otsego,0,84,195,9195
7/3/2020,Otsego,2,86,112,9307
7/4/2020,Otsego,0,86,115,9422
7/5/2020,Otsego,0,86,99,9521
7/6/2020,Otsego,0,86,166,9687
7/7/2020,Otsego,0,86,68,9755
7/8/2020,Otsego,0,86,136,9891
7/9/2020,Otsego,2,88,127,10018
7/10/2020,Otsego,0,88,138,10156
7/11/2020,Otsego,1,89,139,10295
7/12/2020,Otsego,0,89,75,10370
7/13/2020,Otsego,1,90,175,10545
7/14/2020,Otsego,1,91,190,10735
7/15/2020,Otsego,1,92,171,10906
7/16/2020,Otsego,2,94,275,11181
7/17/2020,Otsego,0,94,255,11436
7/18/2020,Otsego,4,98,90,11526
7/19/2020,Otsego,0,98,125,11651
7/20/2020,Otsego,2,100,206,11857
7/21/2020,Otsego,1,101,126,11983
7/22/2020,Otsego,1,102,148,12131
7/23/2020,Otsego,0,102,112,12243
7/24/2020,Otsego,1,103,160,12403
7/25/2020,Otsego,0,103,104,12507
7/26/2020,Otsego,0,103,102,12609
7/27/2020,Otsego,2,105,171,12780
7/28/2020,Otsego,2,107,124,12904
7/29/2020,Otsego,0,107,175,13079
7/30/2020,Otsego,5,112,249,13328
7/31/2020,Otsego,0,112,152,13480
8/1/2020,Otsego,0,112,153,13633
8/2/2020,Otsego,2,114,135,13768
8/3/2020,Otsego,1,115,218,13986
8/4/2020,Otsego,0,115,193,14179
8/5/2020,Otsego,0,115,72,14251
8/6/2020,Otsego,1,116,189,14440
8/7/2020,Otsego,0,116,271,14711
8/8/2020,Otsego,0,116,141,14852
8/9/2020,Otsego,0,116,145,14997
8/10/2020,Otsego,2,118,432,15429
8/11/2020,Otsego,0,118,160,15589
8/12/2020,Otsego,0,118,276,15865
8/13/2020,Otsego,0,118,157,16022
8/14/2020,Otsego,0,118,183,16205
8/15/2020,Otsego,0,118,116,16321
8/16/2020,Otsego,0,118,92,16413
8/17/2020,Otsego,2,120,203,16616
8/18/2020,Otsego,2,122,151,16767
8/19/2020,Otsego,1,123,219,16986
8/20/2020,Otsego,1,124,162,17148
8/21/2020,Otsego,0,124,181,17329
8/22/2020,Otsego,0,124,277,17606
8/23/2020,Otsego,0,124,199,17805
8/24/2020,Otsego,0,124,113,17918
8/25/2020,Otsego,0,124,190,18108
8/26/2020,Otsego,0,124,283,18391
8/27/2020,Otsego,1,125,201,18592
8/28/2020,Otsego,9,134,272,18864
8/29/2020,Otsego,9,143,286,19150
8/30/2020,Otsego,1,144,103,19253
8/31/2020,Otsego,35,179,233,19486
9/1/2020,Otsego,10,189,240,19726
9/2/2020,Otsego,20,209,495,20221
9/3/2020,Otsego,26,235,568,20789
9/4/2020,Otsego,14,249,353,21142
9/5/2020,Otsego,19,268,495,21637
9/6/2020,Otsego,17,285,512,22149
9/7/2020,Otsego,3,288,183,22332
9/8/2020,Otsego,3,291,164,22496
9/9/2020,Otsego,0,291,125,22621
9/10/2020,Otsego,5,296,207,22828
9/11/2020,Otsego,16,312,248,23076
9/12/2020,Otsego,2,314,337,23413
9/13/2020,Otsego,0,314,107,23520
9/14/2020,Otsego,2,316,143,23663
9/15/2020,Otsego,2,318,172,23835
9/16/2020,Otsego,4,322,491,24326
9/17/2020,Otsego,2,324,178,24504
9/18/2020,Otsego,1,325,180,24684
9/19/2020,Otsego,7,332,199,24883
9/20/2020,Otsego,0,332,160,25043
9/21/2020,Otsego,0,332,193,25236
9/22/2020,Otsego,1,333,209,25445
9/23/2020,Otsego,2,335,301,25746
9/24/2020,Otsego,0,335,245,25991
9/25/2020,Otsego,3,338,285,26276
9/26/2020,Otsego,0,338,231,26507
9/27/2020,Otsego,2,340,152,26659
9/28/2020,Otsego,0,340,363,27022
9/29/2020,Otsego,1,341,454,27476
9/30/2020,Otsego,1,342,160,27636
10/1/2020,Otsego,2,344,216,27852
10/2/2020,Otsego,0,344,281,28133
10/3/2020,Otsego,2,346,206,28339
10/4/2020,Otsego,1,347,229,28568
10/5/2020,Otsego,6,353,621,29189
10/6/2020,Otsego,0,353,351,29540
10/7/2020,Otsego,1,354,296,29836
10/8/2020,Otsego,3,357,302,30138
10/9/2020,Otsego,2,359,233,30371
10/10/2020,Otsego,1,360,235,30606
10/11/2020,Otsego,0,360,148,30754
10/12/2020,Otsego,2,362,303,31057
10/13/2020,Otsego,0,362,671,31728
10/14/2020,Otsego,0,362,178,31906
10/15/2020,Otsego,0,362,178,32084
10/16/2020,Otsego,2,364,256,32340
10/17/2020,Otsego,0,364,190,32530
10/18/2020,Otsego,3,367,259,32789
10/19/2020,Otsego,1,368,775,33564
10/20/2020,Otsego,1,369,214,33778
10/21/2020,Otsego,5,374,185,33963
10/22/2020,Otsego,4,378,185,34148
10/23/2020,Otsego,6,384,228,34376
10/24/2020,Otsego,6,390,451,34827
10/25/2020,Otsego,3,393,268,35095
10/26/2020,Otsego,5,398,694,35789
10/27/2020,Otsego,2,400,470,36259
10/28/2020,Otsego,4,404,192,36451
10/29/2020,Otsego,6,410,250,36701
10/30/2020,Otsego,5,415,347,37048
10/31/2020,Otsego,6,421,216,37264
11/1/2020,Otsego,1,422,290,37554
11/2/2020,Otsego,0,422,214,37768
11/3/2020,Otsego,11,433,741,38509
11/4/2020,Otsego,4,437,594,39103
11/5/2020,Otsego,3,440,246,39349
11/6/2020,Otsego,2,442,328,39677
11/7/2020,Otsego,2,444,256,39933
11/8/2020,Otsego,5,449,188,40121
11/9/2020,Otsego,7,456,805,40926
11/10/2020,Otsego,0,456,943,41869
11/11/2020,Otsego,2,458,291,42160
11/12/2020,Otsego,1,459,116,42276
11/13/2020,Otsego,1,460,158,42434
11/14/2020,Otsego,3,463,193,42627
3/1/2020,Putnam,0,0,0,0
3/2/2020,Putnam,0,0,0,0
3/3/2020,Putnam,0,0,0,0
3/4/2020,Putnam,0,0,0,0
3/5/2020,Putnam,0,0,1,1
3/6/2020,Putnam,0,0,0,1
3/7/2020,Putnam,0,0,1,2
3/8/2020,Putnam,0,0,0,2
3/9/2020,Putnam,0,0,1,3
3/10/2020,Putnam,0,0,0,3
3/11/2020,Putnam,0,0,7,10
3/12/2020,Putnam,0,0,1,11
3/13/2020,Putnam,0,0,14,25
3/14/2020,Putnam,0,0,3,28
3/15/2020,Putnam,2,2,10,38
3/16/2020,Putnam,0,2,5,43
3/17/2020,Putnam,0,2,7,50
3/18/2020,Putnam,3,5,32,82
3/19/2020,Putnam,2,7,35,117
3/20/2020,Putnam,15,22,79,196
3/21/2020,Putnam,15,37,75,271
3/22/2020,Putnam,8,45,47,318
3/23/2020,Putnam,22,67,70,388
3/24/2020,Putnam,16,83,51,439
3/25/2020,Putnam,11,94,75,514
3/26/2020,Putnam,17,111,47,561
3/27/2020,Putnam,20,131,84,645
3/28/2020,Putnam,13,144,41,686
3/29/2020,Putnam,23,167,63,749
3/30/2020,Putnam,19,186,71,820
3/31/2020,Putnam,21,207,57,877
4/1/2020,Putnam,9,216,46,923
4/2/2020,Putnam,36,252,90,1013
4/3/2020,Putnam,31,283,96,1109
4/4/2020,Putnam,31,314,78,1187
4/5/2020,Putnam,31,345,122,1309
4/6/2020,Putnam,21,366,72,1381
4/7/2020,Putnam,37,403,115,1496
4/8/2020,Putnam,35,438,158,1654
4/9/2020,Putnam,49,487,169,1823
4/10/2020,Putnam,7,494,18,1841
4/11/2020,Putnam,3,497,12,1853
4/12/2020,Putnam,5,502,8,1861
4/13/2020,Putnam,56,558,217,2078
4/14/2020,Putnam,13,571,43,2121
4/15/2020,Putnam,2,573,6,2127
4/16/2020,Putnam,5,578,11,2138
4/17/2020,Putnam,4,582,13,2151
4/18/2020,Putnam,10,592,37,2188
4/19/2020,Putnam,7,599,21,2209
4/20/2020,Putnam,6,605,30,2239
4/21/2020,Putnam,6,611,31,2270
4/22/2020,Putnam,4,615,19,2289
4/23/2020,Putnam,4,619,25,2314
4/24/2020,Putnam,266,885,1134,3448
4/25/2020,Putnam,19,904,112,3560
4/26/2020,Putnam,21,925,127,3687
4/27/2020,Putnam,7,932,82,3769
4/28/2020,Putnam,14,946,150,3919
4/29/2020,Putnam,24,970,251,4170
4/30/2020,Putnam,20,990,144,4314
5/1/2020,Putnam,13,1003,115,4429
5/2/2020,Putnam,10,1013,90,4519
5/3/2020,Putnam,13,1026,114,4633
5/4/2020,Putnam,5,1031,87,4720
5/5/2020,Putnam,9,1040,96,4816
5/6/2020,Putnam,26,1066,317,5133
5/7/2020,Putnam,8,1074,121,5254
5/8/2020,Putnam,6,1080,161,5415
5/9/2020,Putnam,9,1089,155,5570
5/10/2020,Putnam,9,1098,122,5692
5/11/2020,Putnam,0,1098,42,5734
5/12/2020,Putnam,10,1108,138,5872
5/13/2020,Putnam,7,1115,151,6023
5/14/2020,Putnam,6,1121,149,6172
5/15/2020,Putnam,6,1127,153,6325
5/16/2020,Putnam,9,1136,131,6456
5/17/2020,Putnam,5,1141,116,6572
5/18/2020,Putnam,18,1159,125,6697
5/19/2020,Putnam,9,1168,155,6852
5/20/2020,Putnam,7,1175,165,7017
5/21/2020,Putnam,12,1187,156,7173
5/22/2020,Putnam,13,1200,236,7409
5/23/2020,Putnam,8,1208,161,7570
5/24/2020,Putnam,6,1214,185,7755
5/25/2020,Putnam,8,1222,184,7939
5/26/2020,Putnam,5,1227,125,8064
5/27/2020,Putnam,9,1236,425,8489
5/28/2020,Putnam,5,1241,194,8683
5/29/2020,Putnam,7,1248,312,8995
5/30/2020,Putnam,4,1252,264,9259
5/31/2020,Putnam,5,1257,247,9506
6/1/2020,Putnam,5,1262,248,9754
6/2/2020,Putnam,2,1264,286,10040
6/3/2020,Putnam,4,1268,311,10351
6/4/2020,Putnam,2,1270,313,10664
6/5/2020,Putnam,4,1274,306,10970
6/6/2020,Putnam,3,1277,203,11173
6/7/2020,Putnam,2,1279,252,11425
6/8/2020,Putnam,1,1280,228,11653
6/9/2020,Putnam,2,1282,296,11949
6/10/2020,Putnam,0,1282,319,12268
6/11/2020,Putnam,0,1282,253,12521
6/12/2020,Putnam,3,1285,329,12850
6/13/2020,Putnam,3,1288,209,13059
6/14/2020,Putnam,3,1291,214,13273
6/15/2020,Putnam,1,1292,193,13466
6/16/2020,Putnam,2,1294,324,13790
6/17/2020,Putnam,1,1295,185,13975
6/18/2020,Putnam,4,1299,432,14407
6/19/2020,Putnam,2,1301,248,14655
6/20/2020,Putnam,0,1301,241,14896
6/21/2020,Putnam,4,1305,253,15149
6/22/2020,Putnam,0,1305,194,15343
6/23/2020,Putnam,1,1306,226,15569
6/24/2020,Putnam,5,1311,343,15912
6/25/2020,Putnam,6,1317,216,16128
6/26/2020,Putnam,2,1319,376,16504
6/27/2020,Putnam,4,1323,199,16703
6/28/2020,Putnam,2,1325,213,16916
6/29/2020,Putnam,1,1326,174,17090
6/30/2020,Putnam,3,1329,271,17361
7/1/2020,Putnam,3,1332,373,17734
7/2/2020,Putnam,1,1333,308,18042
7/3/2020,Putnam,2,1335,219,18261
7/4/2020,Putnam,1,1336,231,18492
7/5/2020,Putnam,1,1337,217,18709
7/6/2020,Putnam,3,1340,214,18923
7/7/2020,Putnam,4,1344,256,19179
7/8/2020,Putnam,4,1348,422,19601
7/9/2020,Putnam,7,1355,357,19958
7/10/2020,Putnam,6,1361,438,20396
7/11/2020,Putnam,0,1361,323,20719
7/12/2020,Putnam,4,1365,293,21012
7/13/2020,Putnam,11,1376,291,21303
7/14/2020,Putnam,6,1382,236,21539
7/15/2020,Putnam,3,1385,398,21937
7/16/2020,Putnam,1,1386,539,22476
7/17/2020,Putnam,4,1390,424,22900
7/18/2020,Putnam,1,1391,286,23186
7/19/2020,Putnam,1,1392,218,23404
7/20/2020,Putnam,1,1393,279,23683
7/21/2020,Putnam,1,1394,296,23979
7/22/2020,Putnam,3,1397,320,24299
7/23/2020,Putnam,2,1399,385,24684
7/24/2020,Putnam,4,1403,299,24983
7/25/2020,Putnam,1,1404,230,25213
7/26/2020,Putnam,4,1408,256,25469
7/27/2020,Putnam,4,1412,282,25751
7/28/2020,Putnam,4,1416,295,26046
7/29/2020,Putnam,2,1418,422,26468
7/30/2020,Putnam,3,1421,286,26754
7/31/2020,Putnam,4,1425,309,27063
8/1/2020,Putnam,3,1428,213,27276
8/2/2020,Putnam,5,1433,222,27498
8/3/2020,Putnam,4,1437,245,27743
8/4/2020,Putnam,2,1439,292,28035
8/5/2020,Putnam,5,1444,337,28372
8/6/2020,Putnam,2,1446,288,28660
8/7/2020,Putnam,1,1447,320,28980
8/8/2020,Putnam,2,1449,276,29256
8/9/2020,Putnam,0,1449,256,29512
8/10/2020,Putnam,0,1449,310,29822
8/11/2020,Putnam,1,1450,267,30089
8/12/2020,Putnam,5,1455,360,30449
8/13/2020,Putnam,2,1457,365,30814
8/14/2020,Putnam,2,1459,498,31312
8/15/2020,Putnam,2,1461,454,31766
8/16/2020,Putnam,2,1463,266,32032
8/17/2020,Putnam,0,1463,318,32350
8/18/2020,Putnam,3,1466,346,32696
8/19/2020,Putnam,2,1468,354,33050
8/20/2020,Putnam,2,1470,411,33461
8/21/2020,Putnam,3,1473,401,33862
8/22/2020,Putnam,0,1473,361,34223
8/23/2020,Putnam,2,1475,294,34517
8/24/2020,Putnam,5,1480,233,34750
8/25/2020,Putnam,2,1482,336,35086
8/26/2020,Putnam,5,1487,403,35489
8/27/2020,Putnam,5,1492,381,35870
8/28/2020,Putnam,2,1494,426,36296
8/29/2020,Putnam,6,1500,396,36692
8/30/2020,Putnam,1,1501,230,36922
8/31/2020,Putnam,4,1505,376,37298
9/1/2020,Putnam,5,1510,420,37718
9/2/2020,Putnam,8,1518,400,38118
9/3/2020,Putnam,5,1523,337,38455
9/4/2020,Putnam,5,1528,360,38815
9/5/2020,Putnam,3,1531,314,39129
9/6/2020,Putnam,3,1534,240,39369
9/7/2020,Putnam,5,1539,143,39512
9/8/2020,Putnam,2,1541,346,39858
9/9/2020,Putnam,0,1541,312,40170
9/10/2020,Putnam,9,1550,377,40547
9/11/2020,Putnam,4,1554,370,40917
9/12/2020,Putnam,3,1557,348,41265
9/13/2020,Putnam,4,1561,205,41470
9/14/2020,Putnam,3,1564,334,41804
9/15/2020,Putnam,1,1565,270,42074
9/16/2020,Putnam,2,1567,364,42438
9/17/2020,Putnam,2,1569,347,42785
9/18/2020,Putnam,4,1573,391,43176
9/19/2020,Putnam,1,1574,431,43607
9/20/2020,Putnam,3,1577,343,43950
9/21/2020,Putnam,6,1583,357,44307
9/22/2020,Putnam,4,1587,294,44601
9/23/2020,Putnam,2,1589,346,44947
9/24/2020,Putnam,5,1594,401,45348
9/25/2020,Putnam,3,1597,396,45744
9/26/2020,Putnam,2,1599,323,46067
9/27/2020,Putnam,5,1604,223,46290
9/28/2020,Putnam,8,1612,397,46687
9/29/2020,Putnam,5,1617,292,46979
9/30/2020,Putnam,12,1629,422,47401
10/1/2020,Putnam,8,1637,487,47888
10/2/2020,Putnam,9,1646,530,48418
10/3/2020,Putnam,4,1650,414,48832
10/4/2020,Putnam,2,1652,396,49228
10/5/2020,Putnam,4,1656,433,49661
10/6/2020,Putnam,5,1661,395,50056
10/7/2020,Putnam,8,1669,699,50755
10/8/2020,Putnam,4,1673,574,51329
10/9/2020,Putnam,2,1675,477,51806
10/10/2020,Putnam,8,1683,528,52334
10/11/2020,Putnam,6,1689,482,52816
10/12/2020,Putnam,9,1698,468,53284
10/13/2020,Putnam,7,1705,479,53763
10/14/2020,Putnam,5,1710,481,54244
10/15/2020,Putnam,6,1716,587,54831
10/16/2020,Putnam,15,1731,531,55362
10/17/2020,Putnam,5,1736,501,55863
10/18/2020,Putnam,3,1739,509,56372
10/19/2020,Putnam,13,1752,490,56862
10/20/2020,Putnam,3,1755,411,57273
10/21/2020,Putnam,13,1768,594,57867
10/22/2020,Putnam,12,1780,623,58490
10/23/2020,Putnam,8,1788,590,59080
10/24/2020,Putnam,6,1794,437,59517
10/25/2020,Putnam,6,1800,398,59915
10/26/2020,Putnam,5,1805,454,60369
10/27/2020,Putnam,7,1812,522,60891
10/28/2020,Putnam,13,1825,755,61646
10/29/2020,Putnam,8,1833,460,62106
10/30/2020,Putnam,12,1845,585,62691
10/31/2020,Putnam,16,1861,461,63152
11/1/2020,Putnam,8,1869,508,63660
11/2/2020,Putnam,5,1874,454,64114
11/3/2020,Putnam,9,1883,528,64642
11/4/2020,Putnam,13,1896,652,65294
11/5/2020,Putnam,25,1921,562,65856
11/6/2020,Putnam,16,1937,535,66391
11/7/2020,Putnam,11,1948,549,66940
11/8/2020,Putnam,30,1978,665,67605
11/9/2020,Putnam,26,2004,507,68112
11/10/2020,Putnam,26,2030,481,68593
11/11/2020,Putnam,29,2059,701,69294
11/12/2020,Putnam,32,2091,589,69883
11/13/2020,Putnam,43,2134,669,70552
11/14/2020,Putnam,19,2153,634,71186
3/1/2020,Queens,0,0,0,0
3/2/2020,Queens,0,0,0,0
3/3/2020,Queens,0,0,2,2
3/4/2020,Queens,0,0,0,2
3/5/2020,Queens,1,1,6,8
3/6/2020,Queens,1,2,10,18
3/7/2020,Queens,0,2,14,32
3/8/2020,Queens,1,3,13,45
3/9/2020,Queens,0,3,15,60
3/10/2020,Queens,4,7,18,78
3/11/2020,Queens,5,12,44,122
3/12/2020,Queens,15,27,74,196
3/13/2020,Queens,30,57,154,350
3/14/2020,Queens,18,75,110,460
3/15/2020,Queens,49,124,198,658
3/16/2020,Queens,38,162,136,794
3/17/2020,Queens,123,285,371,1165
3/18/2020,Queens,336,621,768,1933
3/19/2020,Queens,519,1140,1179,3112
3/20/2020,Queens,491,1631,1218,4330
3/21/2020,Queens,843,2474,1927,6257
3/22/2020,Queens,1152,3626,2048,8305
3/23/2020,Queens,839,4465,1518,9823
3/24/2020,Queens,1010,5475,1736,11559
3/25/2020,Queens,1238,6713,2110,13669
3/26/2020,Queens,1324,8037,2115,15784
3/27/2020,Queens,1238,9275,2055,17839
3/28/2020,Queens,1136,10411,1845,19684
3/29/2020,Queens,1258,11669,1915,21599
3/30/2020,Queens,2022,13691,3325,24924
3/31/2020,Queens,1211,14902,1871,26795
4/1/2020,Queens,1366,16268,2157,28952
4/2/2020,Queens,1899,18167,3048,32000
4/3/2020,Queens,1947,20114,3407,35407
4/4/2020,Queens,1322,21436,2255,37662
4/5/2020,Queens,1697,23133,2730,40392
4/6/2020,Queens,1707,24840,2864,43256
4/7/2020,Queens,1408,26248,2884,46140
4/8/2020,Queens,1504,27752,2831,48971
4/9/2020,Queens,1551,29303,2941,51912
4/10/2020,Queens,1988,31291,3803,55715
4/11/2020,Queens,1544,32835,3219,58934
4/12/2020,Queens,1150,33985,2481,61415
4/13/2020,Queens,1068,35053,2430,63845
4/14/2020,Queens,1712,36765,3674,67519
4/15/2020,Queens,1153,37918,3144,70663
4/16/2020,Queens,1173,39091,3056,73719
4/17/2020,Queens,1125,40216,3347,77066
4/18/2020,Queens,1021,41237,3338,80404
4/19/2020,Queens,786,42023,2428,82832
4/20/2020,Queens,799,42822,2498,85330
4/21/2020,Queens,891,43713,3058,88388
4/22/2020,Queens,1191,44904,4142,92530
4/23/2020,Queens,1483,46387,5468,97998
4/24/2020,Queens,1474,47861,5296,103294
4/25/2020,Queens,884,48745,3676,106970
4/26/2020,Queens,654,49399,2829,109799
4/27/2020,Queens,530,49929,2628,112427
4/28/2020,Queens,812,50741,4061,116488
4/29/2020,Queens,890,51631,4201,120689
4/30/2020,Queens,643,52274,3689,124378
5/1/2020,Queens,765,53039,4517,128895
5/2/2020,Queens,601,53640,3755,132650
5/3/2020,Queens,450,54090,2696,135346
5/4/2020,Queens,358,54448,2633,137979
5/5/2020,Queens,432,54880,3591,141570
5/6/2020,Queens,570,55450,4505,146075
5/7/2020,Queens,494,55944,3992,150067
5/8/2020,Queens,549,56493,4596,154663
5/9/2020,Queens,369,56862,3416,158079
5/10/2020,Queens,318,57180,2937,161016
5/11/2020,Queens,211,57391,2552,163568
5/12/2020,Queens,357,57748,3829,167397
5/13/2020,Queens,336,58084,4439,171836
5/14/2020,Queens,432,58516,4879,176715
5/15/2020,Queens,325,58841,4644,181359
5/16/2020,Queens,291,59132,4209,185568
5/17/2020,Queens,192,59324,3226,188794
5/18/2020,Queens,184,59508,3363,192157
5/19/2020,Queens,244,59752,4581,196738
5/20/2020,Queens,273,60025,5151,201889
5/21/2020,Queens,211,60236,5181,207070
5/22/2020,Queens,186,60422,5388,212458
5/23/2020,Queens,214,60636,5270,217728
5/24/2020,Queens,192,60828,4448,222176
5/25/2020,Queens,132,60960,3789,225965
5/26/2020,Queens,165,61125,4201,230166
5/27/2020,Queens,275,61400,9126,239292
5/28/2020,Queens,244,61644,8480,247772
5/29/2020,Queens,183,61827,7088,254860
5/30/2020,Queens,148,61975,6226,261086
5/31/2020,Queens,119,62094,5906,266992
6/1/2020,Queens,199,62293,7231,274223
6/2/2020,Queens,132,62425,6319,280542
6/3/2020,Queens,117,62542,6451,286993
6/4/2020,Queens,150,62692,6695,293688
6/5/2020,Queens,158,62850,7672,301360
6/6/2020,Queens,113,62963,6497,307857
6/7/2020,Queens,134,63097,6514,314371
6/8/2020,Queens,97,63194,5227,319598
6/9/2020,Queens,132,63326,7770,327368
6/10/2020,Queens,106,63432,6796,334164
6/11/2020,Queens,141,63573,7566,341730
6/12/2020,Queens,154,63727,7817,349547
6/13/2020,Queens,95,63822,6737,356284
6/14/2020,Queens,110,63932,7488,363772
6/15/2020,Queens,110,64042,7036,370808
6/16/2020,Queens,134,64176,8317,379125
6/17/2020,Queens,92,64268,8696,387821
6/18/2020,Queens,112,64380,9082,396903
6/19/2020,Queens,106,64486,9753,406656
6/20/2020,Queens,135,64621,9115,415771
6/21/2020,Queens,91,64712,8237,424008
6/22/2020,Queens,85,64797,6537,430545
6/23/2020,Queens,84,64881,6683,437228
6/24/2020,Queens,106,64987,7723,444951
6/25/2020,Queens,102,65089,6943,451894
6/26/2020,Queens,86,65175,9718,461612
6/27/2020,Queens,101,65276,7681,469293
6/28/2020,Queens,49,65325,4737,474030
6/29/2020,Queens,66,65391,5589,479619
6/30/2020,Queens,64,65455,6065,485684
7/1/2020,Queens,113,65568,8286,493970
7/2/2020,Queens,137,65705,8116,502086
7/3/2020,Queens,95,65800,7211,509297
7/4/2020,Queens,76,65876,7211,516508
7/5/2020,Queens,52,65928,5745,522253
7/6/2020,Queens,96,66024,6329,528582
7/7/2020,Queens,75,66099,6297,534879
7/8/2020,Queens,75,66174,7104,541983
7/9/2020,Queens,67,66241,7807,549790
7/10/2020,Queens,82,66323,7981,557771
7/11/2020,Queens,87,66410,6788,564559
7/12/2020,Queens,56,66466,5880,570439
7/13/2020,Queens,78,66544,5537,575976
7/14/2020,Queens,99,66643,7205,583181
7/15/2020,Queens,92,66735,8387,591568
7/16/2020,Queens,94,66829,8943,600511
7/17/2020,Queens,92,66921,6870,607381
7/18/2020,Queens,86,67007,5405,612786
7/19/2020,Queens,72,67079,5736,618522
7/20/2020,Queens,115,67194,7288,625810
7/21/2020,Queens,71,67265,7508,633318
7/22/2020,Queens,109,67374,7517,640835
7/23/2020,Queens,84,67458,8063,648898
7/24/2020,Queens,74,67532,7012,655910
7/25/2020,Queens,63,67595,4878,660788
7/26/2020,Queens,84,67679,6560,667348
7/27/2020,Queens,60,67739,5574,672922
7/28/2020,Queens,81,67820,7112,680034
7/29/2020,Queens,74,67894,6889,686923
7/30/2020,Queens,74,67968,7561,694484
7/31/2020,Queens,73,68041,9722,704206
8/1/2020,Queens,60,68101,6641,710847
8/2/2020,Queens,65,68166,6268,717115
8/3/2020,Queens,59,68225,7005,724120
8/4/2020,Queens,72,68297,7698,731818
8/5/2020,Queens,71,68368,7812,739630
8/6/2020,Queens,84,68452,7539,747169
8/7/2020,Queens,96,68548,9235,756404
8/8/2020,Queens,56,68604,7162,763566
8/9/2020,Queens,66,68670,6807,770373
8/10/2020,Queens,63,68733,7556,777929
8/11/2020,Queens,96,68829,11290,789219
8/12/2020,Queens,96,68925,10584,799803
8/13/2020,Queens,98,69023,9426,809229
8/14/2020,Queens,75,69098,9481,818710
8/15/2020,Queens,76,69174,8964,827674
8/16/2020,Queens,71,69245,6531,834205
8/17/2020,Queens,63,69308,7562,841767
8/18/2020,Queens,76,69384,8697,850464
8/19/2020,Queens,67,69451,7919,858383
8/20/2020,Queens,87,69538,9593,867976
8/21/2020,Queens,85,69623,9862,877838
8/22/2020,Queens,71,69694,8018,885856
8/23/2020,Queens,51,69745,6730,892586
8/24/2020,Queens,60,69805,7615,900201
8/25/2020,Queens,65,69870,7377,907578
8/26/2020,Queens,90,69960,9322,916900
8/27/2020,Queens,74,70034,10803,927703
8/28/2020,Queens,64,70098,9345,937048
8/29/2020,Queens,64,70162,9956,947004
8/30/2020,Queens,60,70222,7758,954762
8/31/2020,Queens,66,70288,7895,962657
9/1/2020,Queens,56,70344,8305,970962
9/2/2020,Queens,69,70413,8540,979502
9/3/2020,Queens,83,70496,10286,989788
9/4/2020,Queens,53,70549,9134,998922
9/5/2020,Queens,76,70625,10158,1009080
9/6/2020,Queens,50,70675,6321,1015401
9/7/2020,Queens,91,70766,6495,1021896
9/8/2020,Queens,58,70824,7078,1028974
9/9/2020,Queens,93,70917,8086,1037060
9/10/2020,Queens,61,70978,8437,1045497
9/11/2020,Queens,62,71040,10532,1056029
9/12/2020,Queens,71,71111,7349,1063378
9/13/2020,Queens,69,71180,6247,1069625
9/14/2020,Queens,74,71254,6868,1076493
9/15/2020,Queens,55,71309,6732,1083225
9/16/2020,Queens,83,71392,8034,1091259
9/17/2020,Queens,82,71474,9319,1100578
9/18/2020,Queens,103,71577,12199,1112777
9/19/2020,Queens,105,71682,11181,1123958
9/20/2020,Queens,70,71752,6174,1130132
9/21/2020,Queens,66,71818,8528,1138660
9/22/2020,Queens,63,71881,5881,1144541
9/23/2020,Queens,97,71978,9524,1154065
9/24/2020,Queens,73,72051,9253,1163318
9/25/2020,Queens,91,72142,9255,1172573
9/26/2020,Queens,91,72233,7316,1179889
9/27/2020,Queens,90,72323,5591,1185480
9/28/2020,Queens,142,72465,9734,1195214
9/29/2020,Queens,91,72556,7756,1202970
9/30/2020,Queens,136,72692,10673,1213643
10/1/2020,Queens,171,72863,9883,1223526
10/2/2020,Queens,149,73012,12449,1235975
10/3/2020,Queens,119,73131,8946,1244921
10/4/2020,Queens,114,73245,6926,1251847
10/5/2020,Queens,138,73383,10477,1262324
10/6/2020,Queens,154,73537,9125,1271449
10/7/2020,Queens,205,73742,16090,1287539
10/8/2020,Queens,147,73889,12861,1300400
10/9/2020,Queens,140,74029,11706,1312106
10/10/2020,Queens,121,74150,10479,1322585
10/11/2020,Queens,115,74265,8192,1330777
10/12/2020,Queens,139,74404,10358,1341135
10/13/2020,Queens,106,74510,9123,1350258
10/14/2020,Queens,122,74632,12286,1362544
10/15/2020,Queens,166,74798,14007,1376551
10/16/2020,Queens,200,74998,15397,1391948
10/17/2020,Queens,111,75109,12025,1403973
10/18/2020,Queens,127,75236,7700,1411673
10/19/2020,Queens,108,75344,7980,1419653
10/20/2020,Queens,199,75543,11487,1431140
10/21/2020,Queens,155,75698,11723,1442863
10/22/2020,Queens,155,75853,14182,1457045
10/23/2020,Queens,204,76057,14656,1471701
10/24/2020,Queens,163,76220,11488,1483189
10/25/2020,Queens,96,76316,7857,1491046
10/26/2020,Queens,207,76523,9832,1500878
10/27/2020,Queens,173,76696,11638,1512516
10/28/2020,Queens,284,76980,16839,1529355
10/29/2020,Queens,233,77213,14012,1543367
10/30/2020,Queens,194,77407,12985,1556352
10/31/2020,Queens,242,77649,14087,1570439
11/1/2020,Queens,185,77834,10316,1580755
11/2/2020,Queens,179,78013,11616,1592371
11/3/2020,Queens,174,78187,14754,1607125
11/4/2020,Queens,253,78440,16122,1623247
11/5/2020,Queens,297,78737,15147,1638394
11/6/2020,Queens,306,79043,14315,1652709
11/7/2020,Queens,361,79404,15509,1668218
11/8/2020,Queens,298,79702,10970,1679188
11/9/2020,Queens,338,80040,10461,1689649
11/10/2020,Queens,515,80555,15355,1705004
11/11/2020,Queens,454,81009,16285,1721289
11/12/2020,Queens,477,81486,17329,1738618
11/13/2020,Queens,485,81971,16970,1755588
11/14/2020,Queens,385,82356,15490,1771078
3/1/2020,Rensselaer,0,0,0,0
3/2/2020,Rensselaer,0,0,0,0
3/3/2020,Rensselaer,0,0,0,0
3/4/2020,Rensselaer,0,0,2,2
3/5/2020,Rensselaer,0,0,0,2
3/6/2020,Rensselaer,0,0,0,2
3/7/2020,Rensselaer,0,0,2,4
3/8/2020,Rensselaer,0,0,0,4
3/9/2020,Rensselaer,0,0,1,5
3/10/2020,Rensselaer,0,0,1,6
3/11/2020,Rensselaer,0,0,1,7
3/12/2020,Rensselaer,0,0,2,9
3/13/2020,Rensselaer,0,0,11,20
3/14/2020,Rensselaer,0,0,40,60
3/15/2020,Rensselaer,0,0,50,110
3/16/2020,Rensselaer,1,1,39,149
3/17/2020,Rensselaer,3,4,70,219
3/18/2020,Rensselaer,2,6,136,355
3/19/2020,Rensselaer,2,8,156,511
3/20/2020,Rensselaer,12,20,166,677
3/21/2020,Rensselaer,6,26,173,850
3/22/2020,Rensselaer,3,29,78,928
3/23/2020,Rensselaer,1,30,47,975
3/24/2020,Rensselaer,1,31,26,1001
3/25/2020,Rensselaer,1,32,22,1023
3/26/2020,Rensselaer,3,35,26,1049
3/27/2020,Rensselaer,3,38,37,1086
3/28/2020,Rensselaer,1,39,12,1098
3/29/2020,Rensselaer,1,40,25,1123
3/30/2020,Rensselaer,1,41,20,1143
3/31/2020,Rensselaer,2,43,19,1162
4/1/2020,Rensselaer,10,53,42,1204
4/2/2020,Rensselaer,3,56,31,1235
4/3/2020,Rensselaer,2,58,18,1253
4/4/2020,Rensselaer,2,60,48,1301
4/5/2020,Rensselaer,2,62,29,1330
4/6/2020,Rensselaer,5,67,30,1360
4/7/2020,Rensselaer,8,75,53,1413
4/8/2020,Rensselaer,4,79,52,1465
4/9/2020,Rensselaer,12,91,101,1566
4/10/2020,Rensselaer,5,96,40,1606
4/11/2020,Rensselaer,9,105,65,1671
4/12/2020,Rensselaer,8,113,61,1732
4/13/2020,Rensselaer,7,120,79,1811
4/14/2020,Rensselaer,4,124,42,1853
4/15/2020,Rensselaer,13,137,106,1959
4/16/2020,Rensselaer,13,150,100,2059
4/17/2020,Rensselaer,14,164,135,2194
4/18/2020,Rensselaer,9,173,117,2311
4/19/2020,Rensselaer,4,177,51,2362
4/20/2020,Rensselaer,6,183,50,2412
4/21/2020,Rensselaer,3,186,49,2461
4/22/2020,Rensselaer,5,191,52,2513
4/23/2020,Rensselaer,7,198,80,2593
4/24/2020,Rensselaer,23,221,209,2802
4/25/2020,Rensselaer,21,242,151,2953
4/26/2020,Rensselaer,4,246,83,3036
4/27/2020,Rensselaer,4,250,39,3075
4/28/2020,Rensselaer,12,262,91,3166
4/29/2020,Rensselaer,25,287,142,3308
4/30/2020,Rensselaer,11,298,101,3409
5/1/2020,Rensselaer,13,311,112,3521
5/2/2020,Rensselaer,11,322,170,3691
5/3/2020,Rensselaer,15,337,148,3839
5/4/2020,Rensselaer,2,339,71,3910
5/5/2020,Rensselaer,8,347,126,4036
5/6/2020,Rensselaer,20,367,159,4195
5/7/2020,Rensselaer,13,380,194,4389
5/8/2020,Rensselaer,27,407,187,4576
5/9/2020,Rensselaer,2,409,248,4824
5/10/2020,Rensselaer,2,411,62,4886
5/11/2020,Rensselaer,5,416,91,4977
5/12/2020,Rensselaer,4,420,429,5406
5/13/2020,Rensselaer,3,423,278,5684
5/14/2020,Rensselaer,5,428,204,5888
5/15/2020,Rensselaer,10,438,225,6113
5/16/2020,Rensselaer,1,439,113,6226
5/17/2020,Rensselaer,5,444,198,6424
5/18/2020,Rensselaer,0,444,76,6500
5/19/2020,Rensselaer,9,453,292,6792
5/20/2020,Rensselaer,3,456,403,7195
5/21/2020,Rensselaer,4,460,379,7574
5/22/2020,Rensselaer,3,463,386,7960
5/23/2020,Rensselaer,0,463,363,8323
5/24/2020,Rensselaer,2,465,123,8446
5/25/2020,Rensselaer,1,466,158,8604
5/26/2020,Rensselaer,0,466,150,8754
5/27/2020,Rensselaer,3,469,405,9159
5/28/2020,Rensselaer,9,478,319,9478
5/29/2020,Rensselaer,8,486,337,9815
5/30/2020,Rensselaer,5,491,313,10128
5/31/2020,Rensselaer,1,492,274,10402
6/1/2020,Rensselaer,1,493,168,10570
6/2/2020,Rensselaer,2,495,426,10996
6/3/2020,Rensselaer,0,495,312,11308
6/4/2020,Rensselaer,2,497,592,11900
6/5/2020,Rensselaer,2,499,332,12232
6/6/2020,Rensselaer,3,502,421,12653
6/7/2020,Rensselaer,1,503,517,13170
6/8/2020,Rensselaer,2,505,182,13352
6/9/2020,Rensselaer,2,507,316,13668
6/10/2020,Rensselaer,1,508,299,13967
6/11/2020,Rensselaer,2,510,665,14632
6/12/2020,Rensselaer,1,511,261,14893
6/13/2020,Rensselaer,2,513,262,15155
6/14/2020,Rensselaer,1,514,309,15464
6/15/2020,Rensselaer,0,514,252,15716
6/16/2020,Rensselaer,1,515,199,15915
6/17/2020,Rensselaer,0,515,383,16298
6/18/2020,Rensselaer,4,519,413,16711
6/19/2020,Rensselaer,2,521,374,17085
6/20/2020,Rensselaer,3,524,401,17486
6/21/2020,Rensselaer,4,528,361,17847
6/22/2020,Rensselaer,5,533,197,18044
6/23/2020,Rensselaer,1,534,277,18321
6/24/2020,Rensselaer,7,541,450,18771
6/25/2020,Rensselaer,8,549,350,19121
6/26/2020,Rensselaer,1,550,468,19589
6/27/2020,Rensselaer,1,551,359,19948
6/28/2020,Rensselaer,2,553,375,20323
6/29/2020,Rensselaer,0,553,306,20629
6/30/2020,Rensselaer,2,555,195,20824
7/1/2020,Rensselaer,1,556,287,21111
7/2/2020,Rensselaer,3,559,425,21536
7/3/2020,Rensselaer,4,563,612,22148
7/4/2020,Rensselaer,2,565,475,22623
7/5/2020,Rensselaer,3,568,389,23012
7/6/2020,Rensselaer,3,571,162,23174
7/7/2020,Rensselaer,9,580,304,23478
7/8/2020,Rensselaer,6,586,399,23877
7/9/2020,Rensselaer,2,588,252,24129
7/10/2020,Rensselaer,5,593,331,24460
7/11/2020,Rensselaer,23,616,378,24838
7/12/2020,Rensselaer,1,617,317,25155
7/13/2020,Rensselaer,8,625,416,25571
7/14/2020,Rensselaer,7,632,409,25980
7/15/2020,Rensselaer,7,639,495,26475
7/16/2020,Rensselaer,4,643,442,26917
7/17/2020,Rensselaer,7,650,358,27275
7/18/2020,Rensselaer,1,651,225,27500
7/19/2020,Rensselaer,2,653,295,27795
7/20/2020,Rensselaer,5,658,476,28271
7/21/2020,Rensselaer,10,668,558,28829
7/22/2020,Rensselaer,1,669,486,29315
7/23/2020,Rensselaer,7,676,429,29744
7/24/2020,Rensselaer,5,681,396,30140
7/25/2020,Rensselaer,3,684,364,30504
7/26/2020,Rensselaer,3,687,624,31128
7/27/2020,Rensselaer,3,690,356,31484
7/28/2020,Rensselaer,4,694,345,31829
7/29/2020,Rensselaer,24,718,309,32138
7/30/2020,Rensselaer,6,724,413,32551
7/31/2020,Rensselaer,10,734,478,33029
8/1/2020,Rensselaer,2,736,265,33294
8/2/2020,Rensselaer,4,740,293,33587
8/3/2020,Rensselaer,8,748,491,34078
8/4/2020,Rensselaer,7,755,480,34558
8/5/2020,Rensselaer,3,758,431,34989
8/6/2020,Rensselaer,1,759,371,35360
8/7/2020,Rensselaer,2,761,241,35601
8/8/2020,Rensselaer,4,765,435,36036
8/9/2020,Rensselaer,1,766,282,36318
8/10/2020,Rensselaer,4,770,435,36753
8/11/2020,Rensselaer,10,780,608,37361
8/12/2020,Rensselaer,2,782,610,37971
8/13/2020,Rensselaer,3,785,520,38491
8/14/2020,Rensselaer,4,789,420,38911
8/15/2020,Rensselaer,6,795,637,39548
8/16/2020,Rensselaer,0,795,304,39852
8/17/2020,Rensselaer,6,801,422,40274
8/18/2020,Rensselaer,3,804,439,40713
8/19/2020,Rensselaer,5,809,475,41188
8/20/2020,Rensselaer,1,810,593,41781
8/21/2020,Rensselaer,3,813,498,42279
8/22/2020,Rensselaer,4,817,563,42842
8/23/2020,Rensselaer,1,818,310,43152
8/24/2020,Rensselaer,1,819,363,43515
8/25/2020,Rensselaer,3,822,392,43907
8/26/2020,Rensselaer,1,823,343,44250
8/27/2020,Rensselaer,3,826,564,44814
8/28/2020,Rensselaer,4,830,405,45219
8/29/2020,Rensselaer,3,833,708,45927
8/30/2020,Rensselaer,5,838,311,46238
8/31/2020,Rensselaer,3,841,309,46547
9/1/2020,Rensselaer,3,844,446,46993
9/2/2020,Rensselaer,4,848,501,47494
9/3/2020,Rensselaer,6,854,379,47873
9/4/2020,Rensselaer,4,858,540,48413
9/5/2020,Rensselaer,1,859,485,48898
9/6/2020,Rensselaer,1,860,217,49115
9/7/2020,Rensselaer,5,865,284,49399
9/8/2020,Rensselaer,1,866,262,49661
9/9/2020,Rensselaer,1,867,295,49956
9/10/2020,Rensselaer,3,870,600,50556
9/11/2020,Rensselaer,6,876,492,51048
9/12/2020,Rensselaer,3,879,407,51455
9/13/2020,Rensselaer,0,879,501,51956
9/14/2020,Rensselaer,5,884,498,52454
9/15/2020,Rensselaer,3,887,357,52811
9/16/2020,Rensselaer,5,892,260,53071
9/17/2020,Rensselaer,3,895,571,53642
9/18/2020,Rensselaer,1,896,397,54039
9/19/2020,Rensselaer,3,899,808,54847
9/20/2020,Rensselaer,2,901,309,55156
9/21/2020,Rensselaer,0,901,445,55601
9/22/2020,Rensselaer,1,902,286,55887
9/23/2020,Rensselaer,1,903,460,56347
9/24/2020,Rensselaer,2,905,505,56852
9/25/2020,Rensselaer,3,908,649,57501
9/26/2020,Rensselaer,3,911,585,58086
9/27/2020,Rensselaer,2,913,342,58428
9/28/2020,Rensselaer,3,916,369,58797
9/29/2020,Rensselaer,3,919,1882,60679
9/30/2020,Rensselaer,4,923,2239,62918
10/1/2020,Rensselaer,8,931,1480,64398
10/2/2020,Rensselaer,6,937,1930,66328
10/3/2020,Rensselaer,7,944,619,66947
10/4/2020,Rensselaer,1,945,215,67162
10/5/2020,Rensselaer,7,952,404,67566
10/6/2020,Rensselaer,5,957,2055,69621
10/7/2020,Rensselaer,1,958,2408,72029
10/8/2020,Rensselaer,6,964,1612,73641
10/9/2020,Rensselaer,6,970,2154,75795
10/10/2020,Rensselaer,10,980,692,76487
10/11/2020,Rensselaer,5,985,540,77027
10/12/2020,Rensselaer,9,994,440,77467
10/13/2020,Rensselaer,8,1002,1599,79066
10/14/2020,Rensselaer,5,1007,2540,81606
10/15/2020,Rensselaer,13,1020,1815,83421
10/16/2020,Rensselaer,1,1021,764,84185
10/17/2020,Rensselaer,6,1027,818,85003
10/18/2020,Rensselaer,7,1034,338,85341
10/19/2020,Rensselaer,6,1040,442,85783
10/20/2020,Rensselaer,7,1047,2034,87817
10/21/2020,Rensselaer,11,1058,2518,90335
10/22/2020,Rensselaer,6,1064,984,91319
10/23/2020,Rensselaer,9,1073,2668,93987
10/24/2020,Rensselaer,7,1080,4893,98880
10/25/2020,Rensselaer,8,1088,296,99176
10/26/2020,Rensselaer,6,1094,569,99745
10/27/2020,Rensselaer,5,1099,526,100271
10/28/2020,Rensselaer,11,1110,1019,101290
10/29/2020,Rensselaer,1,1111,1702,102992
10/30/2020,Rensselaer,5,1116,2365,105357
10/31/2020,Rensselaer,8,1124,2407,107764
11/1/2020,Rensselaer,7,1131,421,108185
11/2/2020,Rensselaer,4,1135,516,108701
11/3/2020,Rensselaer,7,1142,2052,110753
11/4/2020,Rensselaer,19,1161,868,111621
11/5/2020,Rensselaer,14,1175,1527,113148
11/6/2020,Rensselaer,9,1184,2444,115592
11/7/2020,Rensselaer,14,1198,858,116450
11/8/2020,Rensselaer,15,1213,2238,118688
11/9/2020,Rensselaer,17,1230,585,119273
11/10/2020,Rensselaer,13,1243,2134,121407
11/11/2020,Rensselaer,15,1258,1307,122714
11/12/2020,Rensselaer,20,1278,1605,124319
11/13/2020,Rensselaer,26,1304,2508,126827
11/14/2020,Rensselaer,17,1321,496,127323
3/1/2020,Richmond,0,0,0,0
3/2/2020,Richmond,0,0,0,0
3/3/2020,Richmond,0,0,0,0
3/4/2020,Richmond,0,0,0,0
3/5/2020,Richmond,0,0,0,0
3/6/2020,Richmond,0,0,3,3
3/7/2020,Richmond,0,0,2,5
3/8/2020,Richmond,0,0,0,5
3/9/2020,Richmond,0,0,6,11
3/10/2020,Richmond,1,1,5,16
3/11/2020,Richmond,1,2,5,21
3/12/2020,Richmond,4,6,16,37
3/13/2020,Richmond,5,11,34,71
3/14/2020,Richmond,3,14,29,100
3/15/2020,Richmond,6,20,27,127
3/16/2020,Richmond,11,31,35,162
3/17/2020,Richmond,26,57,61,223
3/18/2020,Richmond,33,90,110,333
3/19/2020,Richmond,116,206,272,605
3/20/2020,Richmond,109,315,334,939
3/21/2020,Richmond,207,522,645,1584
3/22/2020,Richmond,193,715,417,2001
3/23/2020,Richmond,200,915,487,2488
3/24/2020,Richmond,110,1025,223,2711
3/25/2020,Richmond,164,1189,293,3004
3/26/2020,Richmond,223,1412,413,3417
3/27/2020,Richmond,415,1827,847,4264
3/28/2020,Richmond,402,2229,878,5142
3/29/2020,Richmond,336,2565,711,5853
3/30/2020,Richmond,324,2889,691,6544
3/31/2020,Richmond,299,3188,616,7160
4/1/2020,Richmond,279,3467,559,7719
4/2/2020,Richmond,287,3754,563,8282
4/3/2020,Richmond,319,4073,679,8961
4/4/2020,Richmond,218,4291,513,9474
4/5/2020,Richmond,288,4579,600,10074
4/6/2020,Richmond,218,4797,605,10679
4/7/2020,Richmond,546,5343,1262,11941
4/8/2020,Richmond,641,5984,1528,13469
4/9/2020,Richmond,500,6484,1212,14681
4/10/2020,Richmond,376,6860,807,15488
4/11/2020,Richmond,456,7316,1030,16518
4/12/2020,Richmond,352,7668,887,17405
4/13/2020,Richmond,292,7960,725,18130
4/14/2020,Richmond,338,8298,743,18873
4/15/2020,Richmond,386,8684,1184,20057
4/16/2020,Richmond,347,9031,1084,21141
4/17/2020,Richmond,302,9333,1106,22247
4/18/2020,Richmond,341,9674,1288,23535
4/19/2020,Richmond,239,9913,874,24409
4/20/2020,Richmond,208,10121,882,25291
4/21/2020,Richmond,224,10345,998,26289
4/22/2020,Richmond,245,10590,1031,27320
4/23/2020,Richmond,293,10883,1272,28592
4/24/2020,Richmond,246,11129,1011,29603
4/25/2020,Richmond,154,11283,882,30485
4/26/2020,Richmond,140,11423,658,31143
4/27/2020,Richmond,93,11516,567,31710
4/28/2020,Richmond,144,11660,935,32645
4/29/2020,Richmond,151,11811,841,33486
4/30/2020,Richmond,126,11937,849,34335
5/1/2020,Richmond,157,12094,918,35253
5/2/2020,Richmond,101,12195,729,35982
5/3/2020,Richmond,60,12255,549,36531
5/4/2020,Richmond,62,12317,573,37104
5/5/2020,Richmond,84,12401,702,37806
5/6/2020,Richmond,105,12506,828,38634
5/7/2020,Richmond,72,12578,672,39306
5/8/2020,Richmond,72,12650,832,40138
5/9/2020,Richmond,52,12702,717,40855
5/10/2020,Richmond,45,12747,493,41348
5/11/2020,Richmond,22,12769,517,41865
5/12/2020,Richmond,41,12810,806,42671
5/13/2020,Richmond,51,12861,869,43540
5/14/2020,Richmond,48,12909,812,44352
5/15/2020,Richmond,65,12974,843,45195
5/16/2020,Richmond,37,13011,713,45908
5/17/2020,Richmond,36,13047,571,46479
5/18/2020,Richmond,22,13069,621,47100
5/19/2020,Richmond,31,13100,751,47851
5/20/2020,Richmond,40,13140,908,48759
5/21/2020,Richmond,31,13171,877,49636
5/22/2020,Richmond,44,13215,1232,50868
5/23/2020,Richmond,51,13266,1120,51988
5/24/2020,Richmond,21,13287,732,52720
5/25/2020,Richmond,38,13325,1047,53767
5/26/2020,Richmond,23,13348,720,54487
5/27/2020,Richmond,56,13404,1623,56110
5/28/2020,Richmond,51,13455,1731,57841
5/29/2020,Richmond,50,13505,1376,59217
5/30/2020,Richmond,17,13522,1214,60431
5/31/2020,Richmond,15,13537,1200,61631
6/1/2020,Richmond,25,13562,972,62603
6/2/2020,Richmond,23,13585,991,63594
6/3/2020,Richmond,36,13621,1784,65378
6/4/2020,Richmond,42,13663,1576,66954
6/5/2020,Richmond,28,13691,1886,68840
6/6/2020,Richmond,26,13717,1379,70219
6/7/2020,Richmond,10,13727,1182,71401
6/8/2020,Richmond,20,13747,896,72297
6/9/2020,Richmond,14,13761,1144,73441
6/10/2020,Richmond,19,13780,1290,74731
6/11/2020,Richmond,20,13800,1547,76278
6/12/2020,Richmond,17,13817,1596,77874
6/13/2020,Richmond,40,13857,1365,79239
6/14/2020,Richmond,21,13878,1391,80630
6/15/2020,Richmond,10,13888,2387,83017
6/16/2020,Richmond,5,13893,1328,84345
6/17/2020,Richmond,7,13900,1579,85924
6/18/2020,Richmond,17,13917,2306,88230
6/19/2020,Richmond,27,13944,1882,90112
6/20/2020,Richmond,14,13958,1749,91861
6/21/2020,Richmond,13,13971,1507,93368
6/22/2020,Richmond,12,13983,1121,94489
6/23/2020,Richmond,11,13994,1894,96383
6/24/2020,Richmond,26,14020,2032,98415
6/25/2020,Richmond,17,14037,1707,100122
6/26/2020,Richmond,15,14052,1697,101819
6/27/2020,Richmond,21,14073,1581,103400
6/28/2020,Richmond,9,14082,979,104379
6/29/2020,Richmond,11,14093,1749,106128
6/30/2020,Richmond,16,14109,1304,107432
7/1/2020,Richmond,16,14125,1787,109219
7/2/2020,Richmond,39,14164,1955,111174
7/3/2020,Richmond,26,14190,1613,112787
7/4/2020,Richmond,12,14202,1578,114365
7/5/2020,Richmond,11,14213,1362,115727
7/6/2020,Richmond,12,14225,1707,117434
7/7/2020,Richmond,18,14243,1406,118840
7/8/2020,Richmond,19,14262,1592,120432
7/9/2020,Richmond,23,14285,1874,122306
7/10/2020,Richmond,23,14308,1837,124143
7/11/2020,Richmond,21,14329,1681,125824
7/12/2020,Richmond,12,14341,1495,127319
7/13/2020,Richmond,31,14372,1891,129210
7/14/2020,Richmond,17,14389,1604,130814
7/15/2020,Richmond,28,14417,1878,132692
7/16/2020,Richmond,22,14439,2004,134696
7/17/2020,Richmond,20,14459,1566,136262
7/18/2020,Richmond,21,14480,1301,137563
7/19/2020,Richmond,23,14503,1213,138776
7/20/2020,Richmond,36,14539,2050,140826
7/21/2020,Richmond,18,14557,1252,142078
7/22/2020,Richmond,30,14587,1890,143968
7/23/2020,Richmond,26,14613,2065,146033
7/24/2020,Richmond,20,14633,1908,147941
7/25/2020,Richmond,16,14649,1116,149057
7/26/2020,Richmond,32,14681,1401,150458
7/27/2020,Richmond,17,14698,1571,152029
7/28/2020,Richmond,29,14727,1531,153560
7/29/2020,Richmond,21,14748,1720,155280
7/30/2020,Richmond,16,14764,1562,156842
7/31/2020,Richmond,17,14781,2229,159071
8/1/2020,Richmond,24,14805,1599,160670
8/2/2020,Richmond,17,14822,1421,162091
8/3/2020,Richmond,18,14840,1840,163931
8/4/2020,Richmond,14,14854,1492,165423
8/5/2020,Richmond,23,14877,1916,167339
8/6/2020,Richmond,14,14891,1679,169018
8/7/2020,Richmond,18,14909,2154,171172
8/8/2020,Richmond,12,14921,1395,172567
8/9/2020,Richmond,13,14934,1656,174223
8/10/2020,Richmond,19,14953,2137,176360
8/11/2020,Richmond,21,14974,2162,178522
8/12/2020,Richmond,24,14998,2896,181418
8/13/2020,Richmond,19,15017,2232,183650
8/14/2020,Richmond,29,15046,2189,185839
8/15/2020,Richmond,20,15066,1946,187785
8/16/2020,Richmond,7,15073,1454,189239
8/17/2020,Richmond,14,15087,1440,190679
8/18/2020,Richmond,14,15101,2347,193026
8/19/2020,Richmond,17,15118,2464,195490
8/20/2020,Richmond,11,15129,2418,197908
8/21/2020,Richmond,13,15142,2419,200327
8/22/2020,Richmond,20,15162,2047,202374
8/23/2020,Richmond,15,15177,1899,204273
8/24/2020,Richmond,12,15189,1977,206250
8/25/2020,Richmond,17,15206,2296,208546
8/26/2020,Richmond,18,15224,1950,210496
8/27/2020,Richmond,15,15239,2716,213212
8/28/2020,Richmond,13,15252,2633,215845
8/29/2020,Richmond,17,15269,2346,218191
8/30/2020,Richmond,19,15288,1528,219719
8/31/2020,Richmond,20,15308,2469,222188
9/1/2020,Richmond,24,15332,2045,224233
9/2/2020,Richmond,18,15350,2887,227120
9/3/2020,Richmond,19,15369,2641,229761
9/4/2020,Richmond,24,15393,2553,232314
9/5/2020,Richmond,27,15420,2668,234982
9/6/2020,Richmond,31,15451,1846,236828
9/7/2020,Richmond,15,15466,1483,238311
9/8/2020,Richmond,20,15486,1827,240138
9/9/2020,Richmond,24,15510,2525,242663
9/10/2020,Richmond,27,15537,1967,244630
9/11/2020,Richmond,28,15565,3042,247672
9/12/2020,Richmond,17,15582,1740,249412
9/13/2020,Richmond,22,15604,1601,251013
9/14/2020,Richmond,27,15631,2318,253331
9/15/2020,Richmond,11,15642,1532,254863
9/16/2020,Richmond,24,15666,2426,257289
9/17/2020,Richmond,23,15689,2017,259306
9/18/2020,Richmond,24,15713,2718,262024
9/19/2020,Richmond,17,15730,2408,264432
9/20/2020,Richmond,23,15753,1329,265761
9/21/2020,Richmond,33,15786,2287,268048
9/22/2020,Richmond,13,15799,1076,269124
9/23/2020,Richmond,24,15823,2677,271801
9/24/2020,Richmond,14,15837,2118,273919
9/25/2020,Richmond,30,15867,2524,276443
9/26/2020,Richmond,23,15890,2226,278669
9/27/2020,Richmond,23,15913,1743,280412
9/28/2020,Richmond,37,15950,2385,282797
9/29/2020,Richmond,39,15989,1763,284560
9/30/2020,Richmond,36,16025,2281,286841
10/1/2020,Richmond,36,16061,2341,289182
10/2/2020,Richmond,46,16107,3278,292460
10/3/2020,Richmond,30,16137,2661,295121
10/4/2020,Richmond,20,16157,1760,296881
10/5/2020,Richmond,52,16209,2812,299693
10/6/2020,Richmond,31,16240,2182,301875
10/7/2020,Richmond,54,16294,3978,305853
10/8/2020,Richmond,30,16324,2487,308340
10/9/2020,Richmond,49,16373,3396,311736
10/10/2020,Richmond,28,16401,2812,314548
10/11/2020,Richmond,33,16434,2630,317178
10/12/2020,Richmond,62,16496,3099,320277
10/13/2020,Richmond,26,16522,2079,322356
10/14/2020,Richmond,37,16559,2715,325071
10/15/2020,Richmond,46,16605,3256,328327
10/16/2020,Richmond,65,16670,4789,333116
10/17/2020,Richmond,50,16720,3621,336737
10/18/2020,Richmond,26,16746,1988,338725
10/19/2020,Richmond,36,16782,2376,341101
10/20/2020,Richmond,78,16860,3394,344495
10/21/2020,Richmond,32,16892,2803,347298
10/22/2020,Richmond,37,16929,3598,350896
10/23/2020,Richmond,75,17004,3988,354884
10/24/2020,Richmond,44,17048,2919,357803
10/25/2020,Richmond,37,17085,1832,359635
10/26/2020,Richmond,89,17174,4278,363913
10/27/2020,Richmond,78,17252,2959,366872
10/28/2020,Richmond,107,17359,4394,371266
10/29/2020,Richmond,98,17457,3388,374654
10/30/2020,Richmond,78,17535,3642,378296
10/31/2020,Richmond,109,17644,3817,382113
11/1/2020,Richmond,59,17703,2396,384509
11/2/2020,Richmond,74,17777,3050,387559
11/3/2020,Richmond,49,17826,2344,389903
11/4/2020,Richmond,115,17941,3848,393751
11/5/2020,Richmond,191,18132,5425,399176
11/6/2020,Richmond,137,18269,4565,403741
11/7/2020,Richmond,128,18397,4448,408189
11/8/2020,Richmond,126,18523,3301,411490
11/9/2020,Richmond,138,18661,3175,414665
11/10/2020,Richmond,215,18876,4472,419137
11/11/2020,Richmond,160,19036,4292,423429
11/12/2020,Richmond,229,19265,4967,428396
11/13/2020,Richmond,226,19491,5081,433477
11/14/2020,Richmond,151,19642,4355,437832
3/1/2020,Rockland,0,0,0,0
3/2/2020,Rockland,0,0,0,0
3/3/2020,Rockland,0,0,0,0
3/4/2020,Rockland,0,0,0,0
3/5/2020,Rockland,0,0,0,0
3/6/2020,Rockland,1,1,1,1
3/7/2020,Rockland,0,1,0,1
3/8/2020,Rockland,0,1,2,3
3/9/2020,Rockland,3,4,7,10
3/10/2020,Rockland,0,4,2,12
3/11/2020,Rockland,2,6,2,14
3/12/2020,Rockland,2,8,5,19
3/13/2020,Rockland,1,9,8,27
3/14/2020,Rockland,3,12,21,48
3/15/2020,Rockland,1,13,35,83
3/16/2020,Rockland,9,22,39,122
3/17/2020,Rockland,8,30,29,151
3/18/2020,Rockland,23,53,58,209
3/19/2020,Rockland,48,101,192,401
3/20/2020,Rockland,161,262,569,970
3/21/2020,Rockland,193,455,604,1574
3/22/2020,Rockland,137,592,393,1967
3/23/2020,Rockland,79,671,315,2282
3/24/2020,Rockland,297,968,592,2874
3/25/2020,Rockland,229,1197,567,3441
3/26/2020,Rockland,260,1457,588,4029
3/27/2020,Rockland,439,1896,1078,5107
3/28/2020,Rockland,313,2209,827,5934
3/29/2020,Rockland,302,2511,604,6538
3/30/2020,Rockland,352,2863,739,7277
3/31/2020,Rockland,458,3321,930,8207
4/1/2020,Rockland,430,3751,904,9111
4/2/2020,Rockland,538,4289,997,10108
4/3/2020,Rockland,583,4872,1124,11232
4/4/2020,Rockland,454,5326,880,12112
4/5/2020,Rockland,377,5703,732,12844
4/6/2020,Rockland,287,5990,662,13506
4/7/2020,Rockland,423,6413,1027,14533
4/8/2020,Rockland,252,6665,648,15181
4/9/2020,Rockland,457,7122,1013,16194
4/10/2020,Rockland,355,7477,785,16979
4/11/2020,Rockland,244,7721,569,17548
4/12/2020,Rockland,244,7965,586,18134
4/13/2020,Rockland,370,8335,779,18913
4/14/2020,Rockland,139,8474,371,19284
4/15/2020,Rockland,278,8752,830,20114
4/16/2020,Rockland,235,8987,678,20792
4/17/2020,Rockland,184,9171,610,21402
4/18/2020,Rockland,193,9364,547,21949
4/19/2020,Rockland,93,9457,316,22265
4/20/2020,Rockland,111,9568,407,22672
4/21/2020,Rockland,131,9699,478,23150
4/22/2020,Rockland,129,9828,584,23734
4/23/2020,Rockland,263,10091,1255,24989
4/24/2020,Rockland,1000,11091,2606,27595
4/25/2020,Rockland,165,11256,677,28272
4/26/2020,Rockland,110,11366,565,28837
4/27/2020,Rockland,87,11453,537,29374
4/28/2020,Rockland,133,11586,528,29902
4/29/2020,Rockland,122,11708,691,30593
4/30/2020,Rockland,104,11812,823,31416
5/1/2020,Rockland,133,11945,779,32195
5/2/2020,Rockland,80,12025,598,32793
5/3/2020,Rockland,70,12095,476,33269
5/4/2020,Rockland,49,12144,437,33706
5/5/2020,Rockland,60,12204,401,34107
5/6/2020,Rockland,76,12280,852,34959
5/7/2020,Rockland,69,12349,740,35699
5/8/2020,Rockland,51,12400,669,36368
5/9/2020,Rockland,51,12451,582,36950
5/10/2020,Rockland,33,12484,564,37514
5/11/2020,Rockland,20,12504,368,37882
5/12/2020,Rockland,39,12543,637,38519
5/13/2020,Rockland,53,12596,1096,39615
5/14/2020,Rockland,41,12637,851,40466
5/15/2020,Rockland,51,12688,1035,41501
5/16/2020,Rockland,70,12758,779,42280
5/17/2020,Rockland,19,12777,486,42766
5/18/2020,Rockland,21,12798,338,43104
5/19/2020,Rockland,33,12831,577,43681
5/20/2020,Rockland,46,12877,1091,44772
5/21/2020,Rockland,28,12905,790,45562
5/22/2020,Rockland,29,12934,814,46376
5/23/2020,Rockland,29,12963,735,47111
5/24/2020,Rockland,33,12996,634,47745
5/25/2020,Rockland,23,13019,652,48397
5/26/2020,Rockland,28,13047,554,48951
5/27/2020,Rockland,29,13076,1115,50066
5/28/2020,Rockland,24,13100,1097,51163
5/29/2020,Rockland,28,13128,807,51970
5/30/2020,Rockland,23,13151,616,52586
5/31/2020,Rockland,34,13185,682,53268
6/1/2020,Rockland,38,13223,785,54053
6/2/2020,Rockland,36,13259,1088,55141
6/3/2020,Rockland,21,13280,969,56110
6/4/2020,Rockland,17,13297,1191,57301
6/5/2020,Rockland,18,13315,1030,58331
6/6/2020,Rockland,10,13325,795,59126
6/7/2020,Rockland,15,13340,761,59887
6/8/2020,Rockland,13,13353,847,60734
6/9/2020,Rockland,19,13372,843,61577
6/10/2020,Rockland,13,13385,976,62553
6/11/2020,Rockland,11,13396,905,63458
6/12/2020,Rockland,15,13411,885,64343
6/13/2020,Rockland,12,13423,876,65219
6/14/2020,Rockland,18,13441,797,66016
6/15/2020,Rockland,19,13460,770,66786
6/16/2020,Rockland,7,13467,683,67469
6/17/2020,Rockland,7,13474,918,68387
6/18/2020,Rockland,12,13486,1081,69468
6/19/2020,Rockland,9,13495,804,70272
6/20/2020,Rockland,9,13504,628,70900
6/21/2020,Rockland,10,13514,603,71503
6/22/2020,Rockland,15,13529,575,72078
6/23/2020,Rockland,5,13534,498,72576
6/24/2020,Rockland,15,13549,686,73262
6/25/2020,Rockland,8,13557,881,74143
6/26/2020,Rockland,9,13566,951,75094
6/27/2020,Rockland,10,13576,795,75889
6/28/2020,Rockland,4,13580,627,76516
6/29/2020,Rockland,10,13590,728,77244
6/30/2020,Rockland,12,13602,999,78243
7/1/2020,Rockland,10,13612,980,79223
7/2/2020,Rockland,11,13623,1109,80332
7/3/2020,Rockland,6,13629,636,80968
7/4/2020,Rockland,19,13648,1043,82011
7/5/2020,Rockland,8,13656,759,82770
7/6/2020,Rockland,12,13668,895,83665
7/7/2020,Rockland,11,13679,744,84409
7/8/2020,Rockland,4,13683,932,85341
7/9/2020,Rockland,8,13691,927,86268
7/10/2020,Rockland,9,13700,949,87217
7/11/2020,Rockland,16,13716,1039,88256
7/12/2020,Rockland,3,13719,555,88811
7/13/2020,Rockland,14,13733,1001,89812
7/14/2020,Rockland,10,13743,1127,90939
7/15/2020,Rockland,20,13763,975,91914
7/16/2020,Rockland,12,13775,1034,92948
7/17/2020,Rockland,9,13784,1038,93986
7/18/2020,Rockland,9,13793,497,94483
7/19/2020,Rockland,5,13798,497,94980
7/20/2020,Rockland,8,13806,651,95631
7/21/2020,Rockland,6,13812,900,96531
7/22/2020,Rockland,8,13820,719,97250
7/23/2020,Rockland,10,13830,1114,98364
7/24/2020,Rockland,7,13837,844,99208
7/25/2020,Rockland,2,13839,520,99728
7/26/2020,Rockland,2,13841,580,100308
7/27/2020,Rockland,4,13845,772,101080
7/28/2020,Rockland,7,13852,646,101726
7/29/2020,Rockland,8,13860,642,102368
7/30/2020,Rockland,4,13864,789,103157
7/31/2020,Rockland,16,13880,898,104055
8/1/2020,Rockland,2,13882,573,104628
8/2/2020,Rockland,3,13885,525,105153
8/3/2020,Rockland,8,13893,948,106101
8/4/2020,Rockland,10,13903,867,106968
8/5/2020,Rockland,15,13918,841,107809
8/6/2020,Rockland,7,13925,744,108553
8/7/2020,Rockland,11,13936,784,109337
8/8/2020,Rockland,6,13942,785,110122
8/9/2020,Rockland,7,13949,617,110739
8/10/2020,Rockland,5,13954,1150,111889
8/11/2020,Rockland,12,13966,1261,113150
8/12/2020,Rockland,7,13973,1042,114192
8/13/2020,Rockland,8,13981,959,115151
8/14/2020,Rockland,16,13997,1160,116311
8/15/2020,Rockland,10,14007,852,117163
8/16/2020,Rockland,4,14011,638,117801
8/17/2020,Rockland,42,14053,911,118712
8/18/2020,Rockland,14,14067,1153,119865
8/19/2020,Rockland,22,14089,1063,120928
8/20/2020,Rockland,17,14106,1229,122157
8/21/2020,Rockland,12,14118,1382,123539
8/22/2020,Rockland,11,14129,997,124536
8/23/2020,Rockland,10,14139,782,125318
8/24/2020,Rockland,10,14149,837,126155
8/25/2020,Rockland,12,14161,1016,127171
8/26/2020,Rockland,22,14183,963,128134
8/27/2020,Rockland,14,14197,1165,129299
8/28/2020,Rockland,21,14218,1251,130550
8/29/2020,Rockland,15,14233,1733,132283
8/30/2020,Rockland,22,14255,723,133006
8/31/2020,Rockland,16,14271,900,133906
9/1/2020,Rockland,34,14305,2290,136196
9/2/2020,Rockland,29,14334,1283,137479
9/3/2020,Rockland,24,14358,1148,138627
9/4/2020,Rockland,24,14382,1299,139926
9/5/2020,Rockland,14,14396,950,140876
9/6/2020,Rockland,22,14418,607,141483
9/7/2020,Rockland,21,14439,505,141988
9/8/2020,Rockland,20,14459,1253,143241
9/9/2020,Rockland,21,14480,1169,144410
9/10/2020,Rockland,30,14510,1434,145844
9/11/2020,Rockland,20,14530,1225,147069
9/12/2020,Rockland,17,14547,745,147814
9/13/2020,Rockland,34,14581,715,148529
9/14/2020,Rockland,36,14617,1571,150100
9/15/2020,Rockland,43,14660,1135,151235
9/16/2020,Rockland,38,14698,1256,152491
9/17/2020,Rockland,49,14747,1402,153893
9/18/2020,Rockland,54,14801,1453,155346
9/19/2020,Rockland,22,14823,946,156292
9/20/2020,Rockland,10,14833,654,156946
9/21/2020,Rockland,58,14891,1763,158709
9/22/2020,Rockland,63,14954,1341,160050
9/23/2020,Rockland,44,14998,1308,161358
9/24/2020,Rockland,47,15045,1070,162428
9/25/2020,Rockland,55,15100,1477,163905
9/26/2020,Rockland,67,15167,993,164898
9/27/2020,Rockland,110,15277,859,165757
9/28/2020,Rockland,65,15342,1811,167568
9/29/2020,Rockland,110,15452,1680,169248
9/30/2020,Rockland,184,15636,2143,171391
10/1/2020,Rockland,213,15849,2790,174181
10/2/2020,Rockland,124,15973,2078,176259
10/3/2020,Rockland,43,16016,1115,177374
10/4/2020,Rockland,55,16071,888,178262
10/5/2020,Rockland,119,16190,1633,179895
10/6/2020,Rockland,66,16256,1478,181373
10/7/2020,Rockland,198,16454,2760,184133
10/8/2020,Rockland,145,16599,2577,186710
10/9/2020,Rockland,91,16690,2330,189040
10/10/2020,Rockland,27,16717,1283,190323
10/11/2020,Rockland,43,16760,1046,191369
10/12/2020,Rockland,69,16829,3169,194538
10/13/2020,Rockland,62,16891,1552,196090
10/14/2020,Rockland,81,16972,2254,198344
10/15/2020,Rockland,91,17063,2005,200349
10/16/2020,Rockland,62,17125,2420,202769
10/17/2020,Rockland,46,17171,2138,204907
10/18/2020,Rockland,36,17207,1631,206538
10/19/2020,Rockland,62,17269,3034,209572
10/20/2020,Rockland,184,17453,3576,213148
10/21/2020,Rockland,71,17524,4181,217329
10/22/2020,Rockland,57,17581,2649,219978
10/23/2020,Rockland,54,17635,3304,223282
10/24/2020,Rockland,50,17685,1857,225139
10/25/2020,Rockland,75,17760,1344,226483
10/26/2020,Rockland,72,17832,2631,229114
10/27/2020,Rockland,111,17943,3399,232513
10/28/2020,Rockland,81,18024,2769,235282
10/29/2020,Rockland,86,18110,2878,238160
10/30/2020,Rockland,67,18177,2202,240362
10/31/2020,Rockland,88,18265,2331,242693
11/1/2020,Rockland,88,18353,1588,244281
11/2/2020,Rockland,113,18466,3596,247877
11/3/2020,Rockland,115,18581,3055,250932
11/4/2020,Rockland,102,18683,3091,254023
11/5/2020,Rockland,73,18756,3378,257401
11/6/2020,Rockland,98,18854,3773,261174
11/7/2020,Rockland,56,18910,1464,262638
11/8/2020,Rockland,85,18995,2084,264722
11/9/2020,Rockland,138,19133,3251,267973
11/10/2020,Rockland,144,19277,3903,271876
11/11/2020,Rockland,137,19414,4093,275969
11/12/2020,Rockland,153,19567,4310,280279
11/13/2020,Rockland,156,19723,4635,284914
11/14/2020,Rockland,120,19843,3911,288825
3/1/2020,Saratoga,0,0,0,0
3/2/2020,Saratoga,0,0,0,0
3/3/2020,Saratoga,0,0,0,0
3/4/2020,Saratoga,0,0,0,0
3/5/2020,Saratoga,0,0,0,0
3/6/2020,Saratoga,0,0,0,0
3/7/2020,Saratoga,0,0,1,1
3/8/2020,Saratoga,0,0,0,1
3/9/2020,Saratoga,2,2,9,10
3/10/2020,Saratoga,0,2,2,12
3/11/2020,Saratoga,1,3,31,43
3/12/2020,Saratoga,0,3,32,75
3/13/2020,Saratoga,0,3,41,116
3/14/2020,Saratoga,0,3,45,161
3/15/2020,Saratoga,2,5,66,227
3/16/2020,Saratoga,4,9,55,282
3/17/2020,Saratoga,5,14,76,358
3/18/2020,Saratoga,4,18,156,514
3/19/2020,Saratoga,6,24,102,616
3/20/2020,Saratoga,11,35,279,895
3/21/2020,Saratoga,6,41,143,1038
3/22/2020,Saratoga,12,53,164,1202
3/23/2020,Saratoga,7,60,76,1278
3/24/2020,Saratoga,4,64,69,1347
3/25/2020,Saratoga,9,73,55,1402
3/26/2020,Saratoga,9,82,69,1471
3/27/2020,Saratoga,14,96,82,1553
3/28/2020,Saratoga,6,102,51,1604
3/29/2020,Saratoga,3,105,15,1619
3/30/2020,Saratoga,3,108,23,1642
3/31/2020,Saratoga,14,122,78,1720
4/1/2020,Saratoga,10,132,69,1789
4/2/2020,Saratoga,9,141,53,1842
4/3/2020,Saratoga,0,141,57,1899
4/4/2020,Saratoga,7,148,110,2009
4/5/2020,Saratoga,5,153,34,2043
4/6/2020,Saratoga,2,155,40,2083
4/7/2020,Saratoga,7,162,73,2156
4/8/2020,Saratoga,10,172,113,2269
4/9/2020,Saratoga,10,182,154,2423
4/10/2020,Saratoga,5,187,68,2491
4/11/2020,Saratoga,9,196,88,2579
4/12/2020,Saratoga,5,201,61,2640
4/13/2020,Saratoga,23,224,193,2833
4/14/2020,Saratoga,3,227,71,2904
4/15/2020,Saratoga,4,231,92,2996
4/16/2020,Saratoga,5,236,77,3073
4/17/2020,Saratoga,8,244,98,3171
4/18/2020,Saratoga,7,251,105,3276
4/19/2020,Saratoga,3,254,32,3308
4/20/2020,Saratoga,3,257,42,3350
4/21/2020,Saratoga,7,264,101,3451
4/22/2020,Saratoga,1,265,52,3503
4/23/2020,Saratoga,13,278,127,3630
4/24/2020,Saratoga,42,320,642,4272
4/25/2020,Saratoga,10,330,217,4489
4/26/2020,Saratoga,6,336,114,4603
4/27/2020,Saratoga,7,343,116,4719
4/28/2020,Saratoga,3,346,125,4844
4/29/2020,Saratoga,8,354,195,5039
4/30/2020,Saratoga,4,358,171,5210
5/1/2020,Saratoga,3,361,173,5383
5/2/2020,Saratoga,2,363,203,5586
5/3/2020,Saratoga,4,367,103,5689
5/4/2020,Saratoga,1,368,115,5804
5/5/2020,Saratoga,3,371,173,5977
5/6/2020,Saratoga,3,374,157,6134
5/7/2020,Saratoga,14,388,174,6308
5/8/2020,Saratoga,11,399,179,6487
5/9/2020,Saratoga,3,402,183,6670
5/10/2020,Saratoga,1,403,170,6840
5/11/2020,Saratoga,4,407,154,6994
5/12/2020,Saratoga,3,410,196,7190
5/13/2020,Saratoga,5,415,280,7470
5/14/2020,Saratoga,6,421,266,7736
5/15/2020,Saratoga,2,423,358,8094
5/16/2020,Saratoga,5,428,560,8654
5/17/2020,Saratoga,6,434,242,8896
5/18/2020,Saratoga,2,436,139,9035
5/19/2020,Saratoga,2,438,267,9302
5/20/2020,Saratoga,2,440,458,9760
5/21/2020,Saratoga,8,448,351,10111
5/22/2020,Saratoga,4,452,254,10365
5/23/2020,Saratoga,4,456,316,10681
5/24/2020,Saratoga,5,461,185,10866
5/25/2020,Saratoga,2,463,312,11178
5/26/2020,Saratoga,2,465,285,11463
5/27/2020,Saratoga,3,468,292,11755
5/28/2020,Saratoga,5,473,511,12266
5/29/2020,Saratoga,4,477,518,12784
5/30/2020,Saratoga,3,480,399,13183
5/31/2020,Saratoga,3,483,487,13670
6/1/2020,Saratoga,1,484,317,13987
6/2/2020,Saratoga,5,489,609,14596
6/3/2020,Saratoga,4,493,741,15337
6/4/2020,Saratoga,3,496,574,15911
6/5/2020,Saratoga,5,501,610,16521
6/6/2020,Saratoga,1,502,520,17041
6/7/2020,Saratoga,2,504,654,17695
6/8/2020,Saratoga,7,511,396,18091
6/9/2020,Saratoga,0,511,495,18586
6/10/2020,Saratoga,2,513,577,19163
6/11/2020,Saratoga,1,514,693,19856
6/12/2020,Saratoga,0,514,357,20213
6/13/2020,Saratoga,1,515,437,20650
6/14/2020,Saratoga,2,517,568,21218
6/15/2020,Saratoga,5,522,425,21643
6/16/2020,Saratoga,1,523,435,22078
6/17/2020,Saratoga,3,526,488,22566
6/18/2020,Saratoga,2,528,546,23112
6/19/2020,Saratoga,3,531,561,23673
6/20/2020,Saratoga,2,533,492,24165
6/21/2020,Saratoga,2,535,543,24708
6/22/2020,Saratoga,3,538,273,24981
6/23/2020,Saratoga,0,538,470,25451
6/24/2020,Saratoga,2,540,389,25840
6/25/2020,Saratoga,0,540,564,26404
6/26/2020,Saratoga,6,546,589,26993
6/27/2020,Saratoga,2,548,517,27510
6/28/2020,Saratoga,1,549,531,28041
6/29/2020,Saratoga,0,549,283,28324
6/30/2020,Saratoga,1,550,246,28570
7/1/2020,Saratoga,5,555,444,29014
7/2/2020,Saratoga,6,561,512,29526
7/3/2020,Saratoga,1,562,518,30044
7/4/2020,Saratoga,4,566,516,30560
7/5/2020,Saratoga,6,572,431,30991
7/6/2020,Saratoga,6,578,267,31258
7/7/2020,Saratoga,4,582,539,31797
7/8/2020,Saratoga,3,585,555,32352
7/9/2020,Saratoga,2,587,419,32771
7/10/2020,Saratoga,8,595,524,33295
7/11/2020,Saratoga,7,602,506,33801
7/12/2020,Saratoga,8,610,480,34281
7/13/2020,Saratoga,6,616,577,34858
7/14/2020,Saratoga,7,623,531,35389
7/15/2020,Saratoga,1,624,483,35872
7/16/2020,Saratoga,6,630,494,36366
7/17/2020,Saratoga,5,635,893,37259
7/18/2020,Saratoga,2,637,479,37738
7/19/2020,Saratoga,2,639,412,38150
7/20/2020,Saratoga,7,646,782,38932
7/21/2020,Saratoga,4,650,556,39488
7/22/2020,Saratoga,13,663,890,40378
7/23/2020,Saratoga,2,665,546,40924
7/24/2020,Saratoga,14,679,889,41813
7/25/2020,Saratoga,6,685,795,42608
7/26/2020,Saratoga,3,688,521,43129
7/27/2020,Saratoga,3,691,639,43768
7/28/2020,Saratoga,10,701,462,44230
7/29/2020,Saratoga,8,709,537,44767
7/30/2020,Saratoga,6,715,540,45307
7/31/2020,Saratoga,11,726,1028,46335
8/1/2020,Saratoga,6,732,603,46938
8/2/2020,Saratoga,1,733,426,47364
8/3/2020,Saratoga,6,739,841,48205
8/4/2020,Saratoga,5,744,681,48886
8/5/2020,Saratoga,3,747,576,49462
8/6/2020,Saratoga,5,752,826,50288
8/7/2020,Saratoga,3,755,506,50794
8/8/2020,Saratoga,2,757,685,51479
8/9/2020,Saratoga,3,760,451,51930
8/10/2020,Saratoga,7,767,749,52679
8/11/2020,Saratoga,1,768,601,53280
8/12/2020,Saratoga,6,774,831,54111
8/13/2020,Saratoga,8,782,728,54839
8/14/2020,Saratoga,1,783,789,55628
8/15/2020,Saratoga,9,792,720,56348
8/16/2020,Saratoga,3,795,498,56846
8/17/2020,Saratoga,5,800,934,57780
8/18/2020,Saratoga,0,800,1088,58868
8/19/2020,Saratoga,2,802,1221,60089
8/20/2020,Saratoga,6,808,1254,61343
8/21/2020,Saratoga,5,813,1228,62571
8/22/2020,Saratoga,2,815,981,63552
8/23/2020,Saratoga,1,816,438,63990
8/24/2020,Saratoga,8,824,679,64669
8/25/2020,Saratoga,0,824,1137,65806
8/26/2020,Saratoga,5,829,1175,66981
8/27/2020,Saratoga,3,832,661,67642
8/28/2020,Saratoga,0,832,1292,68934
8/29/2020,Saratoga,10,842,1102,70036
8/30/2020,Saratoga,2,844,800,70836
8/31/2020,Saratoga,2,846,379,71215
9/1/2020,Saratoga,6,852,1239,72454
9/2/2020,Saratoga,11,863,1102,73556
9/3/2020,Saratoga,5,868,1151,74707
9/4/2020,Saratoga,9,877,1075,75782
9/5/2020,Saratoga,12,889,1108,76890
9/6/2020,Saratoga,4,893,420,77310
9/7/2020,Saratoga,7,900,470,77780
9/8/2020,Saratoga,11,911,910,78690
9/9/2020,Saratoga,7,918,376,79066
9/10/2020,Saratoga,25,943,1731,80797
9/11/2020,Saratoga,12,955,1702,82499
9/12/2020,Saratoga,6,961,958,83457
9/13/2020,Saratoga,3,964,642,84099
9/14/2020,Saratoga,1,965,471,84570
9/15/2020,Saratoga,5,970,1298,85868
9/16/2020,Saratoga,6,976,1190,87058
9/17/2020,Saratoga,9,985,1305,88363
9/18/2020,Saratoga,5,990,1188,89551
9/19/2020,Saratoga,8,998,1375,90926
9/20/2020,Saratoga,6,1004,511,91437
9/21/2020,Saratoga,2,1006,728,92165
9/22/2020,Saratoga,8,1014,690,92855
9/23/2020,Saratoga,3,1017,1849,94704
9/24/2020,Saratoga,14,1031,1044,95748
9/25/2020,Saratoga,5,1036,1322,97070
9/26/2020,Saratoga,8,1044,1862,98932
9/27/2020,Saratoga,8,1052,650,99582
9/28/2020,Saratoga,8,1060,643,100225
9/29/2020,Saratoga,6,1066,1286,101511
9/30/2020,Saratoga,7,1073,1305,102816
10/1/2020,Saratoga,10,1083,1421,104237
10/2/2020,Saratoga,7,1090,1172,105409
10/3/2020,Saratoga,5,1095,1666,107075
10/4/2020,Saratoga,5,1100,1001,108076
10/5/2020,Saratoga,3,1103,1206,109282
10/6/2020,Saratoga,8,1111,1036,110318
10/7/2020,Saratoga,11,1122,1426,111744
10/8/2020,Saratoga,17,1139,1587,113331
10/9/2020,Saratoga,2,1141,1133,114464
10/10/2020,Saratoga,8,1149,1012,115476
10/11/2020,Saratoga,9,1158,1961,117437
10/12/2020,Saratoga,10,1168,1397,118834
10/13/2020,Saratoga,6,1174,745,119579
10/14/2020,Saratoga,8,1182,1150,120729
10/15/2020,Saratoga,8,1190,991,121720
10/16/2020,Saratoga,12,1202,1463,123183
10/17/2020,Saratoga,5,1207,1762,124945
10/18/2020,Saratoga,6,1213,1148,126093
10/19/2020,Saratoga,6,1219,1462,127555
10/20/2020,Saratoga,10,1229,1103,128658
10/21/2020,Saratoga,15,1244,1060,129718
10/22/2020,Saratoga,21,1265,1125,130843
10/23/2020,Saratoga,30,1295,1240,132083
10/24/2020,Saratoga,13,1308,1772,133855
10/25/2020,Saratoga,11,1319,1278,135133
10/26/2020,Saratoga,15,1334,1577,136710
10/27/2020,Saratoga,11,1345,1168,137878
10/28/2020,Saratoga,20,1365,1314,139192
10/29/2020,Saratoga,18,1383,1073,140265
10/30/2020,Saratoga,22,1405,1349,141614
10/31/2020,Saratoga,18,1423,2115,143729
11/1/2020,Saratoga,15,1438,1029,144758
11/2/2020,Saratoga,10,1448,1765,146523
11/3/2020,Saratoga,10,1458,1375,147898
11/4/2020,Saratoga,24,1482,1362,149260
11/5/2020,Saratoga,21,1503,1255,150515
11/6/2020,Saratoga,17,1520,976,151491
11/7/2020,Saratoga,21,1541,2204,153695
11/8/2020,Saratoga,12,1553,1032,154727
11/9/2020,Saratoga,14,1567,1463,156190
11/10/2020,Saratoga,16,1583,1390,157580
11/11/2020,Saratoga,28,1611,1495,159075
11/12/2020,Saratoga,31,1642,1258,160333
11/13/2020,Saratoga,24,1666,1065,161398
11/14/2020,Saratoga,14,1680,729,162127
3/1/2020,Schenectady,0,0,0,0
3/2/2020,Schenectady,0,0,0,0
3/3/2020,Schenectady,0,0,0,0
3/4/2020,Schenectady,0,0,0,0
3/5/2020,Schenectady,0,0,0,0
3/6/2020,Schenectady,0,0,0,0
3/7/2020,Schenectady,0,0,0,0
3/8/2020,Schenectady,0,0,1,1
3/9/2020,Schenectady,0,0,2,3
3/10/2020,Schenectady,0,0,0,3
3/11/2020,Schenectady,0,0,12,15
3/12/2020,Schenectady,0,0,5,20
3/13/2020,Schenectady,1,1,20,40
3/14/2020,Schenectady,1,2,54,94
3/15/2020,Schenectady,2,4,42,136
3/16/2020,Schenectady,1,5,27,163
3/17/2020,Schenectady,9,14,98,261
3/18/2020,Schenectady,4,18,131,392
3/19/2020,Schenectady,3,21,115,507
3/20/2020,Schenectady,11,32,157,664
3/21/2020,Schenectady,7,39,123,787
3/22/2020,Schenectady,5,44,62,849
3/23/2020,Schenectady,2,46,50,899
3/24/2020,Schenectady,9,55,53,952
3/25/2020,Schenectady,7,62,32,984
3/26/2020,Schenectady,4,66,41,1025
3/27/2020,Schenectady,6,72,43,1068
3/28/2020,Schenectady,4,76,28,1096
3/29/2020,Schenectady,4,80,12,1108
3/30/2020,Schenectady,5,85,33,1141
3/31/2020,Schenectady,8,93,22,1163
4/1/2020,Schenectady,8,101,31,1194
4/2/2020,Schenectady,9,110,42,1236
4/3/2020,Schenectady,7,117,38,1274
4/4/2020,Schenectady,11,128,64,1338
4/5/2020,Schenectady,10,138,64,1402
4/6/2020,Schenectady,7,145,35,1437
4/7/2020,Schenectady,4,149,23,1460
4/8/2020,Schenectady,18,167,104,1564
4/9/2020,Schenectady,24,191,183,1747
4/10/2020,Schenectady,3,194,24,1771
4/11/2020,Schenectady,5,199,27,1798
4/12/2020,Schenectady,5,204,27,1825
4/13/2020,Schenectady,31,235,232,2057
4/14/2020,Schenectady,2,237,18,2075
4/15/2020,Schenectady,8,245,45,2120
4/16/2020,Schenectady,5,250,35,2155
4/17/2020,Schenectady,9,259,38,2193
4/18/2020,Schenectady,9,268,36,2229
4/19/2020,Schenectady,1,269,23,2252
4/20/2020,Schenectady,4,273,23,2275
4/21/2020,Schenectady,7,280,24,2299
4/22/2020,Schenectady,8,288,47,2346
4/23/2020,Schenectady,9,297,33,2379
4/24/2020,Schenectady,134,431,964,3343
4/25/2020,Schenectady,18,449,186,3529
4/26/2020,Schenectady,8,457,96,3625
4/27/2020,Schenectady,12,469,119,3744
4/28/2020,Schenectady,10,479,184,3928
4/29/2020,Schenectady,22,501,246,4174
4/30/2020,Schenectady,13,514,195,4369
5/1/2020,Schenectady,7,521,194,4563
5/2/2020,Schenectady,6,527,146,4709
5/3/2020,Schenectady,8,535,126,4835
5/4/2020,Schenectady,2,537,98,4933
5/5/2020,Schenectady,14,551,178,5111
5/6/2020,Schenectady,0,551,194,5305
5/7/2020,Schenectady,7,558,144,5449
5/8/2020,Schenectady,13,571,204,5653
5/9/2020,Schenectady,0,571,199,5852
5/10/2020,Schenectady,4,575,113,5965
5/11/2020,Schenectady,6,581,102,6067
5/12/2020,Schenectady,6,587,164,6231
5/13/2020,Schenectady,10,597,276,6507
5/14/2020,Schenectady,6,603,170,6677
5/15/2020,Schenectady,10,613,272,6949
5/16/2020,Schenectady,7,620,175,7124
5/17/2020,Schenectady,9,629,233,7357
5/18/2020,Schenectady,2,631,83,7440
5/19/2020,Schenectady,2,633,392,7832
5/20/2020,Schenectady,5,638,378,8210
5/21/2020,Schenectady,7,645,667,8877
5/22/2020,Schenectady,3,648,248,9125
5/23/2020,Schenectady,10,658,641,9766
5/24/2020,Schenectady,6,664,340,10106
5/25/2020,Schenectady,4,668,143,10249
5/26/2020,Schenectady,5,673,243,10492
5/27/2020,Schenectady,3,676,485,10977
5/28/2020,Schenectady,4,680,792,11769
5/29/2020,Schenectady,6,686,477,12246
5/30/2020,Schenectady,3,689,324,12570
5/31/2020,Schenectady,4,693,482,13052
6/1/2020,Schenectady,3,696,481,13533
6/2/2020,Schenectady,5,701,406,13939
6/3/2020,Schenectady,0,701,565,14504
6/4/2020,Schenectady,5,706,802,15306
6/5/2020,Schenectady,4,710,497,15803
6/6/2020,Schenectady,1,711,579,16382
6/7/2020,Schenectady,1,712,533,16915
6/8/2020,Schenectady,3,715,402,17317
6/9/2020,Schenectady,1,716,211,17528
6/10/2020,Schenectady,1,717,550,18078
6/11/2020,Schenectady,4,721,990,19068
6/12/2020,Schenectady,2,723,372,19440
6/13/2020,Schenectady,2,725,421,19861
6/14/2020,Schenectady,7,732,329,20190
6/15/2020,Schenectady,3,735,495,20685
6/16/2020,Schenectady,2,737,350,21035
6/17/2020,Schenectady,1,738,540,21575
6/18/2020,Schenectady,8,746,763,22338
6/19/2020,Schenectady,3,749,478,22816
6/20/2020,Schenectady,5,754,549,23365
6/21/2020,Schenectady,7,761,594,23959
6/22/2020,Schenectady,9,770,347,24306
6/23/2020,Schenectady,2,772,391,24697
6/24/2020,Schenectady,6,778,812,25509
6/25/2020,Schenectady,3,781,403,25912
6/26/2020,Schenectady,5,786,454,26366
6/27/2020,Schenectady,6,792,385,26751
6/28/2020,Schenectady,7,799,393,27144
6/29/2020,Schenectady,1,800,295,27439
6/30/2020,Schenectady,5,805,247,27686
7/1/2020,Schenectady,11,816,690,28376
7/2/2020,Schenectady,8,824,395,28771
7/3/2020,Schenectady,7,831,418,29189
7/4/2020,Schenectady,3,834,559,29748
7/5/2020,Schenectady,4,838,471,30219
7/6/2020,Schenectady,5,843,340,30559
7/7/2020,Schenectady,1,844,297,30856
7/8/2020,Schenectady,4,848,413,31269
7/9/2020,Schenectady,4,852,436,31705
7/10/2020,Schenectady,4,856,447,32152
7/11/2020,Schenectady,8,864,385,32537
7/12/2020,Schenectady,4,868,488,33025
7/13/2020,Schenectady,15,883,495,33520
7/14/2020,Schenectady,8,891,476,33996
7/15/2020,Schenectady,5,896,445,34441
7/16/2020,Schenectady,6,902,489,34930
7/17/2020,Schenectady,8,910,639,35569
7/18/2020,Schenectady,5,915,203,35772
7/19/2020,Schenectady,0,915,249,36021
7/20/2020,Schenectady,11,926,661,36682
7/21/2020,Schenectady,10,936,497,37179
7/22/2020,Schenectady,10,946,476,37655
7/23/2020,Schenectady,9,955,441,38096
7/24/2020,Schenectady,20,975,590,38686
7/25/2020,Schenectady,12,987,466,39152
7/26/2020,Schenectady,3,990,260,39412
7/27/2020,Schenectady,8,998,543,39955
7/28/2020,Schenectady,12,1010,450,40405
7/29/2020,Schenectady,8,1018,512,40917
7/30/2020,Schenectady,5,1023,563,41480
7/31/2020,Schenectady,9,1032,666,42146
8/1/2020,Schenectady,3,1035,332,42478
8/2/2020,Schenectady,2,1037,298,42776
8/3/2020,Schenectady,4,1041,482,43258
8/4/2020,Schenectady,4,1045,518,43776
8/5/2020,Schenectady,5,1050,719,44495
8/6/2020,Schenectady,5,1055,662,45157
8/7/2020,Schenectady,3,1058,352,45509
8/8/2020,Schenectady,0,1058,399,45908
8/9/2020,Schenectady,2,1060,274,46182
8/10/2020,Schenectady,15,1075,523,46705
8/11/2020,Schenectady,4,1079,448,47153
8/12/2020,Schenectady,5,1084,749,47902
8/13/2020,Schenectady,8,1092,558,48460
8/14/2020,Schenectady,9,1101,647,49107
8/15/2020,Schenectady,18,1119,536,49643
8/16/2020,Schenectady,2,1121,324,49967
8/17/2020,Schenectady,9,1130,515,50482
8/18/2020,Schenectady,3,1133,386,50868
8/19/2020,Schenectady,10,1143,885,51753
8/20/2020,Schenectady,16,1159,825,52578
8/21/2020,Schenectady,13,1172,905,53483
8/22/2020,Schenectady,7,1179,567,54050
8/23/2020,Schenectady,3,1182,148,54198
8/24/2020,Schenectady,24,1206,542,54740
8/25/2020,Schenectady,5,1211,536,55276
8/26/2020,Schenectady,20,1231,813,56089
8/27/2020,Schenectady,2,1233,626,56715
8/28/2020,Schenectady,22,1255,949,57664
8/29/2020,Schenectady,5,1260,751,58415
8/30/2020,Schenectady,3,1263,440,58855
8/31/2020,Schenectady,8,1271,442,59297
9/1/2020,Schenectady,7,1278,769,60066
9/2/2020,Schenectady,12,1290,826,60892
9/3/2020,Schenectady,8,1298,829,61721
9/4/2020,Schenectady,1,1299,855,62576
9/5/2020,Schenectady,11,1310,778,63354
9/6/2020,Schenectady,4,1314,489,63843
9/7/2020,Schenectady,8,1322,536,64379
9/8/2020,Schenectady,2,1324,652,65031
9/9/2020,Schenectady,11,1335,520,65551
9/10/2020,Schenectady,8,1343,1235,66786
9/11/2020,Schenectady,8,1351,1410,68196
9/12/2020,Schenectady,5,1356,550,68746
9/13/2020,Schenectady,1,1357,219,68965
9/14/2020,Schenectady,1,1358,329,69294
9/15/2020,Schenectady,4,1362,884,70178
9/16/2020,Schenectady,10,1372,1199,71377
9/17/2020,Schenectady,2,1374,1111,72488
9/18/2020,Schenectady,3,1377,1213,73701
9/19/2020,Schenectady,3,1380,1112,74813
9/20/2020,Schenectady,3,1383,326,75139
9/21/2020,Schenectady,0,1383,451,75590
9/22/2020,Schenectady,5,1388,1006,76596
9/23/2020,Schenectady,7,1395,1193,77789
9/24/2020,Schenectady,3,1398,1096,78885
9/25/2020,Schenectady,1,1399,1364,80249
9/26/2020,Schenectady,3,1402,1461,81710
9/27/2020,Schenectady,1,1403,310,82020
9/28/2020,Schenectady,2,1405,481,82501
9/29/2020,Schenectady,5,1410,941,83442
9/30/2020,Schenectady,7,1417,1243,84685
10/1/2020,Schenectady,3,1420,1540,86225
10/2/2020,Schenectady,5,1425,1135,87360
10/3/2020,Schenectady,4,1429,1369,88729
10/4/2020,Schenectady,0,1429,380,89109
10/5/2020,Schenectady,1,1430,349,89458
10/6/2020,Schenectady,2,1432,634,90092
10/7/2020,Schenectady,6,1438,1564,91656
10/8/2020,Schenectady,7,1445,1590,93246
10/9/2020,Schenectady,6,1451,871,94117
10/10/2020,Schenectady,3,1454,1721,95838
10/11/2020,Schenectady,5,1459,429,96267
10/12/2020,Schenectady,2,1461,424,96691
10/13/2020,Schenectady,3,1464,488,97179
10/14/2020,Schenectady,13,1477,1309,98488
10/15/2020,Schenectady,8,1485,1071,99559
10/16/2020,Schenectady,6,1491,2493,102052
10/17/2020,Schenectady,7,1498,676,102728
10/18/2020,Schenectady,9,1507,376,103104
10/19/2020,Schenectady,3,1510,402,103506
10/20/2020,Schenectady,6,1516,1127,104633
10/21/2020,Schenectady,6,1522,1423,106056
10/22/2020,Schenectady,8,1530,1501,107557
10/23/2020,Schenectady,9,1539,1620,109177
10/24/2020,Schenectady,7,1546,583,109760
10/25/2020,Schenectady,3,1549,362,110122
10/26/2020,Schenectady,15,1564,986,111108
10/27/2020,Schenectady,6,1570,1025,112133
10/28/2020,Schenectady,9,1579,1238,113371
10/29/2020,Schenectady,12,1591,1707,115078
10/30/2020,Schenectady,9,1600,1766,116844
10/31/2020,Schenectady,22,1622,871,117715
11/1/2020,Schenectady,9,1631,398,118113
11/2/2020,Schenectady,13,1644,694,118807
11/3/2020,Schenectady,6,1650,1162,119969
11/4/2020,Schenectady,16,1666,1393,121362
11/5/2020,Schenectady,21,1687,1543,122905
11/6/2020,Schenectady,14,1701,1637,124542
11/7/2020,Schenectady,15,1716,964,125506
11/8/2020,Schenectady,17,1733,517,126023
11/9/2020,Schenectady,25,1758,520,126543
11/10/2020,Schenectady,19,1777,1069,127612
11/11/2020,Schenectady,25,1802,1813,129425
11/12/2020,Schenectady,26,1828,1583,131008
11/13/2020,Schenectady,32,1860,1969,132977
11/14/2020,Schenectady,11,1871,447,133424
3/1/2020,Schoharie,0,0,0,0
3/2/2020,Schoharie,0,0,0,0
3/3/2020,Schoharie,0,0,0,0
3/4/2020,Schoharie,0,0,0,0
3/5/2020,Schoharie,0,0,0,0
3/6/2020,Schoharie,0,0,0,0
3/7/2020,Schoharie,0,0,0,0
3/8/2020,Schoharie,0,0,0,0
3/9/2020,Schoharie,0,0,0,0
3/10/2020,Schoharie,0,0,0,0
3/11/2020,Schoharie,0,0,2,2
3/12/2020,Schoharie,0,0,1,3
3/13/2020,Schoharie,0,0,0,3
3/14/2020,Schoharie,0,0,0,3
3/15/2020,Schoharie,0,0,0,3
3/16/2020,Schoharie,0,0,0,3
3/17/2020,Schoharie,0,0,8,11
3/18/2020,Schoharie,1,1,8,19
3/19/2020,Schoharie,0,1,10,29
3/20/2020,Schoharie,0,1,16,45
3/21/2020,Schoharie,0,1,6,51
3/22/2020,Schoharie,0,1,3,54
3/23/2020,Schoharie,0,1,1,55
3/24/2020,Schoharie,1,2,3,58
3/25/2020,Schoharie,0,2,2,60
3/26/2020,Schoharie,1,3,3,63
3/27/2020,Schoharie,2,5,9,72
3/28/2020,Schoharie,0,5,5,77
3/29/2020,Schoharie,1,6,3,80
3/30/2020,Schoharie,0,6,4,84
3/31/2020,Schoharie,2,8,7,91
4/1/2020,Schoharie,0,8,10,101
4/2/2020,Schoharie,1,9,5,106
4/3/2020,Schoharie,1,10,21,127
4/4/2020,Schoharie,1,11,16,143
4/5/2020,Schoharie,0,11,17,160
4/6/2020,Schoharie,1,12,19,179
4/7/2020,Schoharie,0,12,20,199
4/8/2020,Schoharie,0,12,8,207
4/9/2020,Schoharie,0,12,16,223
4/10/2020,Schoharie,0,12,5,228
4/11/2020,Schoharie,0,12,2,230
4/12/2020,Schoharie,0,12,4,234
4/13/2020,Schoharie,8,20,59,293
4/14/2020,Schoharie,0,20,1,294
4/15/2020,Schoharie,0,20,5,299
4/16/2020,Schoharie,0,20,0,299
4/17/2020,Schoharie,0,20,1,300
4/18/2020,Schoharie,0,20,2,302
4/19/2020,Schoharie,0,20,4,306
4/20/2020,Schoharie,0,20,4,310
4/21/2020,Schoharie,0,20,0,310
4/22/2020,Schoharie,1,21,8,318
4/23/2020,Schoharie,0,21,13,331
4/24/2020,Schoharie,12,33,177,508
4/25/2020,Schoharie,2,35,29,537
4/26/2020,Schoharie,0,35,15,552
4/27/2020,Schoharie,3,38,19,571
4/28/2020,Schoharie,1,39,21,592
4/29/2020,Schoharie,3,42,17,609
4/30/2020,Schoharie,1,43,24,633
5/1/2020,Schoharie,0,43,16,649
5/2/2020,Schoharie,2,45,20,669
5/3/2020,Schoharie,0,45,21,690
5/4/2020,Schoharie,0,45,29,719
5/5/2020,Schoharie,0,45,29,748
5/6/2020,Schoharie,0,45,20,768
5/7/2020,Schoharie,0,45,15,783
5/8/2020,Schoharie,1,46,32,815
5/9/2020,Schoharie,0,46,23,838
5/10/2020,Schoharie,0,46,19,857
5/11/2020,Schoharie,0,46,32,889
5/12/2020,Schoharie,1,47,27,916
5/13/2020,Schoharie,0,47,32,948
5/14/2020,Schoharie,0,47,8,956
5/15/2020,Schoharie,0,47,22,978
5/16/2020,Schoharie,0,47,39,1017
5/17/2020,Schoharie,1,48,36,1053
5/18/2020,Schoharie,0,48,21,1074
5/19/2020,Schoharie,0,48,34,1108
5/20/2020,Schoharie,1,49,33,1141
5/21/2020,Schoharie,0,49,27,1168
5/22/2020,Schoharie,0,49,23,1191
5/23/2020,Schoharie,0,49,29,1220
5/24/2020,Schoharie,0,49,21,1241
5/25/2020,Schoharie,0,49,12,1253
5/26/2020,Schoharie,0,49,46,1299
5/27/2020,Schoharie,0,49,74,1373
5/28/2020,Schoharie,0,49,32,1405
5/29/2020,Schoharie,1,50,32,1437
5/30/2020,Schoharie,0,50,41,1478
5/31/2020,Schoharie,0,50,47,1525
6/1/2020,Schoharie,1,51,39,1564
6/2/2020,Schoharie,0,51,46,1610
6/3/2020,Schoharie,0,51,63,1673
6/4/2020,Schoharie,0,51,60,1733
6/5/2020,Schoharie,3,54,85,1818
6/6/2020,Schoharie,0,54,59,1877
6/7/2020,Schoharie,0,54,65,1942
6/8/2020,Schoharie,0,54,60,2002
6/9/2020,Schoharie,0,54,41,2043
6/10/2020,Schoharie,0,54,74,2117
6/11/2020,Schoharie,0,54,33,2150
6/12/2020,Schoharie,0,54,40,2190
6/13/2020,Schoharie,0,54,37,2227
6/14/2020,Schoharie,0,54,42,2269
6/15/2020,Schoharie,0,54,83,2352
6/16/2020,Schoharie,1,55,87,2439
6/17/2020,Schoharie,0,55,38,2477
6/18/2020,Schoharie,0,55,45,2522
6/19/2020,Schoharie,1,56,35,2557
6/20/2020,Schoharie,1,57,55,2612
6/21/2020,Schoharie,0,57,84,2696
6/22/2020,Schoharie,0,57,61,2757
6/23/2020,Schoharie,0,57,37,2794
6/24/2020,Schoharie,0,57,45,2839
6/25/2020,Schoharie,0,57,19,2858
6/26/2020,Schoharie,0,57,47,2905
6/27/2020,Schoharie,1,58,61,2966
6/28/2020,Schoharie,0,58,48,3014
6/29/2020,Schoharie,0,58,68,3082
6/30/2020,Schoharie,0,58,46,3128
7/1/2020,Schoharie,0,58,49,3177
7/2/2020,Schoharie,0,58,25,3202
7/3/2020,Schoharie,0,58,39,3241
7/4/2020,Schoharie,1,59,49,3290
7/5/2020,Schoharie,0,59,39,3329
7/6/2020,Schoharie,0,59,29,3358
7/7/2020,Schoharie,1,60,48,3406
7/8/2020,Schoharie,1,61,45,3451
7/9/2020,Schoharie,1,62,42,3493
7/10/2020,Schoharie,0,62,53,3546
7/11/2020,Schoharie,0,62,42,3588
7/12/2020,Schoharie,0,62,32,3620
7/13/2020,Schoharie,0,62,35,3655
7/14/2020,Schoharie,0,62,73,3728
7/15/2020,Schoharie,0,62,52,3780
7/16/2020,Schoharie,0,62,77,3857
7/17/2020,Schoharie,0,62,81,3938
7/18/2020,Schoharie,0,62,28,3966
7/19/2020,Schoharie,0,62,42,4008
7/20/2020,Schoharie,2,64,71,4079
7/21/2020,Schoharie,0,64,86,4165
7/22/2020,Schoharie,2,66,43,4208
7/23/2020,Schoharie,1,67,32,4240
7/24/2020,Schoharie,0,67,32,4272
7/25/2020,Schoharie,1,68,48,4320
7/26/2020,Schoharie,0,68,28,4348
7/27/2020,Schoharie,0,68,36,4384
7/28/2020,Schoharie,0,68,44,4428
7/29/2020,Schoharie,0,68,62,4490
7/30/2020,Schoharie,0,68,55,4545
7/31/2020,Schoharie,0,68,61,4606
8/1/2020,Schoharie,0,68,56,4662
8/2/2020,Schoharie,0,68,39,4701
8/3/2020,Schoharie,0,68,72,4773
8/4/2020,Schoharie,0,68,82,4855
8/5/2020,Schoharie,1,69,37,4892
8/6/2020,Schoharie,0,69,42,4934
8/7/2020,Schoharie,0,69,65,4999
8/8/2020,Schoharie,0,69,62,5061
8/9/2020,Schoharie,0,69,33,5094
8/10/2020,Schoharie,0,69,121,5215
8/11/2020,Schoharie,0,69,68,5283
8/12/2020,Schoharie,0,69,65,5348
8/13/2020,Schoharie,0,69,38,5386
8/14/2020,Schoharie,0,69,75,5461
8/15/2020,Schoharie,0,69,55,5516
8/16/2020,Schoharie,0,69,52,5568
8/17/2020,Schoharie,0,69,65,5633
8/18/2020,Schoharie,0,69,64,5697
8/19/2020,Schoharie,0,69,61,5758
8/20/2020,Schoharie,0,69,55,5813
8/21/2020,Schoharie,0,69,64,5877
8/22/2020,Schoharie,0,69,86,5963
8/23/2020,Schoharie,0,69,50,6013
8/24/2020,Schoharie,0,69,47,6060
8/25/2020,Schoharie,0,69,84,6144
8/26/2020,Schoharie,0,69,30,6174
8/27/2020,Schoharie,0,69,53,6227
8/28/2020,Schoharie,0,69,53,6280
8/29/2020,Schoharie,0,69,68,6348
8/30/2020,Schoharie,0,69,46,6394
8/31/2020,Schoharie,1,70,86,6480
9/1/2020,Schoharie,0,70,56,6536
9/2/2020,Schoharie,0,70,65,6601
9/3/2020,Schoharie,1,71,50,6651
9/4/2020,Schoharie,1,72,54,6705
9/5/2020,Schoharie,1,73,66,6771
9/6/2020,Schoharie,0,73,60,6831
9/7/2020,Schoharie,0,73,55,6886
9/8/2020,Schoharie,0,73,26,6912
9/9/2020,Schoharie,1,74,40,6952
9/10/2020,Schoharie,1,75,57,7009
9/11/2020,Schoharie,2,77,66,7075
9/12/2020,Schoharie,1,78,63,7138
9/13/2020,Schoharie,4,82,57,7195
9/14/2020,Schoharie,1,83,56,7251
9/15/2020,Schoharie,0,83,46,7297
9/16/2020,Schoharie,0,83,51,7348
9/17/2020,Schoharie,0,83,48,7396
9/18/2020,Schoharie,0,83,47,7443
9/19/2020,Schoharie,0,83,86,7529
9/20/2020,Schoharie,0,83,47,7576
9/21/2020,Schoharie,0,83,63,7639
9/22/2020,Schoharie,0,83,53,7692
9/23/2020,Schoharie,0,83,54,7746
9/24/2020,Schoharie,0,83,43,7789
9/25/2020,Schoharie,1,84,82,7871
9/26/2020,Schoharie,1,85,64,7935
9/27/2020,Schoharie,0,85,45,7980
9/28/2020,Schoharie,0,85,107,8087
9/29/2020,Schoharie,0,85,49,8136
9/30/2020,Schoharie,0,85,596,8732
10/1/2020,Schoharie,0,85,60,8792
10/2/2020,Schoharie,1,86,88,8880
10/3/2020,Schoharie,0,86,76,8956
10/4/2020,Schoharie,1,87,80,9036
10/5/2020,Schoharie,0,87,63,9099
10/6/2020,Schoharie,0,87,51,9150
10/7/2020,Schoharie,1,88,55,9205
10/8/2020,Schoharie,2,90,400,9605
10/9/2020,Schoharie,3,93,81,9686
10/10/2020,Schoharie,1,94,61,9747
10/11/2020,Schoharie,0,94,780,10527
10/12/2020,Schoharie,1,95,121,10648
10/13/2020,Schoharie,0,95,57,10705
10/14/2020,Schoharie,2,97,496,11201
10/15/2020,Schoharie,3,100,87,11288
10/16/2020,Schoharie,0,100,88,11376
10/17/2020,Schoharie,0,100,84,11460
10/18/2020,Schoharie,0,100,94,11554
10/19/2020,Schoharie,1,101,70,11624
10/20/2020,Schoharie,0,101,577,12201
10/21/2020,Schoharie,0,101,53,12254
10/22/2020,Schoharie,3,104,72,12326
10/23/2020,Schoharie,3,107,81,12407
10/24/2020,Schoharie,2,109,111,12518
10/25/2020,Schoharie,0,109,91,12609
10/26/2020,Schoharie,1,110,66,12675
10/27/2020,Schoharie,1,111,752,13427
10/28/2020,Schoharie,1,112,821,14248
10/29/2020,Schoharie,1,113,86,14334
10/30/2020,Schoharie,1,114,107,14441
10/31/2020,Schoharie,1,115,70,14511
11/1/2020,Schoharie,1,116,99,14610
11/2/2020,Schoharie,0,116,32,14642
11/3/2020,Schoharie,1,117,792,15434
11/4/2020,Schoharie,2,119,838,16272
11/5/2020,Schoharie,1,120,74,16346
11/6/2020,Schoharie,1,121,80,16426
11/7/2020,Schoharie,1,122,86,16512
11/8/2020,Schoharie,2,124,59,16571
11/9/2020,Schoharie,6,130,796,17367
11/10/2020,Schoharie,3,133,1031,18398
11/11/2020,Schoharie,4,137,123,18521
11/12/2020,Schoharie,4,141,96,18617
11/13/2020,Schoharie,0,141,80,18697
11/14/2020,Schoharie,2,143,65,18762
3/1/2020,Schuyler,0,0,0,0
3/2/2020,Schuyler,0,0,0,0
3/3/2020,Schuyler,0,0,0,0
3/4/2020,Schuyler,0,0,0,0
3/5/2020,Schuyler,0,0,0,0
3/6/2020,Schuyler,0,0,0,0
3/7/2020,Schuyler,0,0,0,0
3/8/2020,Schuyler,0,0,0,0
3/9/2020,Schuyler,0,0,0,0
3/10/2020,Schuyler,0,0,0,0
3/11/2020,Schuyler,0,0,0,0
3/12/2020,Schuyler,0,0,0,0
3/13/2020,Schuyler,0,0,0,0
3/14/2020,Schuyler,0,0,1,1
3/15/2020,Schuyler,0,0,1,2
3/16/2020,Schuyler,0,0,2,4
3/17/2020,Schuyler,0,0,0,4
3/18/2020,Schuyler,0,0,1,5
3/19/2020,Schuyler,0,0,0,5
3/20/2020,Schuyler,0,0,9,14
3/21/2020,Schuyler,0,0,3,17
3/22/2020,Schuyler,0,0,7,24
3/23/2020,Schuyler,0,0,8,32
3/24/2020,Schuyler,0,0,0,32
3/25/2020,Schuyler,0,0,1,33
3/26/2020,Schuyler,0,0,8,41
3/27/2020,Schuyler,1,1,6,47
3/28/2020,Schuyler,0,1,7,54
3/29/2020,Schuyler,1,2,6,60
3/30/2020,Schuyler,0,2,6,66
3/31/2020,Schuyler,0,2,1,67
4/1/2020,Schuyler,1,3,8,75
4/2/2020,Schuyler,0,3,13,88
4/3/2020,Schuyler,1,4,5,93
4/4/2020,Schuyler,0,4,2,95
4/5/2020,Schuyler,0,4,9,104
4/6/2020,Schuyler,0,4,4,108
4/7/2020,Schuyler,0,4,12,120
4/8/2020,Schuyler,0,4,20,140
4/9/2020,Schuyler,1,5,4,144
4/10/2020,Schuyler,0,5,7,151
4/11/2020,Schuyler,0,5,1,152
4/12/2020,Schuyler,0,5,1,153
4/13/2020,Schuyler,1,6,11,164
4/14/2020,Schuyler,0,6,0,164
4/15/2020,Schuyler,0,6,5,169
4/16/2020,Schuyler,0,6,8,177
4/17/2020,Schuyler,0,6,4,181
4/18/2020,Schuyler,0,6,0,181
4/19/2020,Schuyler,1,7,4,185
4/20/2020,Schuyler,0,7,4,189
4/21/2020,Schuyler,0,7,10,199
4/22/2020,Schuyler,0,7,108,307
4/23/2020,Schuyler,0,7,18,325
4/24/2020,Schuyler,0,7,38,363
4/25/2020,Schuyler,0,7,10,373
4/26/2020,Schuyler,0,7,9,382
4/27/2020,Schuyler,0,7,8,390
4/28/2020,Schuyler,0,7,15,405
4/29/2020,Schuyler,0,7,7,412
4/30/2020,Schuyler,0,7,6,418
5/1/2020,Schuyler,0,7,7,425
5/2/2020,Schuyler,0,7,2,427
5/3/2020,Schuyler,0,7,12,439
5/4/2020,Schuyler,0,7,5,444
5/5/2020,Schuyler,0,7,31,475
5/6/2020,Schuyler,0,7,12,487
5/7/2020,Schuyler,0,7,9,496
5/8/2020,Schuyler,0,7,38,534
5/9/2020,Schuyler,0,7,31,565
5/10/2020,Schuyler,0,7,14,579
5/11/2020,Schuyler,1,8,17,596
5/12/2020,Schuyler,0,8,32,628
5/13/2020,Schuyler,0,8,46,674
5/14/2020,Schuyler,0,8,18,692
5/15/2020,Schuyler,0,8,52,744
5/16/2020,Schuyler,1,9,32,776
5/17/2020,Schuyler,1,10,55,831
5/18/2020,Schuyler,0,10,57,888
5/19/2020,Schuyler,0,10,44,932
5/20/2020,Schuyler,0,10,42,974
5/21/2020,Schuyler,1,11,49,1023
5/22/2020,Schuyler,0,11,78,1101
5/23/2020,Schuyler,0,11,45,1146
5/24/2020,Schuyler,0,11,52,1198
5/25/2020,Schuyler,0,11,14,1212
5/26/2020,Schuyler,0,11,68,1280
5/27/2020,Schuyler,0,11,41,1321
5/28/2020,Schuyler,0,11,52,1373
5/29/2020,Schuyler,0,11,64,1437
5/30/2020,Schuyler,0,11,76,1513
5/31/2020,Schuyler,0,11,30,1543
6/1/2020,Schuyler,1,12,26,1569
6/2/2020,Schuyler,0,12,40,1609
6/3/2020,Schuyler,0,12,22,1631
6/4/2020,Schuyler,0,12,32,1663
6/5/2020,Schuyler,0,12,139,1802
6/6/2020,Schuyler,0,12,47,1849
6/7/2020,Schuyler,0,12,45,1894
6/8/2020,Schuyler,0,12,81,1975
6/9/2020,Schuyler,0,12,46,2021
6/10/2020,Schuyler,0,12,47,2068
6/11/2020,Schuyler,0,12,51,2119
6/12/2020,Schuyler,0,12,67,2186
6/13/2020,Schuyler,0,12,30,2216
6/14/2020,Schuyler,0,12,43,2259
6/15/2020,Schuyler,0,12,68,2327
6/16/2020,Schuyler,0,12,59,2386
6/17/2020,Schuyler,0,12,42,2428
6/18/2020,Schuyler,0,12,67,2495
6/19/2020,Schuyler,0,12,57,2552
6/20/2020,Schuyler,0,12,31,2583
6/21/2020,Schuyler,0,12,33,2616
6/22/2020,Schuyler,0,12,63,2679
6/23/2020,Schuyler,0,12,63,2742
6/24/2020,Schuyler,0,12,26,2768
6/25/2020,Schuyler,0,12,31,2799
6/26/2020,Schuyler,0,12,69,2868
6/27/2020,Schuyler,0,12,56,2924
6/28/2020,Schuyler,0,12,36,2960
6/29/2020,Schuyler,0,12,61,3021
6/30/2020,Schuyler,1,13,44,3065
7/1/2020,Schuyler,0,13,33,3098
7/2/2020,Schuyler,0,13,27,3125
7/3/2020,Schuyler,0,13,74,3199
7/4/2020,Schuyler,0,13,47,3246
7/5/2020,Schuyler,0,13,51,3297
7/6/2020,Schuyler,0,13,38,3335
7/7/2020,Schuyler,0,13,46,3381
7/8/2020,Schuyler,0,13,15,3396
7/9/2020,Schuyler,0,13,47,3443
7/10/2020,Schuyler,2,15,52,3495
7/11/2020,Schuyler,0,15,93,3588
7/12/2020,Schuyler,0,15,27,3615
7/13/2020,Schuyler,0,15,70,3685
7/14/2020,Schuyler,0,15,48,3733
7/15/2020,Schuyler,0,15,134,3867
7/16/2020,Schuyler,0,15,63,3930
7/17/2020,Schuyler,1,16,67,3997
7/18/2020,Schuyler,0,16,67,4064
7/19/2020,Schuyler,4,20,19,4083
7/20/2020,Schuyler,0,20,35,4118
7/21/2020,Schuyler,0,20,99,4217
7/22/2020,Schuyler,0,20,142,4359
7/23/2020,Schuyler,0,20,69,4428
7/24/2020,Schuyler,0,20,83,4511
7/25/2020,Schuyler,0,20,51,4562
7/26/2020,Schuyler,0,20,20,4582
7/27/2020,Schuyler,0,20,23,4605
7/28/2020,Schuyler,0,20,56,4661
7/29/2020,Schuyler,0,20,99,4760
7/30/2020,Schuyler,1,21,98,4858
7/31/2020,Schuyler,1,22,66,4924
8/1/2020,Schuyler,0,22,82,5006
8/2/2020,Schuyler,0,22,9,5015
8/3/2020,Schuyler,0,22,34,5049
8/4/2020,Schuyler,0,22,43,5092
8/5/2020,Schuyler,0,22,91,5183
8/6/2020,Schuyler,0,22,116,5299
8/7/2020,Schuyler,0,22,48,5347
8/8/2020,Schuyler,0,22,101,5448
8/9/2020,Schuyler,0,22,27,5475
8/10/2020,Schuyler,0,22,44,5519
8/11/2020,Schuyler,0,22,53,5572
8/12/2020,Schuyler,0,22,43,5615
8/13/2020,Schuyler,0,22,107,5722
8/14/2020,Schuyler,1,23,69,5791
8/15/2020,Schuyler,0,23,91,5882
8/16/2020,Schuyler,0,23,56,5938
8/17/2020,Schuyler,0,23,23,5961
8/18/2020,Schuyler,0,23,58,6019
8/19/2020,Schuyler,0,23,28,6047
8/20/2020,Schuyler,1,24,157,6204
8/21/2020,Schuyler,0,24,70,6274
8/22/2020,Schuyler,0,24,65,6339
8/23/2020,Schuyler,0,24,33,6372
8/24/2020,Schuyler,0,24,19,6391
8/25/2020,Schuyler,0,24,54,6445
8/26/2020,Schuyler,0,24,97,6542
8/27/2020,Schuyler,1,25,88,6630
8/28/2020,Schuyler,1,26,62,6692
8/29/2020,Schuyler,0,26,58,6750
8/30/2020,Schuyler,0,26,20,6770
8/31/2020,Schuyler,0,26,28,6798
9/1/2020,Schuyler,0,26,47,6845
9/2/2020,Schuyler,1,27,127,6972
9/3/2020,Schuyler,0,27,68,7040
9/4/2020,Schuyler,0,27,82,7122
9/5/2020,Schuyler,1,28,127,7249
9/6/2020,Schuyler,0,28,17,7266
9/7/2020,Schuyler,1,29,42,7308
9/8/2020,Schuyler,0,29,34,7342
9/9/2020,Schuyler,0,29,84,7426
9/10/2020,Schuyler,1,30,100,7526
9/11/2020,Schuyler,2,32,114,7640
9/12/2020,Schuyler,0,32,29,7669
9/13/2020,Schuyler,0,32,63,7732
9/14/2020,Schuyler,1,33,87,7819
9/15/2020,Schuyler,0,33,85,7904
9/16/2020,Schuyler,0,33,150,8054
9/17/2020,Schuyler,4,37,99,8153
9/18/2020,Schuyler,0,37,132,8285
9/19/2020,Schuyler,1,38,109,8394
9/20/2020,Schuyler,0,38,26,8420
9/21/2020,Schuyler,1,39,52,8472
9/22/2020,Schuyler,1,40,106,8578
9/23/2020,Schuyler,0,40,130,8708
9/24/2020,Schuyler,1,41,137,8845
9/25/2020,Schuyler,0,41,112,8957
9/26/2020,Schuyler,0,41,60,9017
9/27/2020,Schuyler,0,41,23,9040
9/28/2020,Schuyler,2,43,29,9069
9/29/2020,Schuyler,0,43,86,9155
9/30/2020,Schuyler,4,47,141,9296
10/1/2020,Schuyler,2,49,110,9406
10/2/2020,Schuyler,0,49,89,9495
10/3/2020,Schuyler,2,51,103,9598
10/4/2020,Schuyler,6,57,84,9682
10/5/2020,Schuyler,1,58,65,9747
10/6/2020,Schuyler,1,59,93,9840
10/7/2020,Schuyler,3,62,178,10018
10/8/2020,Schuyler,4,66,139,10157
10/9/2020,Schuyler,0,66,205,10362
10/10/2020,Schuyler,1,67,175,10537
10/11/2020,Schuyler,5,72,97,10634
10/12/2020,Schuyler,4,76,68,10702
10/13/2020,Schuyler,3,79,91,10793
10/14/2020,Schuyler,3,82,146,10939
10/15/2020,Schuyler,3,85,169,11108
10/16/2020,Schuyler,1,86,169,11277
10/17/2020,Schuyler,2,88,140,11417
10/18/2020,Schuyler,5,93,100,11517
10/19/2020,Schuyler,7,100,61,11578
10/20/2020,Schuyler,4,104,178,11756
10/21/2020,Schuyler,5,109,141,11897
10/22/2020,Schuyler,2,111,156,12053
10/23/2020,Schuyler,4,115,164,12217
10/24/2020,Schuyler,1,116,220,12437
10/25/2020,Schuyler,3,119,56,12493
10/26/2020,Schuyler,5,124,109,12602
10/27/2020,Schuyler,2,126,196,12798
10/28/2020,Schuyler,9,135,165,12963
10/29/2020,Schuyler,4,139,164,13127
10/30/2020,Schuyler,8,147,148,13275
10/31/2020,Schuyler,2,149,208,13483
11/1/2020,Schuyler,6,155,48,13531
11/2/2020,Schuyler,4,159,60,13591
11/3/2020,Schuyler,5,164,191,13782
11/4/2020,Schuyler,2,166,131,13913
11/5/2020,Schuyler,6,172,166,14079
11/6/2020,Schuyler,6,178,162,14241
11/7/2020,Schuyler,5,183,274,14515
11/8/2020,Schuyler,3,186,98,14613
11/9/2020,Schuyler,10,196,104,14717
11/10/2020,Schuyler,4,200,179,14896
11/11/2020,Schuyler,8,208,127,15023
11/12/2020,Schuyler,2,210,188,15211
11/13/2020,Schuyler,8,218,143,15354
11/14/2020,Schuyler,10,228,72,15426
3/1/2020,Seneca,0,0,0,0
3/2/2020,Seneca,0,0,0,0
3/3/2020,Seneca,0,0,0,0
3/4/2020,Seneca,0,0,0,0
3/5/2020,Seneca,0,0,0,0
3/6/2020,Seneca,0,0,0,0
3/7/2020,Seneca,0,0,0,0
3/8/2020,Seneca,0,0,0,0
3/9/2020,Seneca,0,0,0,0
3/10/2020,Seneca,0,0,0,0
3/11/2020,Seneca,0,0,0,0
3/12/2020,Seneca,0,0,0,0
3/13/2020,Seneca,0,0,0,0
3/14/2020,Seneca,0,0,0,0
3/15/2020,Seneca,0,0,1,1
3/16/2020,Seneca,0,0,1,2
3/17/2020,Seneca,0,0,1,3
3/18/2020,Seneca,0,0,2,5
3/19/2020,Seneca,0,0,2,7
3/20/2020,Seneca,0,0,6,13
3/21/2020,Seneca,0,0,3,16
3/22/2020,Seneca,0,0,4,20
3/23/2020,Seneca,0,0,11,31
3/24/2020,Seneca,0,0,0,31
3/25/2020,Seneca,0,0,6,37
3/26/2020,Seneca,0,0,11,48
3/27/2020,Seneca,0,0,16,64
3/28/2020,Seneca,0,0,4,68
3/29/2020,Seneca,0,0,5,73
3/30/2020,Seneca,2,2,7,80
3/31/2020,Seneca,0,2,1,81
4/1/2020,Seneca,2,4,14,95
4/2/2020,Seneca,2,6,13,108
4/3/2020,Seneca,0,6,7,115
4/4/2020,Seneca,3,9,15,130
4/5/2020,Seneca,0,9,11,141
4/6/2020,Seneca,1,10,8,149
4/7/2020,Seneca,2,12,14,163
4/8/2020,Seneca,3,15,20,183
4/9/2020,Seneca,0,15,8,191
4/10/2020,Seneca,1,16,5,196
4/11/2020,Seneca,0,16,3,199
4/12/2020,Seneca,0,16,1,200
4/13/2020,Seneca,2,18,33,233
4/14/2020,Seneca,0,18,1,234
4/15/2020,Seneca,0,18,2,236
4/16/2020,Seneca,0,18,3,239
4/17/2020,Seneca,0,18,2,241
4/18/2020,Seneca,0,18,5,246
4/19/2020,Seneca,0,18,2,248
4/20/2020,Seneca,0,18,0,248
4/21/2020,Seneca,0,18,3,251
4/22/2020,Seneca,0,18,15,266
4/23/2020,Seneca,0,18,5,271
4/24/2020,Seneca,18,36,135,406
4/25/2020,Seneca,2,38,11,417
4/26/2020,Seneca,0,38,12,429
4/27/2020,Seneca,0,38,9,438
4/28/2020,Seneca,0,38,13,451
4/29/2020,Seneca,1,39,24,475
4/30/2020,Seneca,2,41,22,497
5/1/2020,Seneca,1,42,26,523
5/2/2020,Seneca,3,45,51,574
5/3/2020,Seneca,0,45,19,593
5/4/2020,Seneca,1,46,26,619
5/5/2020,Seneca,0,46,20,639
5/6/2020,Seneca,0,46,24,663
5/7/2020,Seneca,0,46,19,682
5/8/2020,Seneca,2,48,46,728
5/9/2020,Seneca,1,49,42,770
5/10/2020,Seneca,0,49,41,811
5/11/2020,Seneca,0,49,25,836
5/12/2020,Seneca,0,49,49,885
5/13/2020,Seneca,0,49,40,925
5/14/2020,Seneca,0,49,30,955
5/15/2020,Seneca,1,50,29,984
5/16/2020,Seneca,1,51,48,1032
5/17/2020,Seneca,0,51,122,1154
5/18/2020,Seneca,0,51,65,1219
5/19/2020,Seneca,1,52,50,1269
5/20/2020,Seneca,0,52,79,1348
5/21/2020,Seneca,2,54,54,1402
5/22/2020,Seneca,0,54,51,1453
5/23/2020,Seneca,1,55,103,1556
5/24/2020,Seneca,0,55,56,1612
5/25/2020,Seneca,0,55,86,1698
5/26/2020,Seneca,0,55,50,1748
5/27/2020,Seneca,1,56,77,1825
5/28/2020,Seneca,1,57,140,1965
5/29/2020,Seneca,1,58,68,2033
5/30/2020,Seneca,0,58,138,2171
5/31/2020,Seneca,1,59,81,2252
6/1/2020,Seneca,0,59,60,2312
6/2/2020,Seneca,1,60,157,2469
6/3/2020,Seneca,0,60,106,2575
6/4/2020,Seneca,1,61,141,2716
6/5/2020,Seneca,0,61,165,2881
6/6/2020,Seneca,0,61,162,3043
6/7/2020,Seneca,0,61,118,3161
6/8/2020,Seneca,0,61,91,3252
6/9/2020,Seneca,0,61,98,3350
6/10/2020,Seneca,1,62,198,3548
6/11/2020,Seneca,1,63,198,3746
6/12/2020,Seneca,0,63,86,3832
6/13/2020,Seneca,0,63,127,3959
6/14/2020,Seneca,1,64,103,4062
6/15/2020,Seneca,0,64,105,4167
6/16/2020,Seneca,0,64,81,4248
6/17/2020,Seneca,0,64,34,4282
6/18/2020,Seneca,0,64,80,4362
6/19/2020,Seneca,0,64,80,4442
6/20/2020,Seneca,0,64,123,4565
6/21/2020,Seneca,0,64,80,4645
6/22/2020,Seneca,0,64,78,4723
6/23/2020,Seneca,0,64,62,4785
6/24/2020,Seneca,2,66,61,4846
6/25/2020,Seneca,3,69,89,4935
6/26/2020,Seneca,0,69,82,5017
6/27/2020,Seneca,0,69,93,5110
6/28/2020,Seneca,0,69,118,5228
6/29/2020,Seneca,0,69,60,5288
6/30/2020,Seneca,1,70,109,5397
7/1/2020,Seneca,0,70,44,5441
7/2/2020,Seneca,0,70,47,5488
7/3/2020,Seneca,0,70,98,5586
7/4/2020,Seneca,1,71,42,5628
7/5/2020,Seneca,0,71,60,5688
7/6/2020,Seneca,0,71,82,5770
7/7/2020,Seneca,0,71,105,5875
7/8/2020,Seneca,2,73,115,5990
7/9/2020,Seneca,0,73,85,6075
7/10/2020,Seneca,1,74,176,6251
7/11/2020,Seneca,0,74,110,6361
7/12/2020,Seneca,0,74,84,6445
7/13/2020,Seneca,0,74,104,6549
7/14/2020,Seneca,2,76,139,6688
7/15/2020,Seneca,0,76,116,6804
7/16/2020,Seneca,1,77,109,6913
7/17/2020,Seneca,1,78,108,7021
7/18/2020,Seneca,2,80,89,7110
7/19/2020,Seneca,0,80,79,7189
7/20/2020,Seneca,0,80,79,7268
7/21/2020,Seneca,0,80,70,7338
7/22/2020,Seneca,0,80,145,7483
7/23/2020,Seneca,3,83,145,7628
7/24/2020,Seneca,0,83,173,7801
7/25/2020,Seneca,0,83,145,7946
7/26/2020,Seneca,0,83,48,7994
7/27/2020,Seneca,1,84,36,8030
7/28/2020,Seneca,0,84,68,8098
7/29/2020,Seneca,0,84,102,8200
7/30/2020,Seneca,0,84,137,8337
7/31/2020,Seneca,1,85,124,8461
8/1/2020,Seneca,1,86,77,8538
8/2/2020,Seneca,0,86,43,8581
8/3/2020,Seneca,0,86,101,8682
8/4/2020,Seneca,0,86,55,8737
8/5/2020,Seneca,0,86,135,8872
8/6/2020,Seneca,1,87,136,9008
8/7/2020,Seneca,2,89,106,9114
8/8/2020,Seneca,0,89,98,9212
8/9/2020,Seneca,1,90,38,9250
8/10/2020,Seneca,1,91,93,9343
8/11/2020,Seneca,0,91,89,9432
8/12/2020,Seneca,1,92,100,9532
8/13/2020,Seneca,1,93,133,9665
8/14/2020,Seneca,0,93,83,9748
8/15/2020,Seneca,0,93,133,9881
8/16/2020,Seneca,1,94,85,9966
8/17/2020,Seneca,1,95,67,10033
8/18/2020,Seneca,0,95,66,10099
8/19/2020,Seneca,0,95,107,10206
8/20/2020,Seneca,0,95,131,10337
8/21/2020,Seneca,0,95,143,10480
8/22/2020,Seneca,0,95,69,10549
8/23/2020,Seneca,0,95,84,10633
8/24/2020,Seneca,1,96,100,10733
8/25/2020,Seneca,2,98,59,10792
8/26/2020,Seneca,0,98,97,10889
8/27/2020,Seneca,0,98,167,11056
8/28/2020,Seneca,0,98,137,11193
8/29/2020,Seneca,2,100,111,11304
8/30/2020,Seneca,0,100,61,11365
8/31/2020,Seneca,0,100,48,11413
9/1/2020,Seneca,0,100,61,11474
9/2/2020,Seneca,1,101,80,11554
9/3/2020,Seneca,1,102,122,11676
9/4/2020,Seneca,0,102,121,11797
9/5/2020,Seneca,0,102,175,11972
9/6/2020,Seneca,0,102,30,12002
9/7/2020,Seneca,0,102,38,12040
9/8/2020,Seneca,0,102,76,12116
9/9/2020,Seneca,1,103,72,12188
9/10/2020,Seneca,0,103,79,12267
9/11/2020,Seneca,1,104,196,12463
9/12/2020,Seneca,0,104,79,12542
9/13/2020,Seneca,0,104,104,12646
9/14/2020,Seneca,0,104,89,12735
9/15/2020,Seneca,0,104,128,12863
9/16/2020,Seneca,0,104,104,12967
9/17/2020,Seneca,1,105,152,13119
9/18/2020,Seneca,0,105,204,13323
9/19/2020,Seneca,0,105,97,13420
9/20/2020,Seneca,0,105,64,13484
9/21/2020,Seneca,0,105,129,13613
9/22/2020,Seneca,0,105,88,13701
9/23/2020,Seneca,0,105,134,13835
9/24/2020,Seneca,1,106,203,14038
9/25/2020,Seneca,0,106,168,14206
9/26/2020,Seneca,0,106,84,14290
9/27/2020,Seneca,0,106,122,14412
9/28/2020,Seneca,1,107,41,14453
9/29/2020,Seneca,0,107,148,14601
9/30/2020,Seneca,1,108,151,14752
10/1/2020,Seneca,2,110,128,14880
10/2/2020,Seneca,0,110,206,15086
10/3/2020,Seneca,0,110,99,15185
10/4/2020,Seneca,1,111,99,15284
10/5/2020,Seneca,1,112,126,15410
10/6/2020,Seneca,0,112,119,15529
10/7/2020,Seneca,2,114,110,15639
10/8/2020,Seneca,0,114,109,15748
10/9/2020,Seneca,1,115,188,15936
10/10/2020,Seneca,4,119,151,16087
10/11/2020,Seneca,1,120,93,16180
10/12/2020,Seneca,0,120,97,16277
10/13/2020,Seneca,2,122,87,16364
10/14/2020,Seneca,2,124,260,16624
10/15/2020,Seneca,1,125,150,16774
10/16/2020,Seneca,1,126,237,17011
10/17/2020,Seneca,1,127,117,17128
10/18/2020,Seneca,1,128,137,17265
10/19/2020,Seneca,0,128,129,17394
10/20/2020,Seneca,3,131,133,17527
10/21/2020,Seneca,4,135,299,17826
10/22/2020,Seneca,4,139,170,17996
10/23/2020,Seneca,1,140,329,18325
10/24/2020,Seneca,0,140,324,18649
10/25/2020,Seneca,0,140,86,18735
10/26/2020,Seneca,2,142,562,19297
10/27/2020,Seneca,1,143,205,19502
10/28/2020,Seneca,4,147,267,19769
10/29/2020,Seneca,1,148,359,20128
10/30/2020,Seneca,0,148,251,20379
10/31/2020,Seneca,1,149,128,20507
11/1/2020,Seneca,3,152,98,20605
11/2/2020,Seneca,2,154,162,20767
11/3/2020,Seneca,1,155,97,20864
11/4/2020,Seneca,8,163,250,21114
11/5/2020,Seneca,4,167,113,21227
11/6/2020,Seneca,4,171,220,21447
11/7/2020,Seneca,5,176,155,21602
11/8/2020,Seneca,6,182,128,21730
11/9/2020,Seneca,6,188,181,21911
11/10/2020,Seneca,2,190,93,22004
11/11/2020,Seneca,9,199,310,22314
11/12/2020,Seneca,3,202,107,22421
11/13/2020,Seneca,3,205,300,22721
11/14/2020,Seneca,4,209,223,22944
3/1/2020,St. Lawrence,0,0,0,0
3/2/2020,St. Lawrence,0,0,0,0
3/3/2020,St. Lawrence,0,0,0,0
3/4/2020,St. Lawrence,0,0,0,0
3/5/2020,St. Lawrence,0,0,0,0
3/6/2020,St. Lawrence,0,0,0,0
3/7/2020,St. Lawrence,0,0,2,2
3/8/2020,St. Lawrence,0,0,0,2
3/9/2020,St. Lawrence,0,0,0,2
3/10/2020,St. Lawrence,0,0,1,3
3/11/2020,St. Lawrence,0,0,2,5
3/12/2020,St. Lawrence,0,0,1,6
3/13/2020,St. Lawrence,0,0,1,7
3/14/2020,St. Lawrence,0,0,1,8
3/15/2020,St. Lawrence,0,0,1,9
3/16/2020,St. Lawrence,0,0,0,9
3/17/2020,St. Lawrence,0,0,7,16
3/18/2020,St. Lawrence,0,0,3,19
3/19/2020,St. Lawrence,0,0,7,26
3/20/2020,St. Lawrence,0,0,7,33
3/21/2020,St. Lawrence,1,1,20,53
3/22/2020,St. Lawrence,0,1,9,62
3/23/2020,St. Lawrence,0,1,6,68
3/24/2020,St. Lawrence,0,1,10,78
3/25/2020,St. Lawrence,1,2,14,92
3/26/2020,St. Lawrence,1,3,29,121
3/27/2020,St. Lawrence,5,8,82,203
3/28/2020,St. Lawrence,4,12,65,268
3/29/2020,St. Lawrence,1,13,44,312
3/30/2020,St. Lawrence,17,30,74,386
3/31/2020,St. Lawrence,4,34,32,418
4/1/2020,St. Lawrence,5,39,30,448
4/2/2020,St. Lawrence,4,43,54,502
4/3/2020,St. Lawrence,9,52,81,583
4/4/2020,St. Lawrence,3,55,46,629
4/5/2020,St. Lawrence,4,59,43,672
4/6/2020,St. Lawrence,1,60,64,736
4/7/2020,St. Lawrence,9,69,69,805
4/8/2020,St. Lawrence,7,76,50,855
4/9/2020,St. Lawrence,2,78,24,879
4/10/2020,St. Lawrence,2,80,19,898
4/11/2020,St. Lawrence,5,85,65,963
4/12/2020,St. Lawrence,4,89,47,1010
4/13/2020,St. Lawrence,3,92,29,1039
4/14/2020,St. Lawrence,0,92,7,1046
4/15/2020,St. Lawrence,1,93,48,1094
4/16/2020,St. Lawrence,3,96,16,1110
4/17/2020,St. Lawrence,2,98,6,1116
4/18/2020,St. Lawrence,7,105,25,1141
4/19/2020,St. Lawrence,5,110,24,1165
4/20/2020,St. Lawrence,10,120,17,1182
4/21/2020,St. Lawrence,3,123,6,1188
4/22/2020,St. Lawrence,16,139,94,1282
4/23/2020,St. Lawrence,5,144,37,1319
4/24/2020,St. Lawrence,12,156,64,1383
4/25/2020,St. Lawrence,11,167,36,1419
4/26/2020,St. Lawrence,2,169,27,1446
4/27/2020,St. Lawrence,1,170,19,1465
4/28/2020,St. Lawrence,0,170,84,1549
4/29/2020,St. Lawrence,3,173,277,1826
4/30/2020,St. Lawrence,3,176,157,1983
5/1/2020,St. Lawrence,0,176,130,2113
5/2/2020,St. Lawrence,1,177,125,2238
5/3/2020,St. Lawrence,1,178,85,2323
5/4/2020,St. Lawrence,0,178,38,2361
5/5/2020,St. Lawrence,2,180,34,2395
5/6/2020,St. Lawrence,1,181,53,2448
5/7/2020,St. Lawrence,6,187,845,3293
5/8/2020,St. Lawrence,0,187,164,3457
5/9/2020,St. Lawrence,0,187,51,3508
5/10/2020,St. Lawrence,3,190,47,3555
5/11/2020,St. Lawrence,1,191,18,3573
5/12/2020,St. Lawrence,1,192,151,3724
5/13/2020,St. Lawrence,0,192,105,3829
5/14/2020,St. Lawrence,0,192,332,4161
5/15/2020,St. Lawrence,0,192,1456,5617
5/16/2020,St. Lawrence,0,192,205,5822
5/17/2020,St. Lawrence,0,192,239,6061
5/18/2020,St. Lawrence,0,192,71,6132
5/19/2020,St. Lawrence,3,195,173,6305
5/20/2020,St. Lawrence,0,195,504,6809
5/21/2020,St. Lawrence,0,195,349,7158
5/22/2020,St. Lawrence,1,196,333,7491
5/23/2020,St. Lawrence,1,197,301,7792
5/24/2020,St. Lawrence,0,197,114,7906
5/25/2020,St. Lawrence,0,197,60,7966
5/26/2020,St. Lawrence,3,200,78,8044
5/27/2020,St. Lawrence,1,201,227,8271
5/28/2020,St. Lawrence,1,202,447,8718
5/29/2020,St. Lawrence,0,202,136,8854
5/30/2020,St. Lawrence,2,204,303,9157
5/31/2020,St. Lawrence,1,205,472,9629
6/1/2020,St. Lawrence,0,205,106,9735
6/2/2020,St. Lawrence,1,206,324,10059
6/3/2020,St. Lawrence,1,207,293,10352
6/4/2020,St. Lawrence,0,207,451,10803
6/5/2020,St. Lawrence,2,209,477,11280
6/6/2020,St. Lawrence,0,209,382,11662
6/7/2020,St. Lawrence,0,209,539,12201
6/8/2020,St. Lawrence,0,209,220,12421
6/9/2020,St. Lawrence,0,209,170,12591
6/10/2020,St. Lawrence,3,212,256,12847
6/11/2020,St. Lawrence,2,214,427,13274
6/12/2020,St. Lawrence,0,214,368,13642
6/13/2020,St. Lawrence,1,215,383,14025
6/14/2020,St. Lawrence,0,215,222,14247
6/15/2020,St. Lawrence,0,215,190,14437
6/16/2020,St. Lawrence,0,215,226,14663
6/17/2020,St. Lawrence,0,215,246,14909
6/18/2020,St. Lawrence,0,215,216,15125
6/19/2020,St. Lawrence,1,216,352,15477
6/20/2020,St. Lawrence,0,216,266,15743
6/21/2020,St. Lawrence,1,217,271,16014
6/22/2020,St. Lawrence,0,217,153,16167
6/23/2020,St. Lawrence,0,217,99,16266
6/24/2020,St. Lawrence,0,217,249,16515
6/25/2020,St. Lawrence,1,218,282,16797
6/26/2020,St. Lawrence,0,218,315,17112
6/27/2020,St. Lawrence,0,218,435,17547
6/28/2020,St. Lawrence,1,219,220,17767
6/29/2020,St. Lawrence,0,219,144,17911
6/30/2020,St. Lawrence,0,219,121,18032
7/1/2020,St. Lawrence,1,220,137,18169
7/2/2020,St. Lawrence,2,222,183,18352
7/3/2020,St. Lawrence,1,223,416,18768
7/4/2020,St. Lawrence,1,224,143,18911
7/5/2020,St. Lawrence,2,226,242,19153
7/6/2020,St. Lawrence,0,226,141,19294
7/7/2020,St. Lawrence,1,227,278,19572
7/8/2020,St. Lawrence,0,227,215,19787
7/9/2020,St. Lawrence,0,227,247,20034
7/10/2020,St. Lawrence,3,230,555,20589
7/11/2020,St. Lawrence,0,230,385,20974
7/12/2020,St. Lawrence,1,231,489,21463
7/13/2020,St. Lawrence,2,233,321,21784
7/14/2020,St. Lawrence,1,234,345,22129
7/15/2020,St. Lawrence,3,237,384,22513
7/16/2020,St. Lawrence,1,238,227,22740
7/17/2020,St. Lawrence,4,242,307,23047
7/18/2020,St. Lawrence,0,242,149,23196
7/19/2020,St. Lawrence,4,246,274,23470
7/20/2020,St. Lawrence,1,247,315,23785
7/21/2020,St. Lawrence,3,250,301,24086
7/22/2020,St. Lawrence,3,253,427,24513
7/23/2020,St. Lawrence,1,254,276,24789
7/24/2020,St. Lawrence,3,257,414,25203
7/25/2020,St. Lawrence,1,258,605,25808
7/26/2020,St. Lawrence,0,258,488,26296
7/27/2020,St. Lawrence,0,258,248,26544
7/28/2020,St. Lawrence,1,259,298,26842
7/29/2020,St. Lawrence,1,260,313,27155
7/30/2020,St. Lawrence,0,260,270,27425
7/31/2020,St. Lawrence,1,261,603,28028
8/1/2020,St. Lawrence,1,262,418,28446
8/2/2020,St. Lawrence,0,262,221,28667
8/3/2020,St. Lawrence,0,262,228,28895
8/4/2020,St. Lawrence,0,262,292,29187
8/5/2020,St. Lawrence,1,263,182,29369
8/6/2020,St. Lawrence,0,263,254,29623
8/7/2020,St. Lawrence,0,263,216,29839
8/8/2020,St. Lawrence,0,263,419,30258
8/9/2020,St. Lawrence,0,263,122,30380
8/10/2020,St. Lawrence,0,263,422,30802
8/11/2020,St. Lawrence,0,263,315,31117
8/12/2020,St. Lawrence,0,263,416,31533
8/13/2020,St. Lawrence,0,263,283,31816
8/14/2020,St. Lawrence,0,263,716,32532
8/15/2020,St. Lawrence,0,263,429,32961
8/16/2020,St. Lawrence,0,263,283,33244
8/17/2020,St. Lawrence,0,263,321,33565
8/18/2020,St. Lawrence,1,264,652,34217
8/19/2020,St. Lawrence,0,264,1001,35218
8/20/2020,St. Lawrence,1,265,1052,36270
8/21/2020,St. Lawrence,0,265,1220,37490
8/22/2020,St. Lawrence,2,267,1003,38493
8/23/2020,St. Lawrence,0,267,959,39452
8/24/2020,St. Lawrence,0,267,408,39860
8/25/2020,St. Lawrence,0,267,505,40365
8/26/2020,St. Lawrence,2,269,423,40788
8/27/2020,St. Lawrence,1,270,529,41317
8/28/2020,St. Lawrence,3,273,915,42232
8/29/2020,St. Lawrence,1,274,464,42696
8/30/2020,St. Lawrence,1,275,230,42926
8/31/2020,St. Lawrence,0,275,357,43283
9/1/2020,St. Lawrence,4,279,324,43607
9/2/2020,St. Lawrence,8,287,313,43920
9/3/2020,St. Lawrence,4,291,1157,45077
9/4/2020,St. Lawrence,2,293,1004,46081
9/5/2020,St. Lawrence,3,296,1005,47086
9/6/2020,St. Lawrence,1,297,698,47784
9/7/2020,St. Lawrence,0,297,421,48205
9/8/2020,St. Lawrence,4,301,254,48459
9/9/2020,St. Lawrence,1,302,300,48759
9/10/2020,St. Lawrence,1,303,1032,49791
9/11/2020,St. Lawrence,1,304,591,50382
9/12/2020,St. Lawrence,0,304,551,50933
9/13/2020,St. Lawrence,3,307,278,51211
9/14/2020,St. Lawrence,1,308,338,51549
9/15/2020,St. Lawrence,2,310,267,51816
9/16/2020,St. Lawrence,3,313,1027,52843
9/17/2020,St. Lawrence,1,314,560,53403
9/18/2020,St. Lawrence,1,315,459,53862
9/19/2020,St. Lawrence,3,318,616,54478
9/20/2020,St. Lawrence,0,318,274,54752
9/21/2020,St. Lawrence,1,319,231,54983
9/22/2020,St. Lawrence,1,320,339,55322
9/23/2020,St. Lawrence,2,322,598,55920
9/24/2020,St. Lawrence,0,322,804,56724
9/25/2020,St. Lawrence,0,322,844,57568
9/26/2020,St. Lawrence,0,322,475,58043
9/27/2020,St. Lawrence,2,324,345,58388
9/28/2020,St. Lawrence,1,325,210,58598
9/29/2020,St. Lawrence,2,327,1949,60547
9/30/2020,St. Lawrence,3,330,1096,61643
10/1/2020,St. Lawrence,1,331,852,62495
10/2/2020,St. Lawrence,2,333,799,63294
10/3/2020,St. Lawrence,2,335,653,63947
10/4/2020,St. Lawrence,1,336,236,64183
10/5/2020,St. Lawrence,1,337,646,64829
10/6/2020,St. Lawrence,0,337,1964,66793
10/7/2020,St. Lawrence,2,339,435,67228
10/8/2020,St. Lawrence,3,342,1328,68556
10/9/2020,St. Lawrence,2,344,1047,69603
10/10/2020,St. Lawrence,1,345,681,70284
10/11/2020,St. Lawrence,0,345,278,70562
10/12/2020,St. Lawrence,1,346,278,70840
10/13/2020,St. Lawrence,3,349,2005,72845
10/14/2020,St. Lawrence,2,351,284,73129
10/15/2020,St. Lawrence,2,353,371,73500
10/16/2020,St. Lawrence,2,355,2157,75657
10/17/2020,St. Lawrence,3,358,618,76275
10/18/2020,St. Lawrence,5,363,192,76467
10/19/2020,St. Lawrence,5,368,306,76773
10/20/2020,St. Lawrence,4,372,1858,78631
10/21/2020,St. Lawrence,4,376,1320,79951
10/22/2020,St. Lawrence,3,379,951,80902
10/23/2020,St. Lawrence,3,382,455,81357
10/24/2020,St. Lawrence,4,386,517,81874
10/25/2020,St. Lawrence,4,390,294,82168
10/26/2020,St. Lawrence,6,396,651,82819
10/27/2020,St. Lawrence,3,399,1991,84810
10/28/2020,St. Lawrence,6,405,1509,86319
10/29/2020,St. Lawrence,4,409,604,86923
10/30/2020,St. Lawrence,6,415,830,87753
10/31/2020,St. Lawrence,8,423,354,88107
11/1/2020,St. Lawrence,5,428,275,88382
11/2/2020,St. Lawrence,8,436,431,88813
11/3/2020,St. Lawrence,6,442,342,89155
11/4/2020,St. Lawrence,7,449,3437,92592
11/5/2020,St. Lawrence,12,461,839,93431
11/6/2020,St. Lawrence,10,471,486,93917
11/7/2020,St. Lawrence,9,480,578,94495
11/8/2020,St. Lawrence,13,493,361,94856
11/9/2020,St. Lawrence,8,501,303,95159
11/10/2020,St. Lawrence,8,509,1355,96514
11/11/2020,St. Lawrence,18,527,1148,97662
11/12/2020,St. Lawrence,19,546,2839,100501
11/13/2020,St. Lawrence,8,554,1162,101663
11/14/2020,St. Lawrence,14,568,1104,102767
3/1/2020,Steuben,0,0,0,0
3/2/2020,Steuben,0,0,0,0
3/3/2020,Steuben,0,0,0,0
3/4/2020,Steuben,0,0,0,0
3/5/2020,Steuben,0,0,0,0
3/6/2020,Steuben,0,0,0,0
3/7/2020,Steuben,0,0,0,0
3/8/2020,Steuben,0,0,0,0
3/9/2020,Steuben,0,0,0,0
3/10/2020,Steuben,0,0,0,0
3/11/2020,Steuben,0,0,0,0
3/12/2020,Steuben,0,0,0,0
3/13/2020,Steuben,0,0,1,1
3/14/2020,Steuben,0,0,0,1
3/15/2020,Steuben,0,0,0,1
3/16/2020,Steuben,0,0,0,1
3/17/2020,Steuben,0,0,0,1
3/18/2020,Steuben,0,0,4,5
3/19/2020,Steuben,0,0,3,8
3/20/2020,Steuben,2,2,27,35
3/21/2020,Steuben,1,3,17,52
3/22/2020,Steuben,1,4,10,62
3/23/2020,Steuben,1,5,2,64
3/24/2020,Steuben,3,8,13,77
3/25/2020,Steuben,3,11,30,107
3/26/2020,Steuben,1,12,25,132
3/27/2020,Steuben,1,13,27,159
3/28/2020,Steuben,4,17,22,181
3/29/2020,Steuben,2,19,8,189
3/30/2020,Steuben,5,24,39,228
3/31/2020,Steuben,14,38,56,284
4/1/2020,Steuben,5,43,25,309
4/2/2020,Steuben,3,46,36,345
4/3/2020,Steuben,9,55,27,372
4/4/2020,Steuben,8,63,31,403
4/5/2020,Steuben,12,75,40,443
4/6/2020,Steuben,0,75,22,465
4/7/2020,Steuben,7,82,67,532
4/8/2020,Steuben,7,89,50,582
4/9/2020,Steuben,28,117,97,679
4/10/2020,Steuben,2,119,28,707
4/11/2020,Steuben,2,121,12,719
4/12/2020,Steuben,2,123,10,729
4/13/2020,Steuben,24,147,90,819
4/14/2020,Steuben,4,151,24,843
4/15/2020,Steuben,3,154,20,863
4/16/2020,Steuben,0,154,25,888
4/17/2020,Steuben,6,160,92,980
4/18/2020,Steuben,7,167,100,1080
4/19/2020,Steuben,0,167,4,1084
4/20/2020,Steuben,3,170,33,1117
4/21/2020,Steuben,1,171,41,1158
4/22/2020,Steuben,0,171,24,1182
4/23/2020,Steuben,0,171,28,1210
4/24/2020,Steuben,33,204,556,1766
4/25/2020,Steuben,3,207,35,1801
4/26/2020,Steuben,2,209,10,1811
4/27/2020,Steuben,1,210,58,1869
4/28/2020,Steuben,4,214,105,1974
4/29/2020,Steuben,2,216,63,2037
4/30/2020,Steuben,0,216,42,2079
5/1/2020,Steuben,1,217,62,2141
5/2/2020,Steuben,1,218,41,2182
5/3/2020,Steuben,1,219,70,2252
5/4/2020,Steuben,2,221,90,2342
5/5/2020,Steuben,2,223,114,2456
5/6/2020,Steuben,1,224,66,2522
5/7/2020,Steuben,1,225,101,2623
5/8/2020,Steuben,1,226,228,2851
5/9/2020,Steuben,1,227,73,2924
5/10/2020,Steuben,1,228,58,2982
5/11/2020,Steuben,1,229,90,3072
5/12/2020,Steuben,1,230,306,3378
5/13/2020,Steuben,0,230,103,3481
5/14/2020,Steuben,1,231,110,3591
5/15/2020,Steuben,2,233,68,3659
5/16/2020,Steuben,1,234,97,3756
5/17/2020,Steuben,1,235,67,3823
5/18/2020,Steuben,1,236,126,3949
5/19/2020,Steuben,1,237,314,4263
5/20/2020,Steuben,1,238,133,4396
5/21/2020,Steuben,2,240,161,4557
5/22/2020,Steuben,0,240,114,4671
5/23/2020,Steuben,0,240,83,4754
5/24/2020,Steuben,0,240,72,4826
5/25/2020,Steuben,0,240,79,4905
5/26/2020,Steuben,1,241,221,5126
5/27/2020,Steuben,0,241,132,5258
5/28/2020,Steuben,0,241,98,5356
5/29/2020,Steuben,0,241,133,5489
5/30/2020,Steuben,0,241,122,5611
5/31/2020,Steuben,0,241,91,5702
6/1/2020,Steuben,1,242,133,5835
6/2/2020,Steuben,1,243,332,6167
6/3/2020,Steuben,2,245,187,6354
6/4/2020,Steuben,1,246,148,6502
6/5/2020,Steuben,5,251,360,6862
6/6/2020,Steuben,0,251,120,6982
6/7/2020,Steuben,0,251,162,7144
6/8/2020,Steuben,1,252,196,7340
6/9/2020,Steuben,1,253,238,7578
6/10/2020,Steuben,1,254,374,7952
6/11/2020,Steuben,0,254,239,8191
6/12/2020,Steuben,1,255,278,8469
6/13/2020,Steuben,0,255,158,8627
6/14/2020,Steuben,1,256,198,8825
6/15/2020,Steuben,1,257,346,9171
6/16/2020,Steuben,0,257,306,9477
6/17/2020,Steuben,0,257,359,9836
6/18/2020,Steuben,0,257,257,10093
6/19/2020,Steuben,4,261,133,10226
6/20/2020,Steuben,0,261,172,10398
6/21/2020,Steuben,2,263,204,10602
6/22/2020,Steuben,0,263,163,10765
6/23/2020,Steuben,0,263,263,11028
6/24/2020,Steuben,1,264,245,11273
6/25/2020,Steuben,0,264,220,11493
6/26/2020,Steuben,0,264,178,11671
6/27/2020,Steuben,2,266,236,11907
6/28/2020,Steuben,0,266,171,12078
6/29/2020,Steuben,0,266,165,12243
6/30/2020,Steuben,2,268,402,12645
7/1/2020,Steuben,0,268,213,12858
7/2/2020,Steuben,0,268,201,13059
7/3/2020,Steuben,1,269,282,13341
7/4/2020,Steuben,1,270,209,13550
7/5/2020,Steuben,1,271,252,13802
7/6/2020,Steuben,0,271,195,13997
7/7/2020,Steuben,0,271,223,14220
7/8/2020,Steuben,1,272,199,14419
7/9/2020,Steuben,0,272,182,14601
7/10/2020,Steuben,2,274,183,14784
7/11/2020,Steuben,0,274,247,15031
7/12/2020,Steuben,2,276,101,15132
7/13/2020,Steuben,2,278,292,15424
7/14/2020,Steuben,1,279,402,15826
7/15/2020,Steuben,0,279,299,16125
7/16/2020,Steuben,0,279,254,16379
7/17/2020,Steuben,1,280,228,16607
7/18/2020,Steuben,1,281,178,16785
7/19/2020,Steuben,1,282,172,16957
7/20/2020,Steuben,1,283,119,17076
7/21/2020,Steuben,0,283,324,17400
7/22/2020,Steuben,1,284,359,17759
7/23/2020,Steuben,1,285,226,17985
7/24/2020,Steuben,3,288,297,18282
7/25/2020,Steuben,0,288,179,18461
7/26/2020,Steuben,0,288,187,18648
7/27/2020,Steuben,1,289,161,18809
7/28/2020,Steuben,1,290,330,19139
7/29/2020,Steuben,0,290,393,19532
7/30/2020,Steuben,0,290,266,19798
7/31/2020,Steuben,0,290,216,20014
8/1/2020,Steuben,2,292,147,20161
8/2/2020,Steuben,0,292,95,20256
8/3/2020,Steuben,2,294,171,20427
8/4/2020,Steuben,3,297,423,20850
8/5/2020,Steuben,0,297,253,21103
8/6/2020,Steuben,0,297,221,21324
8/7/2020,Steuben,1,298,203,21527
8/8/2020,Steuben,0,298,298,21825
8/9/2020,Steuben,0,298,218,22043
8/10/2020,Steuben,2,300,380,22423
8/11/2020,Steuben,0,300,325,22748
8/12/2020,Steuben,1,301,320,23068
8/13/2020,Steuben,2,303,275,23343
8/14/2020,Steuben,3,306,348,23691
8/15/2020,Steuben,0,306,388,24079
8/16/2020,Steuben,1,307,237,24316
8/17/2020,Steuben,0,307,156,24472
8/18/2020,Steuben,0,307,286,24758
8/19/2020,Steuben,0,307,204,24962
8/20/2020,Steuben,1,308,380,25342
8/21/2020,Steuben,1,309,316,25658
8/22/2020,Steuben,1,310,241,25899
8/23/2020,Steuben,0,310,295,26194
8/24/2020,Steuben,0,310,156,26350
8/25/2020,Steuben,0,310,299,26649
8/26/2020,Steuben,1,311,263,26912
8/27/2020,Steuben,1,312,337,27249
8/28/2020,Steuben,1,313,360,27609
8/29/2020,Steuben,2,315,213,27822
8/30/2020,Steuben,0,315,246,28068
8/31/2020,Steuben,0,315,230,28298
9/1/2020,Steuben,0,315,273,28571
9/2/2020,Steuben,1,316,286,28857
9/3/2020,Steuben,3,319,163,29020
9/4/2020,Steuben,0,319,237,29257
9/5/2020,Steuben,1,320,150,29407
9/6/2020,Steuben,0,320,134,29541
9/7/2020,Steuben,3,323,139,29680
9/8/2020,Steuben,2,325,338,30018
9/9/2020,Steuben,0,325,401,30419
9/10/2020,Steuben,1,326,83,30502
9/11/2020,Steuben,0,326,307,30809
9/12/2020,Steuben,0,326,132,30941
9/13/2020,Steuben,0,326,277,31218
9/14/2020,Steuben,5,331,339,31557
9/15/2020,Steuben,3,334,273,31830
9/16/2020,Steuben,5,339,346,32176
9/17/2020,Steuben,3,342,265,32441
9/18/2020,Steuben,2,344,316,32757
9/19/2020,Steuben,6,350,373,33130
9/20/2020,Steuben,3,353,195,33325
9/21/2020,Steuben,7,360,317,33642
9/22/2020,Steuben,6,366,440,34082
9/23/2020,Steuben,10,376,347,34429
9/24/2020,Steuben,11,387,305,34734
9/25/2020,Steuben,17,404,488,35222
9/26/2020,Steuben,12,416,387,35609
9/27/2020,Steuben,4,420,170,35779
9/28/2020,Steuben,30,450,517,36296
9/29/2020,Steuben,3,453,407,36703
9/30/2020,Steuben,11,464,440,37143
10/1/2020,Steuben,35,499,413,37556
10/2/2020,Steuben,21,520,456,38012
10/3/2020,Steuben,14,534,354,38366
10/4/2020,Steuben,6,540,242,38608
10/5/2020,Steuben,30,570,578,39186
10/6/2020,Steuben,15,585,567,39753
10/7/2020,Steuben,23,608,492,40245
10/8/2020,Steuben,24,632,412,40657
10/9/2020,Steuben,28,660,676,41333
10/10/2020,Steuben,30,690,564,41897
10/11/2020,Steuben,12,702,400,42297
10/12/2020,Steuben,29,731,617,42914
10/13/2020,Steuben,16,747,389,43303
10/14/2020,Steuben,17,764,368,43671
10/15/2020,Steuben,53,817,522,44193
10/16/2020,Steuben,30,847,558,44751
10/17/2020,Steuben,10,857,417,45168
10/18/2020,Steuben,16,873,475,45643
10/19/2020,Steuben,11,884,472,46115
10/20/2020,Steuben,14,898,494,46609
10/21/2020,Steuben,17,915,758,47367
10/22/2020,Steuben,14,929,529,47896
10/23/2020,Steuben,22,951,696,48592
10/24/2020,Steuben,11,962,384,48976
10/25/2020,Steuben,8,970,438,49414
10/26/2020,Steuben,14,984,616,50030
10/27/2020,Steuben,21,1005,499,50529
10/28/2020,Steuben,20,1025,661,51190
10/29/2020,Steuben,16,1041,844,52034
10/30/2020,Steuben,17,1058,759,52793
10/31/2020,Steuben,29,1087,437,53230
11/1/2020,Steuben,22,1109,428,53658
11/2/2020,Steuben,22,1131,560,54218
11/3/2020,Steuben,14,1145,483,54701
11/4/2020,Steuben,14,1159,665,55366
11/5/2020,Steuben,17,1176,1001,56367
11/6/2020,Steuben,24,1200,822,57189
11/7/2020,Steuben,25,1225,814,58003
11/8/2020,Steuben,4,1229,491,58494
11/9/2020,Steuben,20,1249,757,59251
11/10/2020,Steuben,17,1266,1183,60434
11/11/2020,Steuben,29,1295,1314,61748
11/12/2020,Steuben,66,1361,1220,62968
11/13/2020,Steuben,33,1394,823,63791
11/14/2020,Steuben,22,1416,684,64475
3/1/2020,Suffolk,0,0,0,0
3/2/2020,Suffolk,0,0,0,0
3/3/2020,Suffolk,0,0,0,0
3/4/2020,Suffolk,0,0,2,2
3/5/2020,Suffolk,0,0,2,4
3/6/2020,Suffolk,0,0,1,5
3/7/2020,Suffolk,0,0,2,7
3/8/2020,Suffolk,1,1,11,18
3/9/2020,Suffolk,0,1,4,22
3/10/2020,Suffolk,5,6,24,46
3/11/2020,Suffolk,5,11,24,70
3/12/2020,Suffolk,11,22,73,143
3/13/2020,Suffolk,10,32,79,222
3/14/2020,Suffolk,9,41,38,260
3/15/2020,Suffolk,22,63,95,355
3/16/2020,Suffolk,22,85,109,464
3/17/2020,Suffolk,31,116,179,643
3/18/2020,Suffolk,62,178,361,1004
3/19/2020,Suffolk,193,371,766,1770
3/20/2020,Suffolk,290,661,1461,3231
3/21/2020,Suffolk,373,1034,1578,4809
3/22/2020,Suffolk,424,1458,1153,5962
3/23/2020,Suffolk,422,1880,1047,7009
3/24/2020,Suffolk,380,2260,854,7863
3/25/2020,Suffolk,475,2735,1189,9052
3/26/2020,Suffolk,650,3385,1333,10385
3/27/2020,Suffolk,753,4138,1690,12075
3/28/2020,Suffolk,885,5023,2155,14230
3/29/2020,Suffolk,768,5791,1598,15828
3/30/2020,Suffolk,922,6713,1857,17685
3/31/2020,Suffolk,892,7605,1620,19305
4/1/2020,Suffolk,1141,8746,2148,21453
4/2/2020,Suffolk,1408,10154,2575,24028
4/3/2020,Suffolk,1216,11370,2463,26491
4/4/2020,Suffolk,1035,12405,2200,28691
4/5/2020,Suffolk,1082,13487,2211,30902
4/6/2020,Suffolk,1030,14517,2323,33225
4/7/2020,Suffolk,1327,15844,3139,36364
4/8/2020,Suffolk,1569,17413,3889,40253
4/9/2020,Suffolk,1279,18692,2942,43195
4/10/2020,Suffolk,1191,19883,2556,45751
4/11/2020,Suffolk,933,20816,2215,47966
4/12/2020,Suffolk,827,21643,2164,50130
4/13/2020,Suffolk,819,22462,2246,52376
4/14/2020,Suffolk,816,23278,2135,54511
4/15/2020,Suffolk,904,24182,2536,57047
4/16/2020,Suffolk,853,25035,2496,59543
4/17/2020,Suffolk,1108,26143,3385,62928
4/18/2020,Suffolk,745,26888,2392,65320
4/19/2020,Suffolk,774,27662,2278,67598
4/20/2020,Suffolk,492,28154,1482,69080
4/21/2020,Suffolk,700,28854,2188,71268
4/22/2020,Suffolk,713,29567,2428,73696
4/23/2020,Suffolk,1039,30606,3858,77554
4/24/2020,Suffolk,762,31368,2860,80414
4/25/2020,Suffolk,691,32059,2830,83244
4/26/2020,Suffolk,411,32470,1826,85070
4/27/2020,Suffolk,254,32724,1429,86499
4/28/2020,Suffolk,541,33265,2669,89168
4/29/2020,Suffolk,399,33664,2193,91361
4/30/2020,Suffolk,373,34037,2207,93568
5/1/2020,Suffolk,441,34478,2660,96228
5/2/2020,Suffolk,377,34855,2521,98749
5/3/2020,Suffolk,222,35077,1640,100389
5/4/2020,Suffolk,198,35275,1586,101975
5/5/2020,Suffolk,268,35543,2112,104087
5/6/2020,Suffolk,349,35892,2668,106755
5/7/2020,Suffolk,331,36223,2357,109112
5/8/2020,Suffolk,238,36461,2227,111339
5/9/2020,Suffolk,241,36702,2556,113895
5/10/2020,Suffolk,209,36911,2014,115909
5/11/2020,Suffolk,151,37062,1964,117873
5/12/2020,Suffolk,243,37305,2950,120823
5/13/2020,Suffolk,239,37544,3229,124052
5/14/2020,Suffolk,175,37719,2777,126829
5/15/2020,Suffolk,223,37942,3048,129877
5/16/2020,Suffolk,175,38117,2818,132695
5/17/2020,Suffolk,107,38224,1948,134643
5/18/2020,Suffolk,103,38327,2118,136761
5/19/2020,Suffolk,84,38411,2416,139177
5/20/2020,Suffolk,142,38553,3623,142800
5/21/2020,Suffolk,119,38672,3022,145822
5/22/2020,Suffolk,130,38802,4005,149827
5/23/2020,Suffolk,162,38964,3865,153692
5/24/2020,Suffolk,126,39090,4010,157702
5/25/2020,Suffolk,109,39199,3241,160943
5/26/2020,Suffolk,59,39258,2492,163435
5/27/2020,Suffolk,101,39359,4482,167917
5/28/2020,Suffolk,86,39445,4591,172508
5/29/2020,Suffolk,87,39532,4388,176896
5/30/2020,Suffolk,111,39643,5138,182034
5/31/2020,Suffolk,62,39705,4294,186328
6/1/2020,Suffolk,275,39980,4365,190693
6/2/2020,Suffolk,82,40062,4840,195533
6/3/2020,Suffolk,91,40153,5178,200711
6/4/2020,Suffolk,86,40239,5202,205913
6/5/2020,Suffolk,39,40278,5505,211418
6/6/2020,Suffolk,51,40329,4582,216000
6/7/2020,Suffolk,48,40377,4833,220833
6/8/2020,Suffolk,49,40426,4098,224931
6/9/2020,Suffolk,38,40464,4099,229030
6/10/2020,Suffolk,48,40512,5079,234109
6/11/2020,Suffolk,47,40559,5206,239315
6/12/2020,Suffolk,56,40615,5879,245194
6/13/2020,Suffolk,44,40659,4243,249437
6/14/2020,Suffolk,33,40692,4110,253547
6/15/2020,Suffolk,46,40738,4866,258413
6/16/2020,Suffolk,32,40770,4086,262499
6/17/2020,Suffolk,40,40810,5476,267975
6/18/2020,Suffolk,54,40864,5570,273545
6/19/2020,Suffolk,44,40908,4391,277936
6/20/2020,Suffolk,64,40972,5243,283179
6/21/2020,Suffolk,38,41010,3952,287131
6/22/2020,Suffolk,46,41056,3530,290661
6/23/2020,Suffolk,45,41101,3941,294602
6/24/2020,Suffolk,50,41151,5529,300131
6/25/2020,Suffolk,57,41208,5076,305207
6/26/2020,Suffolk,45,41253,4615,309822
6/27/2020,Suffolk,53,41306,5095,314917
6/28/2020,Suffolk,33,41339,4481,319398
6/29/2020,Suffolk,46,41385,3312,322710
6/30/2020,Suffolk,42,41427,4047,326757
7/1/2020,Suffolk,64,41491,5730,332487
7/2/2020,Suffolk,47,41538,4791,337278
7/3/2020,Suffolk,47,41585,4110,341388
7/4/2020,Suffolk,57,41642,5933,347321
7/5/2020,Suffolk,43,41685,3812,351133
7/6/2020,Suffolk,45,41730,4226,355359
7/7/2020,Suffolk,69,41799,4108,359467
7/8/2020,Suffolk,50,41849,5372,364839
7/9/2020,Suffolk,62,41911,6245,371084
7/10/2020,Suffolk,76,41987,5490,376574
7/11/2020,Suffolk,41,42028,4260,380834
7/12/2020,Suffolk,84,42112,4517,385351
7/13/2020,Suffolk,102,42214,4795,390146
7/14/2020,Suffolk,53,42267,4756,394902
7/15/2020,Suffolk,66,42333,6205,401107
7/16/2020,Suffolk,49,42382,4822,405929
7/17/2020,Suffolk,58,42440,4671,410600
7/18/2020,Suffolk,26,42466,2755,413355
7/19/2020,Suffolk,30,42496,4235,417590
7/20/2020,Suffolk,79,42575,4508,422098
7/21/2020,Suffolk,46,42621,4070,426168
7/22/2020,Suffolk,94,42715,5525,431693
7/23/2020,Suffolk,58,42773,6010,437703
7/24/2020,Suffolk,49,42822,5594,443297
7/25/2020,Suffolk,61,42883,4214,447511
7/26/2020,Suffolk,84,42967,5292,452803
7/27/2020,Suffolk,57,43024,4926,457729
7/28/2020,Suffolk,60,43084,4399,462128
7/29/2020,Suffolk,86,43170,6247,468375
7/30/2020,Suffolk,54,43224,5371,473746
7/31/2020,Suffolk,76,43300,6595,480341
8/1/2020,Suffolk,45,43345,4797,485138
8/2/2020,Suffolk,50,43395,4339,489477
8/3/2020,Suffolk,73,43468,5697,495174
8/4/2020,Suffolk,85,43553,5570,500744
8/5/2020,Suffolk,77,43630,7082,507826
8/6/2020,Suffolk,51,43681,5537,513363
8/7/2020,Suffolk,68,43749,6401,519764
8/8/2020,Suffolk,37,43786,6048,525812
8/9/2020,Suffolk,58,43844,4029,529841
8/10/2020,Suffolk,49,43893,4999,534840
8/11/2020,Suffolk,55,43948,5030,539870
8/12/2020,Suffolk,39,43987,6363,546233
8/13/2020,Suffolk,58,44045,6154,552387
8/14/2020,Suffolk,64,44109,6312,558699
8/15/2020,Suffolk,50,44159,5886,564585
8/16/2020,Suffolk,26,44185,3839,568424
8/17/2020,Suffolk,50,44235,4631,573055
8/18/2020,Suffolk,70,44305,7334,580389
8/19/2020,Suffolk,48,44353,6779,587168
8/20/2020,Suffolk,47,44400,6908,594076
8/21/2020,Suffolk,56,44456,7213,601289
8/22/2020,Suffolk,42,44498,5256,606545
8/23/2020,Suffolk,21,44519,4910,611455
8/24/2020,Suffolk,42,44561,4505,615960
8/25/2020,Suffolk,44,44605,4955,620915
8/26/2020,Suffolk,36,44641,6990,627905
8/27/2020,Suffolk,37,44678,7132,635037
8/28/2020,Suffolk,34,44712,6415,641452
8/29/2020,Suffolk,51,44763,7199,648651
8/30/2020,Suffolk,57,44820,5198,653849
8/31/2020,Suffolk,65,44885,8045,661894
9/1/2020,Suffolk,55,44940,5761,667655
9/2/2020,Suffolk,66,45006,6644,674299
9/3/2020,Suffolk,96,45102,6039,680338
9/4/2020,Suffolk,98,45200,6619,686957
9/5/2020,Suffolk,58,45258,5274,692231
9/6/2020,Suffolk,46,45304,4364,696595
9/7/2020,Suffolk,52,45356,3680,700275
9/8/2020,Suffolk,55,45411,3080,703355
9/9/2020,Suffolk,52,45463,6741,710096
9/10/2020,Suffolk,71,45534,6839,716935
9/11/2020,Suffolk,81,45615,6077,723012
9/12/2020,Suffolk,68,45683,6000,729012
9/13/2020,Suffolk,31,45714,4905,733917
9/14/2020,Suffolk,71,45785,5634,739551
9/15/2020,Suffolk,58,45843,4753,744304
9/16/2020,Suffolk,72,45915,8319,752623
9/17/2020,Suffolk,41,45956,5925,758548
9/18/2020,Suffolk,54,46010,8053,766601
9/19/2020,Suffolk,51,46061,6712,773313
9/20/2020,Suffolk,48,46109,5208,778521
9/21/2020,Suffolk,67,46176,5863,784384
9/22/2020,Suffolk,32,46208,5254,789638
9/23/2020,Suffolk,33,46241,6408,796046
9/24/2020,Suffolk,52,46293,5646,801692
9/25/2020,Suffolk,52,46345,6759,808451
9/26/2020,Suffolk,42,46387,5435,813886
9/27/2020,Suffolk,41,46428,4697,818583
9/28/2020,Suffolk,36,46464,4300,822883
9/29/2020,Suffolk,53,46517,3988,826871
9/30/2020,Suffolk,46,46563,5924,832795
10/1/2020,Suffolk,104,46667,8609,841404
10/2/2020,Suffolk,103,46770,10195,851599
10/3/2020,Suffolk,72,46842,8656,860255
10/4/2020,Suffolk,49,46891,5724,865979
10/5/2020,Suffolk,89,46980,8563,874542
10/6/2020,Suffolk,109,47089,10845,885387
10/7/2020,Suffolk,107,47196,11812,897199
10/8/2020,Suffolk,89,47285,8946,906145
10/9/2020,Suffolk,72,47357,7703,913848
10/10/2020,Suffolk,74,47431,8565,922413
10/11/2020,Suffolk,62,47493,5651,928064
10/12/2020,Suffolk,68,47561,7109,935173
10/13/2020,Suffolk,69,47630,7745,942918
10/14/2020,Suffolk,81,47711,7801,950719
10/15/2020,Suffolk,104,47815,9276,959995
10/16/2020,Suffolk,126,47941,12149,972144
10/17/2020,Suffolk,88,48029,8887,981031
10/18/2020,Suffolk,51,48080,5554,986585
10/19/2020,Suffolk,41,48121,5978,992563
10/20/2020,Suffolk,113,48234,7837,1000400
10/21/2020,Suffolk,74,48308,8143,1008543
10/22/2020,Suffolk,91,48399,9115,1017658
10/23/2020,Suffolk,163,48562,9623,1027281
10/24/2020,Suffolk,101,48663,7576,1034857
10/25/2020,Suffolk,54,48717,5071,1039928
10/26/2020,Suffolk,112,48829,6767,1046695
10/27/2020,Suffolk,169,48998,8769,1055464
10/28/2020,Suffolk,200,49198,13426,1068890
10/29/2020,Suffolk,102,49300,9696,1078586
10/30/2020,Suffolk,96,49396,8488,1087074
10/31/2020,Suffolk,142,49538,10200,1097274
11/1/2020,Suffolk,66,49604,5501,1102775
11/2/2020,Suffolk,176,49780,9927,1112702
11/3/2020,Suffolk,74,49854,7486,1120188
11/4/2020,Suffolk,179,50033,10371,1130559
11/5/2020,Suffolk,177,50210,10332,1140891
11/6/2020,Suffolk,259,50469,10353,1151244
11/7/2020,Suffolk,259,50728,9743,1160987
11/8/2020,Suffolk,324,51052,8467,1169454
11/9/2020,Suffolk,280,51332,7813,1177267
11/10/2020,Suffolk,412,51744,12162,1189429
11/11/2020,Suffolk,321,52065,10924,1200353
11/12/2020,Suffolk,428,52493,11768,1212121
11/13/2020,Suffolk,449,52942,12149,1224270
11/14/2020,Suffolk,366,53308,12561,1236831
3/1/2020,Sullivan,0,0,0,0
3/2/2020,Sullivan,0,0,0,0
3/3/2020,Sullivan,0,0,0,0
3/4/2020,Sullivan,0,0,0,0
3/5/2020,Sullivan,0,0,0,0
3/6/2020,Sullivan,0,0,0,0
3/7/2020,Sullivan,0,0,0,0
3/8/2020,Sullivan,0,0,0,0
3/9/2020,Sullivan,0,0,0,0
3/10/2020,Sullivan,0,0,0,0
3/11/2020,Sullivan,0,0,1,1
3/12/2020,Sullivan,0,0,0,1
3/13/2020,Sullivan,0,0,1,2
3/14/2020,Sullivan,0,0,7,9
3/15/2020,Sullivan,0,0,2,11
3/16/2020,Sullivan,1,1,9,20
3/17/2020,Sullivan,0,1,14,34
3/18/2020,Sullivan,2,3,23,57
3/19/2020,Sullivan,5,8,79,136
3/20/2020,Sullivan,4,12,42,178
3/21/2020,Sullivan,4,16,37,215
3/22/2020,Sullivan,7,23,83,298
3/23/2020,Sullivan,7,30,44,342
3/24/2020,Sullivan,9,39,23,365
3/25/2020,Sullivan,14,53,53,418
3/26/2020,Sullivan,11,64,62,480
3/27/2020,Sullivan,8,72,49,529
3/28/2020,Sullivan,16,88,91,620
3/29/2020,Sullivan,13,101,53,673
3/30/2020,Sullivan,8,109,33,706
3/31/2020,Sullivan,12,121,55,761
4/1/2020,Sullivan,22,143,96,857
4/2/2020,Sullivan,25,168,140,997
4/3/2020,Sullivan,25,193,133,1130
4/4/2020,Sullivan,41,234,153,1283
4/5/2020,Sullivan,19,253,91,1374
4/6/2020,Sullivan,17,270,77,1451
4/7/2020,Sullivan,9,279,56,1507
4/8/2020,Sullivan,15,294,60,1567
4/9/2020,Sullivan,24,318,115,1682
4/10/2020,Sullivan,22,340,99,1781
4/11/2020,Sullivan,18,358,65,1846
4/12/2020,Sullivan,22,380,73,1919
4/13/2020,Sullivan,35,415,133,2052
4/14/2020,Sullivan,9,424,37,2089
4/15/2020,Sullivan,13,437,39,2128
4/16/2020,Sullivan,68,505,192,2320
4/17/2020,Sullivan,19,524,92,2412
4/18/2020,Sullivan,13,537,38,2450
4/19/2020,Sullivan,7,544,30,2480
4/20/2020,Sullivan,11,555,44,2524
4/21/2020,Sullivan,6,561,45,2569
4/22/2020,Sullivan,19,580,52,2621
4/23/2020,Sullivan,48,628,253,2874
4/24/2020,Sullivan,61,689,296,3170
4/25/2020,Sullivan,35,724,160,3330
4/26/2020,Sullivan,24,748,120,3450
4/27/2020,Sullivan,21,769,77,3527
4/28/2020,Sullivan,42,811,114,3641
4/29/2020,Sullivan,27,838,102,3743
4/30/2020,Sullivan,42,880,122,3865
5/1/2020,Sullivan,51,931,128,3993
5/2/2020,Sullivan,20,951,105,4098
5/3/2020,Sullivan,25,976,106,4204
5/4/2020,Sullivan,8,984,111,4315
5/5/2020,Sullivan,12,996,99,4414
5/6/2020,Sullivan,25,1021,150,4564
5/7/2020,Sullivan,18,1039,90,4654
5/8/2020,Sullivan,32,1071,143,4797
5/9/2020,Sullivan,22,1093,115,4912
5/10/2020,Sullivan,16,1109,78,4990
5/11/2020,Sullivan,10,1119,95,5085
5/12/2020,Sullivan,16,1135,89,5174
5/13/2020,Sullivan,33,1168,178,5352
5/14/2020,Sullivan,21,1189,127,5479
5/15/2020,Sullivan,28,1217,176,5655
5/16/2020,Sullivan,14,1231,138,5793
5/17/2020,Sullivan,15,1246,133,5926
5/18/2020,Sullivan,12,1258,111,6037
5/19/2020,Sullivan,9,1267,116,6153
5/20/2020,Sullivan,14,1281,157,6310
5/21/2020,Sullivan,6,1287,158,6468
5/22/2020,Sullivan,10,1297,148,6616
5/23/2020,Sullivan,13,1310,155,6771
5/24/2020,Sullivan,14,1324,170,6941
5/25/2020,Sullivan,14,1338,238,7179
5/26/2020,Sullivan,2,1340,77,7256
5/27/2020,Sullivan,11,1351,209,7465
5/28/2020,Sullivan,13,1364,160,7625
5/29/2020,Sullivan,11,1375,254,7879
5/30/2020,Sullivan,12,1387,237,8116
5/31/2020,Sullivan,2,1389,145,8261
6/1/2020,Sullivan,3,1392,108,8369
6/2/2020,Sullivan,1,1393,155,8524
6/3/2020,Sullivan,12,1405,186,8710
6/4/2020,Sullivan,4,1409,167,8877
6/5/2020,Sullivan,2,1411,176,9053
6/6/2020,Sullivan,4,1415,177,9230
6/7/2020,Sullivan,2,1417,123,9353
6/8/2020,Sullivan,1,1418,152,9505
6/9/2020,Sullivan,7,1425,499,10004
6/10/2020,Sullivan,1,1426,272,10276
6/11/2020,Sullivan,2,1428,112,10388
6/12/2020,Sullivan,2,1430,299,10687
6/13/2020,Sullivan,0,1430,287,10974
6/14/2020,Sullivan,2,1432,76,11050
6/15/2020,Sullivan,1,1433,163,11213
6/16/2020,Sullivan,0,1433,189,11402
6/17/2020,Sullivan,1,1434,176,11578
6/18/2020,Sullivan,0,1434,206,11784
6/19/2020,Sullivan,1,1435,84,11868
6/20/2020,Sullivan,2,1437,139,12007
6/21/2020,Sullivan,1,1438,103,12110
6/22/2020,Sullivan,2,1440,262,12372
6/23/2020,Sullivan,7,1447,197,12569
6/24/2020,Sullivan,1,1448,176,12745
6/25/2020,Sullivan,1,1449,132,12877
6/26/2020,Sullivan,2,1451,142,13019
6/27/2020,Sullivan,0,1451,82,13101
6/28/2020,Sullivan,0,1451,89,13190
6/29/2020,Sullivan,0,1451,282,13472
6/30/2020,Sullivan,1,1452,205,13677
7/1/2020,Sullivan,1,1453,158,13835
7/2/2020,Sullivan,2,1455,288,14123
7/3/2020,Sullivan,1,1456,93,14216
7/4/2020,Sullivan,0,1456,129,14345
7/5/2020,Sullivan,1,1457,113,14458
7/6/2020,Sullivan,2,1459,122,14580
7/7/2020,Sullivan,1,1460,123,14703
7/8/2020,Sullivan,0,1460,138,14841
7/9/2020,Sullivan,4,1464,144,14985
7/10/2020,Sullivan,0,1464,164,15149
7/11/2020,Sullivan,1,1465,127,15276
7/12/2020,Sullivan,0,1465,70,15346
7/13/2020,Sullivan,1,1466,113,15459
7/14/2020,Sullivan,1,1467,217,15676
7/15/2020,Sullivan,2,1469,159,15835
7/16/2020,Sullivan,0,1469,161,15996
7/17/2020,Sullivan,4,1473,333,16329
7/18/2020,Sullivan,0,1473,124,16453
7/19/2020,Sullivan,0,1473,124,16577
7/20/2020,Sullivan,0,1473,166,16743
7/21/2020,Sullivan,0,1473,132,16875
7/22/2020,Sullivan,2,1475,258,17133
7/23/2020,Sullivan,0,1475,214,17347
7/24/2020,Sullivan,1,1476,170,17517
7/25/2020,Sullivan,0,1476,72,17589
7/26/2020,Sullivan,0,1476,87,17676
7/27/2020,Sullivan,0,1476,174,17850
7/28/2020,Sullivan,0,1476,179,18029
7/29/2020,Sullivan,3,1479,446,18475
7/30/2020,Sullivan,1,1480,99,18574
7/31/2020,Sullivan,3,1483,119,18693
8/1/2020,Sullivan,0,1483,62,18755
8/2/2020,Sullivan,0,1483,58,18813
8/3/2020,Sullivan,1,1484,260,19073
8/4/2020,Sullivan,1,1485,144,19217
8/5/2020,Sullivan,0,1485,116,19333
8/6/2020,Sullivan,3,1488,84,19417
8/7/2020,Sullivan,0,1488,103,19520
8/8/2020,Sullivan,1,1489,135,19655
8/9/2020,Sullivan,0,1489,63,19718
8/10/2020,Sullivan,1,1490,167,19885
8/11/2020,Sullivan,1,1491,243,20128
8/12/2020,Sullivan,0,1491,284,20412
8/13/2020,Sullivan,0,1491,240,20652
8/14/2020,Sullivan,2,1493,195,20847
8/15/2020,Sullivan,0,1493,101,20948
8/16/2020,Sullivan,0,1493,75,21023
8/17/2020,Sullivan,0,1493,125,21148
8/18/2020,Sullivan,1,1494,187,21335
8/19/2020,Sullivan,1,1495,179,21514
8/20/2020,Sullivan,0,1495,169,21683
8/21/2020,Sullivan,0,1495,146,21829
8/22/2020,Sullivan,0,1495,82,21911
8/23/2020,Sullivan,0,1495,89,22000
8/24/2020,Sullivan,4,1499,142,22142
8/25/2020,Sullivan,0,1499,164,22306
8/26/2020,Sullivan,7,1506,192,22498
8/27/2020,Sullivan,9,1515,399,22897
8/28/2020,Sullivan,1,1516,138,23035
8/29/2020,Sullivan,5,1521,276,23311
8/30/2020,Sullivan,8,1529,123,23434
8/31/2020,Sullivan,1,1530,146,23580
9/1/2020,Sullivan,4,1534,244,23824
9/2/2020,Sullivan,3,1537,224,24048
9/3/2020,Sullivan,3,1540,415,24463
9/4/2020,Sullivan,3,1543,199,24662
9/5/2020,Sullivan,0,1543,222,24884
9/6/2020,Sullivan,1,1544,77,24961
9/7/2020,Sullivan,0,1544,107,25068
9/8/2020,Sullivan,0,1544,137,25205
9/9/2020,Sullivan,4,1548,265,25470
9/10/2020,Sullivan,0,1548,455,25925
9/11/2020,Sullivan,1,1549,160,26085
9/12/2020,Sullivan,4,1553,160,26245
9/13/2020,Sullivan,4,1557,81,26326
9/14/2020,Sullivan,2,1559,254,26580
9/15/2020,Sullivan,2,1561,122,26702
9/16/2020,Sullivan,4,1565,277,26979
9/17/2020,Sullivan,3,1568,214,27193
9/18/2020,Sullivan,2,1570,199,27392
9/19/2020,Sullivan,1,1571,111,27503
9/20/2020,Sullivan,2,1573,98,27601
9/21/2020,Sullivan,0,1573,218,27819
9/22/2020,Sullivan,3,1576,179,27998
9/23/2020,Sullivan,4,1580,356,28354
9/24/2020,Sullivan,1,1581,199,28553
9/25/2020,Sullivan,2,1583,263,28816
9/26/2020,Sullivan,8,1591,186,29002
9/27/2020,Sullivan,3,1594,170,29172
9/28/2020,Sullivan,6,1600,295,29467
9/29/2020,Sullivan,4,1604,306,29773
9/30/2020,Sullivan,3,1607,219,29992
10/1/2020,Sullivan,3,1610,216,30208
10/2/2020,Sullivan,4,1614,314,30522
10/3/2020,Sullivan,1,1615,171,30693
10/4/2020,Sullivan,1,1616,145,30838
10/5/2020,Sullivan,7,1623,238,31076
10/6/2020,Sullivan,6,1629,332,31408
10/7/2020,Sullivan,4,1633,322,31730
10/8/2020,Sullivan,10,1643,411,32141
10/9/2020,Sullivan,2,1645,344,32485
10/10/2020,Sullivan,4,1649,235,32720
10/11/2020,Sullivan,1,1650,123,32843
10/12/2020,Sullivan,5,1655,326,33169
10/13/2020,Sullivan,4,1659,301,33470
10/14/2020,Sullivan,4,1663,253,33723
10/15/2020,Sullivan,5,1668,418,34141
10/16/2020,Sullivan,6,1674,365,34506
10/17/2020,Sullivan,1,1675,117,34623
10/18/2020,Sullivan,5,1680,110,34733
10/19/2020,Sullivan,2,1682,307,35040
10/20/2020,Sullivan,12,1694,244,35284
10/21/2020,Sullivan,15,1709,322,35606
10/22/2020,Sullivan,5,1714,261,35867
10/23/2020,Sullivan,11,1725,318,36185
10/24/2020,Sullivan,18,1743,320,36505
10/25/2020,Sullivan,7,1750,103,36608
10/26/2020,Sullivan,15,1765,290,36898
10/27/2020,Sullivan,14,1779,278,37176
10/28/2020,Sullivan,7,1786,581,37757
10/29/2020,Sullivan,14,1800,397,38154
10/30/2020,Sullivan,14,1814,357,38511
10/31/2020,Sullivan,4,1818,186,38697
11/1/2020,Sullivan,7,1825,191,38888
11/2/2020,Sullivan,12,1837,386,39274
11/3/2020,Sullivan,15,1852,312,39586
11/4/2020,Sullivan,10,1862,352,39938
11/5/2020,Sullivan,20,1882,688,40626
11/6/2020,Sullivan,9,1891,315,40941
11/7/2020,Sullivan,3,1894,177,41118
11/8/2020,Sullivan,6,1900,249,41367
11/9/2020,Sullivan,20,1920,435,41802
11/10/2020,Sullivan,12,1932,403,42205
11/11/2020,Sullivan,8,1940,541,42746
11/12/2020,Sullivan,16,1956,457,43203
11/13/2020,Sullivan,13,1969,449,43652
11/14/2020,Sullivan,10,1979,267,43919
3/1/2020,Tioga,0,0,0,0
3/2/2020,Tioga,0,0,0,0
3/3/2020,Tioga,0,0,0,0
3/4/2020,Tioga,0,0,0,0
3/5/2020,Tioga,0,0,0,0
3/6/2020,Tioga,0,0,0,0
3/7/2020,Tioga,0,0,0,0
3/8/2020,Tioga,0,0,0,0
3/9/2020,Tioga,0,0,0,0
3/10/2020,Tioga,0,0,0,0
3/11/2020,Tioga,0,0,1,1
3/12/2020,Tioga,0,0,0,1
3/13/2020,Tioga,1,1,1,2
3/14/2020,Tioga,0,1,0,2
3/15/2020,Tioga,0,1,1,3
3/16/2020,Tioga,0,1,3,6
3/17/2020,Tioga,0,1,5,11
3/18/2020,Tioga,0,1,0,11
3/19/2020,Tioga,0,1,0,11
3/20/2020,Tioga,0,1,5,16
3/21/2020,Tioga,0,1,4,20
3/22/2020,Tioga,0,1,4,24
3/23/2020,Tioga,0,1,3,27
3/24/2020,Tioga,0,1,1,28
3/25/2020,Tioga,1,2,12,40
3/26/2020,Tioga,0,2,10,50
3/27/2020,Tioga,2,4,18,68
3/28/2020,Tioga,0,4,21,89
3/29/2020,Tioga,0,4,15,104
3/30/2020,Tioga,3,7,21,125
3/31/2020,Tioga,0,7,15,140
4/1/2020,Tioga,0,7,14,154
4/2/2020,Tioga,0,7,18,172
4/3/2020,Tioga,0,7,9,181
4/4/2020,Tioga,0,7,8,189
4/5/2020,Tioga,1,8,10,199
4/6/2020,Tioga,0,8,10,209
4/7/2020,Tioga,4,12,29,238
4/8/2020,Tioga,5,17,32,270
4/9/2020,Tioga,1,18,16,286
4/10/2020,Tioga,1,19,10,296
4/11/2020,Tioga,0,19,8,304
4/12/2020,Tioga,1,20,3,307
4/13/2020,Tioga,4,24,52,359
4/14/2020,Tioga,1,25,14,373
4/15/2020,Tioga,2,27,16,389
4/16/2020,Tioga,3,30,13,402
4/17/2020,Tioga,2,32,16,418
4/18/2020,Tioga,3,35,10,428
4/19/2020,Tioga,2,37,6,434
4/20/2020,Tioga,0,37,5,439
4/21/2020,Tioga,2,39,10,449
4/22/2020,Tioga,1,40,13,462
4/23/2020,Tioga,0,40,10,472
4/24/2020,Tioga,31,71,173,645
4/25/2020,Tioga,0,71,8,653
4/26/2020,Tioga,0,71,8,661
4/27/2020,Tioga,11,82,86,747
4/28/2020,Tioga,2,84,68,815
4/29/2020,Tioga,4,88,69,884
4/30/2020,Tioga,2,90,19,903
5/1/2020,Tioga,0,90,20,923
5/2/2020,Tioga,0,90,25,948
5/3/2020,Tioga,0,90,50,998
5/4/2020,Tioga,2,92,67,1065
5/5/2020,Tioga,4,96,76,1141
5/6/2020,Tioga,1,97,40,1181
5/7/2020,Tioga,2,99,40,1221
5/8/2020,Tioga,5,104,83,1304
5/9/2020,Tioga,1,105,31,1335
5/10/2020,Tioga,2,107,40,1375
5/11/2020,Tioga,0,107,35,1410
5/12/2020,Tioga,1,108,92,1502
5/13/2020,Tioga,0,108,59,1561
5/14/2020,Tioga,2,110,42,1603
5/15/2020,Tioga,2,112,57,1660
5/16/2020,Tioga,1,113,59,1719
5/17/2020,Tioga,0,113,82,1801
5/18/2020,Tioga,0,113,113,1914
5/19/2020,Tioga,1,114,106,2020
5/20/2020,Tioga,3,117,89,2109
5/21/2020,Tioga,1,118,105,2214
5/22/2020,Tioga,3,121,96,2310
5/23/2020,Tioga,1,122,79,2389
5/24/2020,Tioga,0,122,54,2443
5/25/2020,Tioga,0,122,45,2488
5/26/2020,Tioga,2,124,195,2683
5/27/2020,Tioga,2,126,132,2815
5/28/2020,Tioga,0,126,110,2925
5/29/2020,Tioga,2,128,141,3066
5/30/2020,Tioga,2,130,107,3173
5/31/2020,Tioga,0,130,44,3217
6/1/2020,Tioga,1,131,143,3360
6/2/2020,Tioga,2,133,123,3483
6/3/2020,Tioga,0,133,101,3584
6/4/2020,Tioga,1,134,140,3724
6/5/2020,Tioga,0,134,302,4026
6/6/2020,Tioga,0,134,146,4172
6/7/2020,Tioga,0,134,79,4251
6/8/2020,Tioga,0,134,166,4417
6/9/2020,Tioga,1,135,247,4664
6/10/2020,Tioga,0,135,159,4823
6/11/2020,Tioga,2,137,106,4929
6/12/2020,Tioga,0,137,162,5091
6/13/2020,Tioga,2,139,71,5162
6/14/2020,Tioga,0,139,71,5233
6/15/2020,Tioga,1,140,174,5407
6/16/2020,Tioga,0,140,70,5477
6/17/2020,Tioga,0,140,175,5652
6/18/2020,Tioga,0,140,123,5775
6/19/2020,Tioga,0,140,77,5852
6/20/2020,Tioga,0,140,60,5912
6/21/2020,Tioga,0,140,70,5982
6/22/2020,Tioga,1,141,186,6168
6/23/2020,Tioga,0,141,128,6296
6/24/2020,Tioga,0,141,151,6447
6/25/2020,Tioga,0,141,68,6515
6/26/2020,Tioga,1,142,131,6646
6/27/2020,Tioga,0,142,77,6723
6/28/2020,Tioga,0,142,51,6774
6/29/2020,Tioga,1,143,175,6949
6/30/2020,Tioga,0,143,107,7056
7/1/2020,Tioga,0,143,130,7186
7/2/2020,Tioga,0,143,108,7294
7/3/2020,Tioga,2,145,101,7395
7/4/2020,Tioga,1,146,101,7496
7/5/2020,Tioga,2,148,126,7622
7/6/2020,Tioga,2,150,105,7727
7/7/2020,Tioga,0,150,61,7788
7/8/2020,Tioga,1,151,110,7898
7/9/2020,Tioga,8,159,160,8058
7/10/2020,Tioga,1,160,126,8184
7/11/2020,Tioga,1,161,151,8335
7/12/2020,Tioga,0,161,83,8418
7/13/2020,Tioga,0,161,121,8539
7/14/2020,Tioga,2,163,208,8747
7/15/2020,Tioga,0,163,165,8912
7/16/2020,Tioga,5,168,101,9013
7/17/2020,Tioga,1,169,141,9154
7/18/2020,Tioga,1,170,104,9258
7/19/2020,Tioga,3,173,131,9389
7/20/2020,Tioga,1,174,110,9499
7/21/2020,Tioga,1,175,128,9627
7/22/2020,Tioga,0,175,129,9756
7/23/2020,Tioga,1,176,187,9943
7/24/2020,Tioga,2,178,131,10074
7/25/2020,Tioga,1,179,89,10163
7/26/2020,Tioga,1,180,145,10308
7/27/2020,Tioga,0,180,85,10393
7/28/2020,Tioga,3,183,129,10522
7/29/2020,Tioga,1,184,118,10640
7/30/2020,Tioga,3,187,150,10790
7/31/2020,Tioga,1,188,133,10923
8/1/2020,Tioga,1,189,70,10993
8/2/2020,Tioga,1,190,75,11068
8/3/2020,Tioga,1,191,171,11239
8/4/2020,Tioga,2,193,230,11469
8/5/2020,Tioga,0,193,100,11569
8/6/2020,Tioga,0,193,135,11704
8/7/2020,Tioga,0,193,153,11857
8/8/2020,Tioga,0,193,120,11977
8/9/2020,Tioga,0,193,103,12080
8/10/2020,Tioga,1,194,197,12277
8/11/2020,Tioga,0,194,124,12401
8/12/2020,Tioga,0,194,160,12561
8/13/2020,Tioga,1,195,204,12765
8/14/2020,Tioga,0,195,134,12899
8/15/2020,Tioga,0,195,95,12994
8/16/2020,Tioga,1,196,102,13096
8/17/2020,Tioga,2,198,130,13226
8/18/2020,Tioga,1,199,98,13324
8/19/2020,Tioga,4,203,165,13489
8/20/2020,Tioga,0,203,220,13709
8/21/2020,Tioga,1,204,205,13914
8/22/2020,Tioga,2,206,103,14017
8/23/2020,Tioga,0,206,99,14116
8/24/2020,Tioga,0,206,93,14209
8/25/2020,Tioga,0,206,110,14319
8/26/2020,Tioga,0,206,137,14456
8/27/2020,Tioga,1,207,199,14655
8/28/2020,Tioga,1,208,174,14829
8/29/2020,Tioga,0,208,117,14946
8/30/2020,Tioga,1,209,103,15049
8/31/2020,Tioga,0,209,68,15117
9/1/2020,Tioga,0,209,74,15191
9/2/2020,Tioga,1,210,96,15287
9/3/2020,Tioga,1,211,118,15405
9/4/2020,Tioga,0,211,232,15637
9/5/2020,Tioga,1,212,186,15823
9/6/2020,Tioga,2,214,79,15902
9/7/2020,Tioga,2,216,133,16035
9/8/2020,Tioga,1,217,81,16116
9/9/2020,Tioga,1,218,118,16234
9/10/2020,Tioga,0,218,198,16432
9/11/2020,Tioga,1,219,267,16699
9/12/2020,Tioga,0,219,115,16814
9/13/2020,Tioga,2,221,118,16932
9/14/2020,Tioga,0,221,198,17130
9/15/2020,Tioga,0,221,190,17320
9/16/2020,Tioga,0,221,249,17569
9/17/2020,Tioga,1,222,249,17818
9/18/2020,Tioga,0,222,287,18105
9/19/2020,Tioga,2,224,144,18249
9/20/2020,Tioga,0,224,65,18314
9/21/2020,Tioga,1,225,181,18495
9/22/2020,Tioga,0,225,223,18718
9/23/2020,Tioga,4,229,218,18936
9/24/2020,Tioga,0,229,346,19282
9/25/2020,Tioga,5,234,271,19553
9/26/2020,Tioga,1,235,142,19695
9/27/2020,Tioga,2,237,101,19796
9/28/2020,Tioga,5,242,172,19968
9/29/2020,Tioga,7,249,283,20251
9/30/2020,Tioga,7,256,309,20560
10/1/2020,Tioga,5,261,359,20919
10/2/2020,Tioga,3,264,342,21261
10/3/2020,Tioga,10,274,462,21723
10/4/2020,Tioga,4,278,211,21934
10/5/2020,Tioga,6,284,105,22039
10/6/2020,Tioga,7,291,446,22485
10/7/2020,Tioga,13,304,441,22926
10/8/2020,Tioga,15,319,439,23365
10/9/2020,Tioga,14,333,422,23787
10/10/2020,Tioga,12,345,364,24151
10/11/2020,Tioga,7,352,204,24355
10/12/2020,Tioga,6,358,285,24640
10/13/2020,Tioga,13,371,300,24940
10/14/2020,Tioga,19,390,442,25382
10/15/2020,Tioga,23,413,579,25961
10/16/2020,Tioga,11,424,295,26256
10/17/2020,Tioga,11,435,370,26626
10/18/2020,Tioga,13,448,220,26846
10/19/2020,Tioga,11,459,201,27047
10/20/2020,Tioga,19,478,297,27344
10/21/2020,Tioga,24,502,566,27910
10/22/2020,Tioga,10,512,363,28273
10/23/2020,Tioga,37,549,664,28937
10/24/2020,Tioga,23,572,507,29444
10/25/2020,Tioga,17,589,205,29649
10/26/2020,Tioga,21,610,374,30023
10/27/2020,Tioga,19,629,348,30371
10/28/2020,Tioga,24,653,349,30720
10/29/2020,Tioga,19,672,446,31166
10/30/2020,Tioga,17,689,528,31694
10/31/2020,Tioga,10,699,330,32024
11/1/2020,Tioga,18,717,221,32245
11/2/2020,Tioga,15,732,264,32509
11/3/2020,Tioga,18,750,275,32784
11/4/2020,Tioga,25,775,419,33203
11/5/2020,Tioga,17,792,346,33549
11/6/2020,Tioga,31,823,521,34070
11/7/2020,Tioga,13,836,379,34449
11/8/2020,Tioga,10,846,153,34602
11/9/2020,Tioga,18,864,245,34847
11/10/2020,Tioga,22,886,300,35147
11/11/2020,Tioga,27,913,341,35488
11/12/2020,Tioga,17,930,457,35945
11/13/2020,Tioga,10,940,337,36282
11/14/2020,Tioga,11,951,253,36535
3/1/2020,Tompkins,0,0,0,0
3/2/2020,Tompkins,0,0,0,0
3/3/2020,Tompkins,0,0,0,0
3/4/2020,Tompkins,0,0,0,0
3/5/2020,Tompkins,0,0,0,0
3/6/2020,Tompkins,0,0,0,0
3/7/2020,Tompkins,0,0,0,0
3/8/2020,Tompkins,0,0,0,0
3/9/2020,Tompkins,0,0,1,1
3/10/2020,Tompkins,0,0,0,1
3/11/2020,Tompkins,0,0,2,3
3/12/2020,Tompkins,0,0,2,5
3/13/2020,Tompkins,1,1,5,10
3/14/2020,Tompkins,0,1,1,11
3/15/2020,Tompkins,0,1,4,15
3/16/2020,Tompkins,1,2,17,32
3/17/2020,Tompkins,1,3,11,43
3/18/2020,Tompkins,3,6,18,61
3/19/2020,Tompkins,1,7,7,68
3/20/2020,Tompkins,4,11,96,164
3/21/2020,Tompkins,2,13,76,240
3/22/2020,Tompkins,2,15,115,355
3/23/2020,Tompkins,1,16,111,466
3/24/2020,Tompkins,0,16,2,468
3/25/2020,Tompkins,6,22,89,557
3/26/2020,Tompkins,4,26,109,666
3/27/2020,Tompkins,19,45,182,848
3/28/2020,Tompkins,7,52,128,976
3/29/2020,Tompkins,14,66,157,1133
3/30/2020,Tompkins,0,66,18,1151
3/31/2020,Tompkins,2,68,15,1166
4/1/2020,Tompkins,6,74,126,1292
4/2/2020,Tompkins,10,84,160,1452
4/3/2020,Tompkins,1,85,81,1533
4/4/2020,Tompkins,3,88,52,1585
4/5/2020,Tompkins,6,94,94,1679
4/6/2020,Tompkins,3,97,23,1702
4/7/2020,Tompkins,2,99,85,1787
4/8/2020,Tompkins,6,105,299,2086
4/9/2020,Tompkins,0,105,24,2110
4/10/2020,Tompkins,3,108,135,2245
4/11/2020,Tompkins,1,109,77,2322
4/12/2020,Tompkins,1,110,31,2353
4/13/2020,Tompkins,2,112,104,2457
4/14/2020,Tompkins,3,115,44,2501
4/15/2020,Tompkins,1,116,73,2574
4/16/2020,Tompkins,1,117,36,2610
4/17/2020,Tompkins,0,117,44,2654
4/18/2020,Tompkins,0,117,41,2695
4/19/2020,Tompkins,2,119,47,2742
4/20/2020,Tompkins,0,119,4,2746
4/21/2020,Tompkins,0,119,12,2758
4/22/2020,Tompkins,0,119,95,2853
4/23/2020,Tompkins,2,121,108,2961
4/24/2020,Tompkins,5,126,308,3269
4/25/2020,Tompkins,0,126,44,3313
4/26/2020,Tompkins,0,126,47,3360
4/27/2020,Tompkins,0,126,13,3373
4/28/2020,Tompkins,1,127,119,3492
4/29/2020,Tompkins,1,128,19,3511
4/30/2020,Tompkins,0,128,61,3572
5/1/2020,Tompkins,0,128,118,3690
5/2/2020,Tompkins,1,129,27,3717
5/3/2020,Tompkins,0,129,126,3843
5/4/2020,Tompkins,0,129,52,3895
5/5/2020,Tompkins,0,129,104,3999
5/6/2020,Tompkins,1,130,188,4187
5/7/2020,Tompkins,1,131,187,4374
5/8/2020,Tompkins,1,132,619,4993
5/9/2020,Tompkins,0,132,95,5088
5/10/2020,Tompkins,0,132,86,5174
5/11/2020,Tompkins,0,132,91,5265
5/12/2020,Tompkins,4,136,175,5440
5/13/2020,Tompkins,0,136,103,5543
5/14/2020,Tompkins,0,136,112,5655
5/15/2020,Tompkins,2,138,331,5986
5/16/2020,Tompkins,1,139,421,6407
5/17/2020,Tompkins,2,141,412,6819
5/18/2020,Tompkins,1,142,446,7265
5/19/2020,Tompkins,3,145,219,7484
5/20/2020,Tompkins,0,145,199,7683
5/21/2020,Tompkins,2,147,291,7974
5/22/2020,Tompkins,2,149,410,8384
5/23/2020,Tompkins,2,151,246,8630
5/24/2020,Tompkins,3,154,267,8897
5/25/2020,Tompkins,0,154,48,8945
5/26/2020,Tompkins,1,155,264,9209
5/27/2020,Tompkins,1,156,110,9319
5/28/2020,Tompkins,1,157,425,9744
5/29/2020,Tompkins,4,161,264,10008
5/30/2020,Tompkins,3,164,389,10397
5/31/2020,Tompkins,0,164,149,10546
6/1/2020,Tompkins,0,164,168,10714
6/2/2020,Tompkins,1,165,203,10917
6/3/2020,Tompkins,0,165,206,11123
6/4/2020,Tompkins,2,167,171,11294
6/5/2020,Tompkins,4,171,1067,12361
6/6/2020,Tompkins,0,171,518,12879
6/7/2020,Tompkins,0,171,148,13027
6/8/2020,Tompkins,0,171,452,13479
6/9/2020,Tompkins,0,171,333,13812
6/10/2020,Tompkins,0,171,235,14047
6/11/2020,Tompkins,1,172,191,14238
6/12/2020,Tompkins,1,173,328,14566
6/13/2020,Tompkins,0,173,72,14638
6/14/2020,Tompkins,0,173,61,14699
6/15/2020,Tompkins,0,173,378,15077
6/16/2020,Tompkins,0,173,295,15372
6/17/2020,Tompkins,0,173,210,15582
6/18/2020,Tompkins,0,173,779,16361
6/19/2020,Tompkins,1,174,395,16756
6/20/2020,Tompkins,1,175,139,16895
6/21/2020,Tompkins,0,175,239,17134
6/22/2020,Tompkins,0,175,267,17401
6/23/2020,Tompkins,0,175,237,17638
6/24/2020,Tompkins,0,175,267,17905
6/25/2020,Tompkins,0,175,170,18075
6/26/2020,Tompkins,0,175,231,18306
6/27/2020,Tompkins,1,176,328,18634
6/28/2020,Tompkins,1,177,111,18745
6/29/2020,Tompkins,0,177,200,18945
6/30/2020,Tompkins,0,177,238,19183
7/1/2020,Tompkins,1,178,309,19492
7/2/2020,Tompkins,0,178,233,19725
7/3/2020,Tompkins,0,178,270,19995
7/4/2020,Tompkins,1,179,103,20098
7/5/2020,Tompkins,0,179,179,20277
7/6/2020,Tompkins,0,179,200,20477
7/7/2020,Tompkins,1,180,408,20885
7/8/2020,Tompkins,0,180,95,20980
7/9/2020,Tompkins,1,181,340,21320
7/10/2020,Tompkins,2,183,353,21673
7/11/2020,Tompkins,3,186,482,22155
7/12/2020,Tompkins,0,186,104,22259
7/13/2020,Tompkins,0,186,354,22613
7/14/2020,Tompkins,12,198,438,23051
7/15/2020,Tompkins,0,198,307,23358
7/16/2020,Tompkins,0,198,688,24046
7/17/2020,Tompkins,1,199,645,24691
7/18/2020,Tompkins,9,208,466,25157
7/19/2020,Tompkins,1,209,59,25216
7/20/2020,Tompkins,0,209,221,25437
7/21/2020,Tompkins,0,209,828,26265
7/22/2020,Tompkins,4,213,729,26994
7/23/2020,Tompkins,8,221,635,27629
7/24/2020,Tompkins,2,223,793,28422
7/25/2020,Tompkins,1,224,298,28720
7/26/2020,Tompkins,1,225,91,28811
7/27/2020,Tompkins,0,225,202,29013
7/28/2020,Tompkins,0,225,534,29547
7/29/2020,Tompkins,2,227,740,30287
7/30/2020,Tompkins,1,228,734,31021
7/31/2020,Tompkins,2,230,589,31610
8/1/2020,Tompkins,0,230,329,31939
8/2/2020,Tompkins,0,230,42,31981
8/3/2020,Tompkins,0,230,320,32301
8/4/2020,Tompkins,1,231,514,32815
8/5/2020,Tompkins,1,232,721,33536
8/6/2020,Tompkins,1,233,609,34145
8/7/2020,Tompkins,1,234,740,34885
8/8/2020,Tompkins,0,234,405,35290
8/9/2020,Tompkins,0,234,31,35321
8/10/2020,Tompkins,0,234,303,35624
8/11/2020,Tompkins,0,234,610,36234
8/12/2020,Tompkins,0,234,659,36893
8/13/2020,Tompkins,2,236,1099,37992
8/14/2020,Tompkins,2,238,1203,39195
8/15/2020,Tompkins,0,238,433,39628
8/16/2020,Tompkins,0,238,165,39793
8/17/2020,Tompkins,0,238,186,39979
8/18/2020,Tompkins,0,238,749,40728
8/19/2020,Tompkins,2,240,1401,42129
8/20/2020,Tompkins,4,244,2018,44147
8/21/2020,Tompkins,0,244,1364,45511
8/22/2020,Tompkins,0,244,837,46348
8/23/2020,Tompkins,0,244,653,47001
8/24/2020,Tompkins,1,245,1342,48343
8/25/2020,Tompkins,3,248,2713,51056
8/26/2020,Tompkins,1,249,1237,52293
8/27/2020,Tompkins,2,251,906,53199
8/28/2020,Tompkins,10,261,1782,54981
8/29/2020,Tompkins,3,264,2081,57062
8/30/2020,Tompkins,1,265,829,57891
8/31/2020,Tompkins,5,270,236,58127
9/1/2020,Tompkins,10,280,1707,59834
9/2/2020,Tompkins,23,303,480,60314
9/3/2020,Tompkins,5,308,530,60844
9/4/2020,Tompkins,13,321,7425,68269
9/5/2020,Tompkins,11,332,2868,71137
9/6/2020,Tompkins,7,339,3091,74228
9/7/2020,Tompkins,5,344,4157,78385
9/8/2020,Tompkins,2,346,3619,82004
9/9/2020,Tompkins,15,361,3995,85999
9/10/2020,Tompkins,8,369,4186,90185
9/11/2020,Tompkins,6,375,4884,95069
9/12/2020,Tompkins,6,381,3264,98333
9/13/2020,Tompkins,1,382,3013,101346
9/14/2020,Tompkins,2,384,4744,106090
9/15/2020,Tompkins,2,386,5383,111473
9/16/2020,Tompkins,2,388,5657,117130
9/17/2020,Tompkins,2,390,5661,122791
9/18/2020,Tompkins,4,394,5411,128202
9/19/2020,Tompkins,3,397,2274,130476
9/20/2020,Tompkins,1,398,1354,131830
9/21/2020,Tompkins,1,399,4504,136334
9/22/2020,Tompkins,6,405,5351,141685
9/23/2020,Tompkins,1,406,4729,146414
9/24/2020,Tompkins,2,408,5548,151962
9/25/2020,Tompkins,1,409,3228,155190
9/26/2020,Tompkins,4,413,2389,157579
9/27/2020,Tompkins,1,414,73,157652
9/28/2020,Tompkins,3,417,2631,160283
9/29/2020,Tompkins,4,421,8648,168931
9/30/2020,Tompkins,5,426,10801,179732
10/1/2020,Tompkins,6,432,10039,189771
10/2/2020,Tompkins,6,438,9108,198879
10/3/2020,Tompkins,7,445,10828,209707
10/4/2020,Tompkins,6,451,8669,218376
10/5/2020,Tompkins,4,455,4988,223364
10/6/2020,Tompkins,3,458,7336,230700
10/7/2020,Tompkins,7,465,10526,241226
10/8/2020,Tompkins,8,473,11929,253155
10/9/2020,Tompkins,3,476,11001,264156
10/10/2020,Tompkins,3,479,10409,274565
10/11/2020,Tompkins,2,481,8475,283040
10/12/2020,Tompkins,9,490,2785,285825
10/13/2020,Tompkins,17,507,13369,299194
10/14/2020,Tompkins,8,515,11718,310912
10/15/2020,Tompkins,8,523,8846,319758
10/16/2020,Tompkins,11,534,7652,327410
10/17/2020,Tompkins,6,540,11388,338798
10/18/2020,Tompkins,8,548,8303,347101
10/19/2020,Tompkins,8,556,5324,352425
10/20/2020,Tompkins,7,563,7827,360252
10/21/2020,Tompkins,16,579,11430,371682
10/22/2020,Tompkins,6,585,10011,381693
10/23/2020,Tompkins,8,593,11164,392857
10/24/2020,Tompkins,10,603,10288,403145
10/25/2020,Tompkins,3,606,8122,411267
10/26/2020,Tompkins,3,609,5741,417008
10/27/2020,Tompkins,10,619,8298,425306
10/28/2020,Tompkins,13,632,10597,435903
10/29/2020,Tompkins,7,639,10976,446879
10/30/2020,Tompkins,11,650,9041,455920
10/31/2020,Tompkins,6,656,10948,466868
11/1/2020,Tompkins,3,659,8383,475251
11/2/2020,Tompkins,1,660,5730,480981
11/3/2020,Tompkins,4,664,7999,488980
11/4/2020,Tompkins,11,675,9881,498861
11/5/2020,Tompkins,3,678,9864,508725
11/6/2020,Tompkins,12,690,10328,519053
11/7/2020,Tompkins,12,702,5610,524663
11/8/2020,Tompkins,5,707,8469,533132
11/9/2020,Tompkins,5,712,6862,539994
11/10/2020,Tompkins,22,734,6889,546883
11/11/2020,Tompkins,31,765,6779,553662
11/12/2020,Tompkins,21,786,19656,573318
11/13/2020,Tompkins,13,799,12369,585687
11/14/2020,Tompkins,7,806,1895,587582
3/1/2020,Ulster,0,0,0,0
3/2/2020,Ulster,0,0,0,0
3/3/2020,Ulster,0,0,0,0
3/4/2020,Ulster,0,0,0,0
3/5/2020,Ulster,0,0,1,1
3/6/2020,Ulster,0,0,0,1
3/7/2020,Ulster,0,0,0,1
3/8/2020,Ulster,1,1,1,2
3/9/2020,Ulster,0,1,0,2
3/10/2020,Ulster,0,1,2,4
3/11/2020,Ulster,1,2,1,5
3/12/2020,Ulster,3,5,6,11
3/13/2020,Ulster,0,5,3,14
3/14/2020,Ulster,0,5,30,44
3/15/2020,Ulster,2,7,16,60
3/16/2020,Ulster,1,8,12,72
3/17/2020,Ulster,1,9,15,87
3/18/2020,Ulster,1,10,41,128
3/19/2020,Ulster,2,12,62,190
3/20/2020,Ulster,6,18,70,260
3/21/2020,Ulster,8,26,145,405
3/22/2020,Ulster,9,35,54,459
3/23/2020,Ulster,12,47,117,576
3/24/2020,Ulster,18,65,81,657
3/25/2020,Ulster,13,78,71,728
3/26/2020,Ulster,21,99,83,811
3/27/2020,Ulster,29,128,124,935
3/28/2020,Ulster,18,146,82,1017
3/29/2020,Ulster,44,190,194,1211
3/30/2020,Ulster,21,211,123,1334
3/31/2020,Ulster,10,221,51,1385
4/1/2020,Ulster,19,240,118,1503
4/2/2020,Ulster,23,263,125,1628
4/3/2020,Ulster,27,290,141,1769
4/4/2020,Ulster,42,332,188,1957
4/5/2020,Ulster,40,372,182,2139
4/6/2020,Ulster,26,398,117,2256
4/7/2020,Ulster,24,422,108,2364
4/8/2020,Ulster,38,460,227,2591
4/9/2020,Ulster,70,530,436,3027
4/10/2020,Ulster,59,589,358,3385
4/11/2020,Ulster,23,612,239,3624
4/12/2020,Ulster,18,630,242,3866
4/13/2020,Ulster,60,690,424,4290
4/14/2020,Ulster,43,733,259,4549
4/15/2020,Ulster,28,761,189,4738
4/16/2020,Ulster,27,788,142,4880
4/17/2020,Ulster,32,820,239,5119
4/18/2020,Ulster,34,854,170,5289
4/19/2020,Ulster,23,877,167,5456
4/20/2020,Ulster,16,893,85,5541
4/21/2020,Ulster,20,913,110,5651
4/22/2020,Ulster,29,942,152,5803
4/23/2020,Ulster,34,976,208,6011
4/24/2020,Ulster,190,1166,928,6939
4/25/2020,Ulster,24,1190,207,7146
4/26/2020,Ulster,29,1219,198,7344
4/27/2020,Ulster,11,1230,94,7438
4/28/2020,Ulster,22,1252,335,7773
4/29/2020,Ulster,27,1279,309,8082
4/30/2020,Ulster,19,1298,336,8418
5/1/2020,Ulster,29,1327,362,8780
5/2/2020,Ulster,14,1341,256,9036
5/3/2020,Ulster,13,1354,198,9234
5/4/2020,Ulster,3,1357,104,9338
5/5/2020,Ulster,26,1383,272,9610
5/6/2020,Ulster,33,1416,298,9908
5/7/2020,Ulster,13,1429,276,10184
5/8/2020,Ulster,11,1440,195,10379
5/9/2020,Ulster,10,1450,210,10589
5/10/2020,Ulster,4,1454,135,10724
5/11/2020,Ulster,11,1465,96,10820
5/12/2020,Ulster,16,1481,314,11134
5/13/2020,Ulster,14,1495,536,11670
5/14/2020,Ulster,16,1511,431,12101
5/15/2020,Ulster,26,1537,398,12499
5/16/2020,Ulster,15,1552,345,12844
5/17/2020,Ulster,5,1557,227,13071
5/18/2020,Ulster,8,1565,177,13248
5/19/2020,Ulster,6,1571,284,13532
5/20/2020,Ulster,13,1584,799,14331
5/21/2020,Ulster,11,1595,552,14883
5/22/2020,Ulster,11,1606,418,15301
5/23/2020,Ulster,11,1617,470,15771
5/24/2020,Ulster,15,1632,590,16361
5/25/2020,Ulster,6,1638,162,16523
5/26/2020,Ulster,7,1645,355,16878
5/27/2020,Ulster,13,1658,556,17434
5/28/2020,Ulster,5,1663,683,18117
5/29/2020,Ulster,15,1678,746,18863
5/30/2020,Ulster,7,1685,529,19392
5/31/2020,Ulster,6,1691,538,19930
6/1/2020,Ulster,5,1696,327,20257
6/2/2020,Ulster,5,1701,504,20761
6/3/2020,Ulster,3,1704,617,21378
6/4/2020,Ulster,7,1711,1121,22499
6/5/2020,Ulster,3,1714,776,23275
6/6/2020,Ulster,4,1718,600,23875
6/7/2020,Ulster,3,1721,644,24519
6/8/2020,Ulster,3,1724,403,24922
6/9/2020,Ulster,2,1726,402,25324
6/10/2020,Ulster,3,1729,609,25933
6/11/2020,Ulster,5,1734,731,26664
6/12/2020,Ulster,5,1739,666,27330
6/13/2020,Ulster,2,1741,506,27836
6/14/2020,Ulster,0,1741,502,28338
6/15/2020,Ulster,1,1742,546,28884
6/16/2020,Ulster,2,1744,578,29462
6/17/2020,Ulster,2,1746,740,30202
6/18/2020,Ulster,3,1749,820,31022
6/19/2020,Ulster,1,1750,560,31582
6/20/2020,Ulster,4,1754,706,32288
6/21/2020,Ulster,2,1756,583,32871
6/22/2020,Ulster,1,1757,312,33183
6/23/2020,Ulster,3,1760,262,33445
6/24/2020,Ulster,5,1765,762,34207
6/25/2020,Ulster,3,1768,715,34922
6/26/2020,Ulster,5,1773,902,35824
6/27/2020,Ulster,5,1778,541,36365
6/28/2020,Ulster,0,1778,359,36724
6/29/2020,Ulster,3,1781,367,37091
6/30/2020,Ulster,1,1782,617,37708
7/1/2020,Ulster,8,1790,581,38289
7/2/2020,Ulster,25,1815,768,39057
7/3/2020,Ulster,10,1825,564,39621
7/4/2020,Ulster,9,1834,698,40319
7/5/2020,Ulster,6,1840,507,40826
7/6/2020,Ulster,3,1843,472,41298
7/7/2020,Ulster,2,1845,371,41669
7/8/2020,Ulster,6,1851,690,42359
7/9/2020,Ulster,2,1853,659,43018
7/10/2020,Ulster,2,1855,636,43654
7/11/2020,Ulster,4,1859,430,44084
7/12/2020,Ulster,3,1862,447,44531
7/13/2020,Ulster,10,1872,525,45056
7/14/2020,Ulster,16,1888,823,45879
7/15/2020,Ulster,6,1894,658,46537
7/16/2020,Ulster,4,1898,734,47271
7/17/2020,Ulster,2,1900,817,48088
7/18/2020,Ulster,1,1901,345,48433
7/19/2020,Ulster,0,1901,444,48877
7/20/2020,Ulster,5,1906,626,49503
7/21/2020,Ulster,3,1909,540,50043
7/22/2020,Ulster,2,1911,586,50629
7/23/2020,Ulster,1,1912,598,51227
7/24/2020,Ulster,4,1916,579,51806
7/25/2020,Ulster,9,1925,540,52346
7/26/2020,Ulster,1,1926,423,52769
7/27/2020,Ulster,16,1942,796,53565
7/28/2020,Ulster,31,1973,644,54209
7/29/2020,Ulster,37,2010,967,55176
7/30/2020,Ulster,11,2021,851,56027
7/31/2020,Ulster,5,2026,642,56669
8/1/2020,Ulster,2,2028,394,57063
8/2/2020,Ulster,3,2031,440,57503
8/3/2020,Ulster,8,2039,526,58029
8/4/2020,Ulster,0,2039,407,58436
8/5/2020,Ulster,6,2045,663,59099
8/6/2020,Ulster,4,2049,637,59736
8/7/2020,Ulster,8,2057,577,60313
8/8/2020,Ulster,5,2062,669,60982
8/9/2020,Ulster,10,2072,480,61462
8/10/2020,Ulster,4,2076,479,61941
8/11/2020,Ulster,1,2077,409,62350
8/12/2020,Ulster,4,2081,654,63004
8/13/2020,Ulster,5,2086,595,63599
8/14/2020,Ulster,3,2089,981,64580
8/15/2020,Ulster,6,2095,715,65295
8/16/2020,Ulster,3,2098,345,65640
8/17/2020,Ulster,2,2100,489,66129
8/18/2020,Ulster,6,2106,729,66858
8/19/2020,Ulster,7,2113,663,67521
8/20/2020,Ulster,2,2115,741,68262
8/21/2020,Ulster,11,2126,563,68825
8/22/2020,Ulster,1,2127,593,69418
8/23/2020,Ulster,7,2134,482,69900
8/24/2020,Ulster,3,2137,530,70430
8/25/2020,Ulster,4,2141,581,71011
8/26/2020,Ulster,11,2152,937,71948
8/27/2020,Ulster,3,2155,692,72640
8/28/2020,Ulster,7,2162,899,73539
8/29/2020,Ulster,6,2168,973,74512
8/30/2020,Ulster,7,2175,608,75120
8/31/2020,Ulster,1,2176,619,75739
9/1/2020,Ulster,2,2178,865,76604
9/2/2020,Ulster,12,2190,1057,77661
9/3/2020,Ulster,6,2196,679,78340
9/4/2020,Ulster,3,2199,722,79062
9/5/2020,Ulster,2,2201,762,79824
9/6/2020,Ulster,2,2203,534,80358
9/7/2020,Ulster,0,2203,292,80650
9/8/2020,Ulster,0,2203,469,81119
9/9/2020,Ulster,1,2204,529,81648
9/10/2020,Ulster,5,2209,811,82459
9/11/2020,Ulster,6,2215,677,83136
9/12/2020,Ulster,3,2218,730,83866
9/13/2020,Ulster,1,2219,487,84353
9/14/2020,Ulster,6,2225,453,84806
9/15/2020,Ulster,4,2229,481,85287
9/16/2020,Ulster,2,2231,661,85948
9/17/2020,Ulster,4,2235,597,86545
9/18/2020,Ulster,4,2239,729,87274
9/19/2020,Ulster,3,2242,677,87951
9/20/2020,Ulster,0,2242,445,88396
9/21/2020,Ulster,2,2244,500,88896
9/22/2020,Ulster,0,2244,426,89322
9/23/2020,Ulster,10,2254,708,90030
9/24/2020,Ulster,1,2255,632,90662
9/25/2020,Ulster,1,2256,810,91472
9/26/2020,Ulster,4,2260,631,92103
9/27/2020,Ulster,4,2264,406,92509
9/28/2020,Ulster,8,2272,837,93346
9/29/2020,Ulster,8,2280,516,93862
9/30/2020,Ulster,2,2282,839,94701
10/1/2020,Ulster,11,2293,867,95568
10/2/2020,Ulster,10,2303,720,96288
10/3/2020,Ulster,12,2315,975,97263
10/4/2020,Ulster,9,2324,512,97775
10/5/2020,Ulster,5,2329,508,98283
10/6/2020,Ulster,6,2335,840,99123
10/7/2020,Ulster,8,2343,1182,100305
10/8/2020,Ulster,6,2349,1100,101405
10/9/2020,Ulster,6,2355,919,102324
10/10/2020,Ulster,3,2358,1077,103401
10/11/2020,Ulster,8,2366,985,104386
10/12/2020,Ulster,11,2377,537,104923
10/13/2020,Ulster,9,2386,612,105535
10/14/2020,Ulster,6,2392,1140,106675
10/15/2020,Ulster,3,2395,921,107596
10/16/2020,Ulster,7,2402,1242,108838
10/17/2020,Ulster,9,2411,896,109734
10/18/2020,Ulster,4,2415,979,110713
10/19/2020,Ulster,4,2419,773,111486
10/20/2020,Ulster,9,2428,502,111988
10/21/2020,Ulster,8,2436,996,112984
10/22/2020,Ulster,14,2450,947,113931
10/23/2020,Ulster,9,2459,963,114894
10/24/2020,Ulster,12,2471,781,115675
10/25/2020,Ulster,29,2500,545,116220
10/26/2020,Ulster,15,2515,1100,117320
10/27/2020,Ulster,3,2518,583,117903
10/28/2020,Ulster,13,2531,1156,119059
10/29/2020,Ulster,7,2538,836,119895
10/30/2020,Ulster,9,2547,1054,120949
10/31/2020,Ulster,9,2556,1277,122226
11/1/2020,Ulster,3,2559,844,123070
11/2/2020,Ulster,9,2568,782,123852
11/3/2020,Ulster,7,2575,782,124634
11/4/2020,Ulster,13,2588,960,125594
11/5/2020,Ulster,11,2599,1074,126668
11/6/2020,Ulster,8,2607,866,127534
11/7/2020,Ulster,19,2626,1632,129166
11/8/2020,Ulster,21,2647,1262,130428
11/9/2020,Ulster,23,2670,1130,131558
11/10/2020,Ulster,24,2694,1192,132750
11/11/2020,Ulster,23,2717,1191,133941
11/12/2020,Ulster,21,2738,1167,135108
11/13/2020,Ulster,30,2768,1752,136860
11/14/2020,Ulster,20,2788,724,137584
3/1/2020,Warren,0,0,0,0
3/2/2020,Warren,0,0,0,0
3/3/2020,Warren,0,0,0,0
3/4/2020,Warren,0,0,0,0
3/5/2020,Warren,0,0,0,0
3/6/2020,Warren,0,0,0,0
3/7/2020,Warren,0,0,1,1
3/8/2020,Warren,0,0,0,1
3/9/2020,Warren,0,0,0,1
3/10/2020,Warren,0,0,2,3
3/11/2020,Warren,0,0,1,4
3/12/2020,Warren,0,0,0,4
3/13/2020,Warren,0,0,2,6
3/14/2020,Warren,0,0,13,19
3/15/2020,Warren,0,0,12,31
3/16/2020,Warren,0,0,14,45
3/17/2020,Warren,1,1,16,61
3/18/2020,Warren,0,1,8,69
3/19/2020,Warren,0,1,17,86
3/20/2020,Warren,0,1,31,117
3/21/2020,Warren,0,1,28,145
3/22/2020,Warren,1,2,81,226
3/23/2020,Warren,0,2,8,234
3/24/2020,Warren,0,2,52,286
3/25/2020,Warren,0,2,16,302
3/26/2020,Warren,6,8,54,356
3/27/2020,Warren,5,13,59,415
3/28/2020,Warren,5,18,38,453
3/29/2020,Warren,0,18,3,456
3/30/2020,Warren,0,18,6,462
3/31/2020,Warren,0,18,7,469
4/1/2020,Warren,0,18,9,478
4/2/2020,Warren,1,19,11,489
4/3/2020,Warren,1,20,7,496
4/4/2020,Warren,5,25,13,509
4/5/2020,Warren,1,26,12,521
4/6/2020,Warren,5,31,15,536
4/7/2020,Warren,2,33,14,550
4/8/2020,Warren,7,40,31,581
4/9/2020,Warren,3,43,21,602
4/10/2020,Warren,1,44,17,619
4/11/2020,Warren,2,46,20,639
4/12/2020,Warren,2,48,18,657
4/13/2020,Warren,29,77,67,724
4/14/2020,Warren,0,77,7,731
4/15/2020,Warren,4,81,35,766
4/16/2020,Warren,10,91,41,807
4/17/2020,Warren,3,94,38,845
4/18/2020,Warren,2,96,27,872
4/19/2020,Warren,5,101,20,892
4/20/2020,Warren,1,102,13,905
4/21/2020,Warren,6,108,33,938
4/22/2020,Warren,11,119,40,978
4/23/2020,Warren,3,122,38,1016
4/24/2020,Warren,10,132,94,1110
4/25/2020,Warren,3,135,61,1171
4/26/2020,Warren,12,147,60,1231
4/27/2020,Warren,3,150,25,1256
4/28/2020,Warren,2,152,12,1268
4/29/2020,Warren,24,176,105,1373
4/30/2020,Warren,6,182,94,1467
5/1/2020,Warren,3,185,66,1533
5/2/2020,Warren,3,188,43,1576
5/3/2020,Warren,4,192,53,1629
5/4/2020,Warren,0,192,34,1663
5/5/2020,Warren,1,193,22,1685
5/6/2020,Warren,0,193,44,1729
5/7/2020,Warren,6,199,72,1801
5/8/2020,Warren,3,202,97,1898
5/9/2020,Warren,5,207,149,2047
5/10/2020,Warren,10,217,90,2137
5/11/2020,Warren,4,221,40,2177
5/12/2020,Warren,2,223,127,2304
5/13/2020,Warren,4,227,192,2496
5/14/2020,Warren,1,228,137,2633
5/15/2020,Warren,0,228,116,2749
5/16/2020,Warren,4,232,205,2954
5/17/2020,Warren,2,234,130,3084
5/18/2020,Warren,1,235,52,3136
5/19/2020,Warren,0,235,102,3238
5/20/2020,Warren,6,241,213,3451
5/21/2020,Warren,5,246,234,3685
5/22/2020,Warren,3,249,114,3799
5/23/2020,Warren,1,250,159,3958
5/24/2020,Warren,1,251,65,4023
5/25/2020,Warren,0,251,56,4079
5/26/2020,Warren,1,252,111,4190
5/27/2020,Warren,1,253,116,4306
5/28/2020,Warren,1,254,205,4511
5/29/2020,Warren,1,255,235,4746
5/30/2020,Warren,0,255,255,5001
5/31/2020,Warren,0,255,112,5113
6/1/2020,Warren,0,255,139,5252
6/2/2020,Warren,1,256,156,5408
6/3/2020,Warren,0,256,344,5752
6/4/2020,Warren,0,256,235,5987
6/5/2020,Warren,1,257,137,6124
6/6/2020,Warren,0,257,256,6380
6/7/2020,Warren,0,257,204,6584
6/8/2020,Warren,0,257,12,6596
6/9/2020,Warren,0,257,189,6785
6/10/2020,Warren,0,257,234,7019
6/11/2020,Warren,0,257,344,7363
6/12/2020,Warren,0,257,135,7498
6/13/2020,Warren,0,257,86,7584
6/14/2020,Warren,0,257,195,7779
6/15/2020,Warren,0,257,62,7841
6/16/2020,Warren,0,257,177,8018
6/17/2020,Warren,1,258,225,8243
6/18/2020,Warren,3,261,193,8436
6/19/2020,Warren,0,261,175,8611
6/20/2020,Warren,0,261,155,8766
6/21/2020,Warren,1,262,141,8907
6/22/2020,Warren,0,262,62,8969
6/23/2020,Warren,0,262,177,9146
6/24/2020,Warren,1,263,138,9284
6/25/2020,Warren,0,263,101,9385
6/26/2020,Warren,0,263,210,9595
6/27/2020,Warren,0,263,153,9748
6/28/2020,Warren,0,263,144,9892
6/29/2020,Warren,0,263,51,9943
6/30/2020,Warren,0,263,137,10080
7/1/2020,Warren,1,264,174,10254
7/2/2020,Warren,2,266,117,10371
7/3/2020,Warren,2,268,134,10505
7/4/2020,Warren,1,269,131,10636
7/5/2020,Warren,3,272,164,10800
7/6/2020,Warren,1,273,62,10862
7/7/2020,Warren,0,273,193,11055
7/8/2020,Warren,0,273,133,11188
7/9/2020,Warren,1,274,247,11435
7/10/2020,Warren,0,274,157,11592
7/11/2020,Warren,3,277,264,11856
7/12/2020,Warren,3,280,219,12075
7/13/2020,Warren,0,280,77,12152
7/14/2020,Warren,4,284,194,12346
7/15/2020,Warren,1,285,85,12431
7/16/2020,Warren,1,286,220,12651
7/17/2020,Warren,0,286,302,12953
7/18/2020,Warren,1,287,192,13145
7/19/2020,Warren,0,287,135,13280
7/20/2020,Warren,1,288,199,13479
7/21/2020,Warren,0,288,265,13744
7/22/2020,Warren,2,290,215,13959
7/23/2020,Warren,2,292,234,14193
7/24/2020,Warren,1,293,340,14533
7/25/2020,Warren,1,294,375,14908
7/26/2020,Warren,0,294,268,15176
7/27/2020,Warren,4,298,141,15317
7/28/2020,Warren,0,298,166,15483
7/29/2020,Warren,0,298,129,15612
7/30/2020,Warren,2,300,228,15840
7/31/2020,Warren,0,300,238,16078
8/1/2020,Warren,0,300,159,16237
8/2/2020,Warren,0,300,151,16388
8/3/2020,Warren,2,302,353,16741
8/4/2020,Warren,2,304,201,16942
8/5/2020,Warren,0,304,108,17050
8/6/2020,Warren,3,307,270,17320
8/7/2020,Warren,1,308,150,17470
8/8/2020,Warren,0,308,211,17681
8/9/2020,Warren,4,312,206,17887
8/10/2020,Warren,0,312,148,18035
8/11/2020,Warren,0,312,155,18190
8/12/2020,Warren,0,312,322,18512
8/13/2020,Warren,0,312,301,18813
8/14/2020,Warren,0,312,283,19096
8/15/2020,Warren,0,312,223,19319
8/16/2020,Warren,0,312,188,19507
8/17/2020,Warren,1,313,209,19716
8/18/2020,Warren,0,313,135,19851
8/19/2020,Warren,0,313,174,20025
8/20/2020,Warren,1,314,202,20227
8/21/2020,Warren,1,315,260,20487
8/22/2020,Warren,0,315,192,20679
8/23/2020,Warren,0,315,147,20826
8/24/2020,Warren,1,316,163,20989
8/25/2020,Warren,0,316,95,21084
8/26/2020,Warren,2,318,172,21256
8/27/2020,Warren,2,320,180,21436
8/28/2020,Warren,1,321,353,21789
8/29/2020,Warren,0,321,155,21944
8/30/2020,Warren,0,321,144,22088
8/31/2020,Warren,1,322,158,22246
9/1/2020,Warren,0,322,281,22527
9/2/2020,Warren,1,323,164,22691
9/3/2020,Warren,1,324,190,22881
9/4/2020,Warren,1,325,134,23015
9/5/2020,Warren,1,326,199,23214
9/6/2020,Warren,0,326,115,23329
9/7/2020,Warren,5,331,203,23532
9/8/2020,Warren,0,331,203,23735
9/9/2020,Warren,1,332,131,23866
9/10/2020,Warren,9,341,274,24140
9/11/2020,Warren,7,348,244,24384
9/12/2020,Warren,0,348,230,24614
9/13/2020,Warren,0,348,188,24802
9/14/2020,Warren,0,348,105,24907
9/15/2020,Warren,3,351,174,25081
9/16/2020,Warren,1,352,177,25258
9/17/2020,Warren,2,354,230,25488
9/18/2020,Warren,2,356,221,25709
9/19/2020,Warren,4,360,314,26023
9/20/2020,Warren,3,363,196,26219
9/21/2020,Warren,0,363,547,26766
9/22/2020,Warren,3,366,258,27024
9/23/2020,Warren,3,369,278,27302
9/24/2020,Warren,2,371,322,27624
9/25/2020,Warren,6,377,284,27908
9/26/2020,Warren,4,381,453,28361
9/27/2020,Warren,2,383,206,28567
9/28/2020,Warren,3,386,232,28799
9/29/2020,Warren,5,391,283,29082
9/30/2020,Warren,0,391,344,29426
10/1/2020,Warren,4,395,278,29704
10/2/2020,Warren,12,407,519,30223
10/3/2020,Warren,6,413,269,30492
10/4/2020,Warren,3,416,182,30674
10/5/2020,Warren,3,419,296,30970
10/6/2020,Warren,6,425,411,31381
10/7/2020,Warren,2,427,356,31737
10/8/2020,Warren,2,429,463,32200
10/9/2020,Warren,0,429,361,32561
10/10/2020,Warren,0,429,542,33103
10/11/2020,Warren,1,430,234,33337
10/12/2020,Warren,1,431,332,33669
10/13/2020,Warren,1,432,223,33892
10/14/2020,Warren,2,434,334,34226
10/15/2020,Warren,3,437,358,34584
10/16/2020,Warren,0,437,443,35027
10/17/2020,Warren,1,438,280,35307
10/18/2020,Warren,0,438,293,35600
10/19/2020,Warren,1,439,276,35876
10/20/2020,Warren,2,441,204,36080
10/21/2020,Warren,3,444,393,36473
10/22/2020,Warren,1,445,355,36828
10/23/2020,Warren,3,448,612,37440
10/24/2020,Warren,2,450,263,37703
10/25/2020,Warren,2,452,229,37932
10/26/2020,Warren,5,457,359,38291
10/27/2020,Warren,2,459,285,38576
10/28/2020,Warren,2,461,278,38854
10/29/2020,Warren,0,461,379,39233
10/30/2020,Warren,6,467,490,39723
10/31/2020,Warren,1,468,348,40071
11/1/2020,Warren,1,469,222,40293
11/2/2020,Warren,1,470,291,40584
11/3/2020,Warren,1,471,264,40848
11/4/2020,Warren,3,474,409,41257
11/5/2020,Warren,1,475,276,41533
11/6/2020,Warren,5,480,344,41877
11/7/2020,Warren,3,483,487,42364
11/8/2020,Warren,2,485,139,42503
11/9/2020,Warren,2,487,392,42895
11/10/2020,Warren,6,493,484,43379
11/11/2020,Warren,2,495,279,43658
11/12/2020,Warren,8,503,440,44098
11/13/2020,Warren,4,507,521,44619
11/14/2020,Warren,0,507,207,44826
3/1/2020,Washington,0,0,0,0
3/2/2020,Washington,0,0,0,0
3/3/2020,Washington,0,0,0,0
3/4/2020,Washington,0,0,0,0
3/5/2020,Washington,0,0,0,0
3/6/2020,Washington,0,0,0,0
3/7/2020,Washington,0,0,0,0
3/8/2020,Washington,0,0,2,2
3/9/2020,Washington,0,0,0,2
3/10/2020,Washington,0,0,1,3
3/11/2020,Washington,0,0,4,7
3/12/2020,Washington,0,0,0,7
3/13/2020,Washington,0,0,1,8
3/14/2020,Washington,0,0,1,9
3/15/2020,Washington,0,0,5,14
3/16/2020,Washington,0,0,4,18
3/17/2020,Washington,1,1,9,27
3/18/2020,Washington,0,1,5,32
3/19/2020,Washington,0,1,8,40
3/20/2020,Washington,0,1,10,50
3/21/2020,Washington,0,1,18,68
3/22/2020,Washington,2,3,52,120
3/23/2020,Washington,0,3,7,127
3/24/2020,Washington,1,4,25,152
3/25/2020,Washington,0,4,18,170
3/26/2020,Washington,2,6,19,189
3/27/2020,Washington,0,6,40,229
3/28/2020,Washington,1,7,20,249
3/29/2020,Washington,0,7,10,259
3/30/2020,Washington,3,10,7,266
3/31/2020,Washington,0,10,5,271
4/1/2020,Washington,2,12,9,280
4/2/2020,Washington,3,15,13,293
4/3/2020,Washington,1,16,9,302
4/4/2020,Washington,2,18,15,317
4/5/2020,Washington,1,19,2,319
4/6/2020,Washington,0,19,13,332
4/7/2020,Washington,1,20,27,359
4/8/2020,Washington,5,25,24,383
4/9/2020,Washington,1,26,14,397
4/10/2020,Washington,5,31,16,413
4/11/2020,Washington,3,34,18,431
4/12/2020,Washington,3,37,15,446
4/13/2020,Washington,3,40,36,482
4/14/2020,Washington,2,42,8,490
4/15/2020,Washington,4,46,24,514
4/16/2020,Washington,2,48,19,533
4/17/2020,Washington,4,52,25,558
4/18/2020,Washington,11,63,35,593
4/19/2020,Washington,2,65,9,602
4/20/2020,Washington,3,68,12,614
4/21/2020,Washington,5,73,17,631
4/22/2020,Washington,7,80,36,667
4/23/2020,Washington,3,83,26,693
4/24/2020,Washington,30,113,134,827
4/25/2020,Washington,14,127,51,878
4/26/2020,Washington,3,130,37,915
4/27/2020,Washington,1,131,13,928
4/28/2020,Washington,3,134,19,947
4/29/2020,Washington,14,148,58,1005
4/30/2020,Washington,22,170,88,1093
5/1/2020,Washington,14,184,63,1156
5/2/2020,Washington,2,186,63,1219
5/3/2020,Washington,2,188,31,1250
5/4/2020,Washington,0,188,22,1272
5/5/2020,Washington,1,189,25,1297
5/6/2020,Washington,1,190,20,1317
5/7/2020,Washington,11,201,106,1423
5/8/2020,Washington,3,204,86,1509
5/9/2020,Washington,2,206,60,1569
5/10/2020,Washington,4,210,39,1608
5/11/2020,Washington,0,210,24,1632
5/12/2020,Washington,4,214,66,1698
5/13/2020,Washington,1,215,77,1775
5/14/2020,Washington,2,217,65,1840
5/15/2020,Washington,1,218,75,1915
5/16/2020,Washington,1,219,70,1985
5/17/2020,Washington,0,219,47,2032
5/18/2020,Washington,1,220,41,2073
5/19/2020,Washington,1,221,66,2139
5/20/2020,Washington,1,222,87,2226
5/21/2020,Washington,2,224,100,2326
5/22/2020,Washington,1,225,70,2396
5/23/2020,Washington,1,226,213,2609
5/24/2020,Washington,2,228,51,2660
5/25/2020,Washington,0,228,106,2766
5/26/2020,Washington,0,228,107,2873
5/27/2020,Washington,3,231,293,3166
5/28/2020,Washington,1,232,340,3506
5/29/2020,Washington,3,235,240,3746
5/30/2020,Washington,0,235,222,3968
5/31/2020,Washington,0,235,99,4067
6/1/2020,Washington,2,237,81,4148
6/2/2020,Washington,1,238,270,4418
6/3/2020,Washington,0,238,354,4772
6/4/2020,Washington,2,240,158,4930
6/5/2020,Washington,0,240,254,5184
6/6/2020,Washington,0,240,243,5427
6/7/2020,Washington,0,240,211,5638
6/8/2020,Washington,0,240,32,5670
6/9/2020,Washington,0,240,260,5930
6/10/2020,Washington,1,241,230,6160
6/11/2020,Washington,1,242,368,6528
6/12/2020,Washington,0,242,238,6766
6/13/2020,Washington,1,243,99,6865
6/14/2020,Washington,0,243,185,7050
6/15/2020,Washington,0,243,67,7117
6/16/2020,Washington,0,243,164,7281
6/17/2020,Washington,0,243,171,7452
6/18/2020,Washington,0,243,148,7600
6/19/2020,Washington,1,244,206,7806
6/20/2020,Washington,0,244,121,7927
6/21/2020,Washington,0,244,118,8045
6/22/2020,Washington,0,244,35,8080
6/23/2020,Washington,0,244,239,8319
6/24/2020,Washington,1,245,185,8504
6/25/2020,Washington,0,245,109,8613
6/26/2020,Washington,0,245,213,8826
6/27/2020,Washington,1,246,193,9019
6/28/2020,Washington,0,246,157,9176
6/29/2020,Washington,0,246,50,9226
6/30/2020,Washington,0,246,172,9398
7/1/2020,Washington,0,246,156,9554
7/2/2020,Washington,0,246,86,9640
7/3/2020,Washington,0,246,192,9832
7/4/2020,Washington,0,246,79,9911
7/5/2020,Washington,1,247,206,10117
7/6/2020,Washington,0,247,55,10172
7/7/2020,Washington,0,247,196,10368
7/8/2020,Washington,1,248,160,10528
7/9/2020,Washington,1,249,242,10770
7/10/2020,Washington,0,249,176,10946
7/11/2020,Washington,0,249,153,11099
7/12/2020,Washington,0,249,148,11247
7/13/2020,Washington,1,250,111,11358
7/14/2020,Washington,0,250,178,11536
7/15/2020,Washington,0,250,95,11631
7/16/2020,Washington,0,250,196,11827
7/17/2020,Washington,0,250,247,12074
7/18/2020,Washington,0,250,135,12209
7/19/2020,Washington,0,250,115,12324
7/20/2020,Washington,0,250,140,12464
7/21/2020,Washington,1,251,329,12793
7/22/2020,Washington,1,252,250,13043
7/23/2020,Washington,0,252,219,13262
7/24/2020,Washington,0,252,275,13537
7/25/2020,Washington,1,253,300,13837
7/26/2020,Washington,1,254,271,14108
7/27/2020,Washington,0,254,96,14204
7/28/2020,Washington,0,254,142,14346
7/29/2020,Washington,0,254,144,14490
7/30/2020,Washington,0,254,249,14739
7/31/2020,Washington,1,255,261,15000
8/1/2020,Washington,0,255,96,15096
8/2/2020,Washington,0,255,106,15202
8/3/2020,Washington,0,255,211,15413
8/4/2020,Washington,0,255,90,15503
8/5/2020,Washington,1,256,74,15577
8/6/2020,Washington,0,256,260,15837
8/7/2020,Washington,1,257,84,15921
8/8/2020,Washington,2,259,105,16026
8/9/2020,Washington,1,260,122,16148
8/10/2020,Washington,0,260,145,16293
8/11/2020,Washington,0,260,200,16493
8/12/2020,Washington,0,260,239,16732
8/13/2020,Washington,0,260,224,16956
8/14/2020,Washington,1,261,242,17198
8/15/2020,Washington,0,261,202,17400
8/16/2020,Washington,0,261,144,17544
8/17/2020,Washington,1,262,180,17724
8/18/2020,Washington,0,262,140,17864
8/19/2020,Washington,2,264,183,18047
8/20/2020,Washington,0,264,260,18307
8/21/2020,Washington,2,266,275,18582
8/22/2020,Washington,0,266,235,18817
8/23/2020,Washington,0,266,168,18985
8/24/2020,Washington,0,266,194,19179
8/25/2020,Washington,0,266,119,19298
8/26/2020,Washington,0,266,164,19462
8/27/2020,Washington,1,267,137,19599
8/28/2020,Washington,0,267,257,19856
8/29/2020,Washington,0,267,204,20060
8/30/2020,Washington,0,267,122,20182
8/31/2020,Washington,1,268,111,20293
9/1/2020,Washington,0,268,408,20701
9/2/2020,Washington,0,268,176,20877
9/3/2020,Washington,1,269,189,21066
9/4/2020,Washington,0,269,138,21204
9/5/2020,Washington,1,270,173,21377
9/6/2020,Washington,0,270,117,21494
9/7/2020,Washington,1,271,105,21599
9/8/2020,Washington,1,272,321,21920
9/9/2020,Washington,0,272,92,22012
9/10/2020,Washington,3,275,246,22258
9/11/2020,Washington,8,283,230,22488
9/12/2020,Washington,1,284,149,22637
9/13/2020,Washington,0,284,184,22821
9/14/2020,Washington,0,284,117,22938
9/15/2020,Washington,2,286,249,23187
9/16/2020,Washington,1,287,191,23378
9/17/2020,Washington,0,287,210,23588
9/18/2020,Washington,0,287,185,23773
9/19/2020,Washington,0,287,214,23987
9/20/2020,Washington,0,287,110,24097
9/21/2020,Washington,1,288,356,24453
9/22/2020,Washington,1,289,193,24646
9/23/2020,Washington,5,294,295,24941
9/24/2020,Washington,0,294,215,25156
9/25/2020,Washington,2,296,311,25467
9/26/2020,Washington,0,296,274,25741
9/27/2020,Washington,3,299,165,25906
9/28/2020,Washington,2,301,313,26219
9/29/2020,Washington,1,302,243,26462
9/30/2020,Washington,0,302,335,26797
10/1/2020,Washington,3,305,248,27045
10/2/2020,Washington,2,307,345,27390
10/3/2020,Washington,0,307,387,27777
10/4/2020,Washington,0,307,128,27905
10/5/2020,Washington,3,310,324,28229
10/6/2020,Washington,1,311,226,28455
10/7/2020,Washington,3,314,271,28726
10/8/2020,Washington,3,317,423,29149
10/9/2020,Washington,0,317,256,29405
10/10/2020,Washington,0,317,294,29699
10/11/2020,Washington,1,318,168,29867
10/12/2020,Washington,1,319,388,30255
10/13/2020,Washington,3,322,184,30439
10/14/2020,Washington,2,324,301,30740
10/15/2020,Washington,1,325,485,31225
10/16/2020,Washington,1,326,329,31554
10/17/2020,Washington,0,326,248,31802
10/18/2020,Washington,0,326,172,31974
10/19/2020,Washington,0,326,283,32257
10/20/2020,Washington,0,326,193,32450
10/21/2020,Washington,0,326,271,32721
10/22/2020,Washington,1,327,286,33007
10/23/2020,Washington,3,330,375,33382
10/24/2020,Washington,2,332,301,33683
10/25/2020,Washington,2,334,174,33857
10/26/2020,Washington,1,335,345,34202
10/27/2020,Washington,1,336,167,34369
10/28/2020,Washington,2,338,244,34613
10/29/2020,Washington,2,340,313,34926
10/30/2020,Washington,7,347,349,35275
10/31/2020,Washington,3,350,306,35581
11/1/2020,Washington,3,353,189,35770
11/2/2020,Washington,3,356,320,36090
11/3/2020,Washington,2,358,400,36490
11/4/2020,Washington,3,361,487,36977
11/5/2020,Washington,16,377,484,37461
11/6/2020,Washington,3,380,652,38113
11/7/2020,Washington,0,380,600,38713
11/8/2020,Washington,2,382,125,38838
11/9/2020,Washington,2,384,541,39379
11/10/2020,Washington,6,390,809,40188
11/11/2020,Washington,0,390,503,40691
11/12/2020,Washington,5,395,310,41001
11/13/2020,Washington,5,400,255,41256
11/14/2020,Washington,3,403,169,41425
3/1/2020,Wayne,0,0,0,0
3/2/2020,Wayne,0,0,0,0
3/3/2020,Wayne,0,0,0,0
3/4/2020,Wayne,0,0,0,0
3/5/2020,Wayne,0,0,0,0
3/6/2020,Wayne,0,0,0,0
3/7/2020,Wayne,0,0,0,0
3/8/2020,Wayne,0,0,0,0
3/9/2020,Wayne,0,0,0,0
3/10/2020,Wayne,0,0,0,0
3/11/2020,Wayne,0,0,0,0
3/12/2020,Wayne,0,0,0,0
3/13/2020,Wayne,0,0,2,2
3/14/2020,Wayne,0,0,1,3
3/15/2020,Wayne,0,0,3,6
3/16/2020,Wayne,0,0,3,9
3/17/2020,Wayne,0,0,10,19
3/18/2020,Wayne,1,1,15,34
3/19/2020,Wayne,0,1,21,55
3/20/2020,Wayne,2,3,13,68
3/21/2020,Wayne,0,3,9,77
3/22/2020,Wayne,3,6,14,91
3/23/2020,Wayne,0,6,17,108
3/24/2020,Wayne,1,7,15,123
3/25/2020,Wayne,1,8,37,160
3/26/2020,Wayne,3,11,27,187
3/27/2020,Wayne,1,12,32,219
3/28/2020,Wayne,0,12,13,232
3/29/2020,Wayne,3,15,24,256
3/30/2020,Wayne,4,19,28,284
3/31/2020,Wayne,5,24,33,317
4/1/2020,Wayne,3,27,28,345
4/2/2020,Wayne,3,30,28,373
4/3/2020,Wayne,0,30,35,408
4/4/2020,Wayne,2,32,24,432
4/5/2020,Wayne,2,34,15,447
4/6/2020,Wayne,1,35,31,478
4/7/2020,Wayne,4,39,46,524
4/8/2020,Wayne,0,39,34,558
4/9/2020,Wayne,2,41,34,592
4/10/2020,Wayne,1,42,17,609
4/11/2020,Wayne,0,42,7,616
4/12/2020,Wayne,0,42,8,624
4/13/2020,Wayne,6,48,39,663
4/14/2020,Wayne,0,48,20,683
4/15/2020,Wayne,1,49,12,695
4/16/2020,Wayne,0,49,7,702
4/17/2020,Wayne,0,49,7,709
4/18/2020,Wayne,1,50,6,715
4/19/2020,Wayne,0,50,2,717
4/20/2020,Wayne,1,51,8,725
4/21/2020,Wayne,1,52,16,741
4/22/2020,Wayne,1,53,13,754
4/23/2020,Wayne,0,53,12,766
4/24/2020,Wayne,12,65,257,1023
4/25/2020,Wayne,0,65,36,1059
4/26/2020,Wayne,4,69,28,1087
4/27/2020,Wayne,1,70,53,1140
4/28/2020,Wayne,0,70,45,1185
4/29/2020,Wayne,1,71,54,1239
4/30/2020,Wayne,0,71,56,1295
5/1/2020,Wayne,2,73,43,1338
5/2/2020,Wayne,2,75,86,1424
5/3/2020,Wayne,1,76,88,1512
5/4/2020,Wayne,2,78,66,1578
5/5/2020,Wayne,0,78,93,1671
5/6/2020,Wayne,0,78,93,1764
5/7/2020,Wayne,1,79,95,1859
5/8/2020,Wayne,0,79,63,1922
5/9/2020,Wayne,1,80,101,2023
5/10/2020,Wayne,1,81,72,2095
5/11/2020,Wayne,2,83,64,2159
5/12/2020,Wayne,1,84,168,2327
5/13/2020,Wayne,5,89,120,2447
5/14/2020,Wayne,2,91,110,2557
5/15/2020,Wayne,1,92,86,2643
5/16/2020,Wayne,4,96,118,2761
5/17/2020,Wayne,1,97,114,2875
5/18/2020,Wayne,1,98,128,3003
5/19/2020,Wayne,5,103,187,3190
5/20/2020,Wayne,0,103,155,3345
5/21/2020,Wayne,1,104,104,3449
5/22/2020,Wayne,3,107,163,3612
5/23/2020,Wayne,1,108,107,3719
5/24/2020,Wayne,1,109,106,3825
5/25/2020,Wayne,1,110,170,3995
5/26/2020,Wayne,0,110,339,4334
5/27/2020,Wayne,2,112,303,4637
5/28/2020,Wayne,1,113,290,4927
5/29/2020,Wayne,0,113,299,5226
5/30/2020,Wayne,2,115,284,5510
5/31/2020,Wayne,1,116,228,5738
6/1/2020,Wayne,0,116,216,5954
6/2/2020,Wayne,4,120,396,6350
6/3/2020,Wayne,1,121,468,6818
6/4/2020,Wayne,1,122,323,7141
6/5/2020,Wayne,1,123,409,7550
6/6/2020,Wayne,1,124,362,7912
6/7/2020,Wayne,1,125,322,8234
6/8/2020,Wayne,1,126,362,8596
6/9/2020,Wayne,0,126,388,8984
6/10/2020,Wayne,1,127,509,9493
6/11/2020,Wayne,2,129,460,9953
6/12/2020,Wayne,2,131,348,10301
6/13/2020,Wayne,2,133,363,10664
6/14/2020,Wayne,0,133,160,10824
6/15/2020,Wayne,1,134,456,11280
6/16/2020,Wayne,3,137,298,11578
6/17/2020,Wayne,2,139,184,11762
6/18/2020,Wayne,2,141,224,11986
6/19/2020,Wayne,2,143,280,12266
6/20/2020,Wayne,0,143,249,12515
6/21/2020,Wayne,0,143,239,12754
6/22/2020,Wayne,2,145,297,13051
6/23/2020,Wayne,5,150,305,13356
6/24/2020,Wayne,4,154,227,13583
6/25/2020,Wayne,5,159,171,13754
6/26/2020,Wayne,2,161,280,14034
6/27/2020,Wayne,1,162,246,14280
6/28/2020,Wayne,3,165,276,14556
6/29/2020,Wayne,5,170,334,14890
6/30/2020,Wayne,4,174,230,15120
7/1/2020,Wayne,2,176,298,15418
7/2/2020,Wayne,5,181,234,15652
7/3/2020,Wayne,2,183,269,15921
7/4/2020,Wayne,2,185,357,16278
7/5/2020,Wayne,1,186,259,16537
7/6/2020,Wayne,5,191,466,17003
7/7/2020,Wayne,2,193,270,17273
7/8/2020,Wayne,2,195,352,17625
7/9/2020,Wayne,6,201,354,17979
7/10/2020,Wayne,2,203,233,18212
7/11/2020,Wayne,2,205,325,18537
7/12/2020,Wayne,4,209,290,18827
7/13/2020,Wayne,5,214,285,19112
7/14/2020,Wayne,7,221,268,19380
7/15/2020,Wayne,2,223,370,19750
7/16/2020,Wayne,0,223,334,20084
7/17/2020,Wayne,2,225,430,20514
7/18/2020,Wayne,2,227,234,20748
7/19/2020,Wayne,1,228,274,21022
7/20/2020,Wayne,4,232,385,21407
7/21/2020,Wayne,4,236,343,21750
7/22/2020,Wayne,2,238,284,22034
7/23/2020,Wayne,1,239,414,22448
7/24/2020,Wayne,1,240,373,22821
7/25/2020,Wayne,1,241,363,23184
7/26/2020,Wayne,2,243,272,23456
7/27/2020,Wayne,0,243,356,23812
7/28/2020,Wayne,0,243,417,24229
7/29/2020,Wayne,0,243,355,24584
7/30/2020,Wayne,2,245,308,24892
7/31/2020,Wayne,0,245,458,25350
8/1/2020,Wayne,1,246,294,25644
8/2/2020,Wayne,1,247,224,25868
8/3/2020,Wayne,1,248,236,26104
8/4/2020,Wayne,0,248,304,26408
8/5/2020,Wayne,1,249,315,26723
8/6/2020,Wayne,0,249,346,27069
8/7/2020,Wayne,0,249,276,27345
8/8/2020,Wayne,1,250,417,27762
8/9/2020,Wayne,2,252,255,28017
8/10/2020,Wayne,0,252,257,28274
8/11/2020,Wayne,6,258,354,28628
8/12/2020,Wayne,5,263,535,29163
8/13/2020,Wayne,2,265,423,29586
8/14/2020,Wayne,4,269,369,29955
8/15/2020,Wayne,0,269,325,30280
8/16/2020,Wayne,0,269,273,30553
8/17/2020,Wayne,1,270,246,30799
8/18/2020,Wayne,0,270,364,31163
8/19/2020,Wayne,0,270,322,31485
8/20/2020,Wayne,2,272,475,31960
8/21/2020,Wayne,3,275,396,32356
8/22/2020,Wayne,0,275,393,32749
8/23/2020,Wayne,0,275,273,33022
8/24/2020,Wayne,0,275,200,33222
8/25/2020,Wayne,2,277,236,33458
8/26/2020,Wayne,2,279,438,33896
8/27/2020,Wayne,0,279,402,34298
8/28/2020,Wayne,1,280,335,34633
8/29/2020,Wayne,0,280,371,35004
8/30/2020,Wayne,0,280,215,35219
8/31/2020,Wayne,0,280,208,35427
9/1/2020,Wayne,1,281,271,35698
9/2/2020,Wayne,2,283,465,36163
9/3/2020,Wayne,5,288,417,36580
9/4/2020,Wayne,0,288,359,36939
9/5/2020,Wayne,3,291,340,37279
9/6/2020,Wayne,5,296,214,37493
9/7/2020,Wayne,0,296,166,37659
9/8/2020,Wayne,1,297,237,37896
9/9/2020,Wayne,1,298,272,38168
9/10/2020,Wayne,3,301,383,38551
9/11/2020,Wayne,0,301,426,38977
9/12/2020,Wayne,2,303,427,39404
9/13/2020,Wayne,0,303,243,39647
9/14/2020,Wayne,1,304,271,39918
9/15/2020,Wayne,0,304,297,40215
9/16/2020,Wayne,1,305,475,40690
9/17/2020,Wayne,1,306,352,41042
9/18/2020,Wayne,3,309,411,41453
9/19/2020,Wayne,1,310,446,41899
9/20/2020,Wayne,1,311,170,42069
9/21/2020,Wayne,0,311,418,42487
9/22/2020,Wayne,1,312,357,42844
9/23/2020,Wayne,2,314,448,43292
9/24/2020,Wayne,1,315,535,43827
9/25/2020,Wayne,1,316,586,44413
9/26/2020,Wayne,2,318,325,44738
9/27/2020,Wayne,2,320,262,45000
9/28/2020,Wayne,1,321,313,45313
9/29/2020,Wayne,2,323,402,45715
9/30/2020,Wayne,3,326,565,46280
10/1/2020,Wayne,5,331,452,46732
10/2/2020,Wayne,1,332,644,47376
10/3/2020,Wayne,0,332,343,47719
10/4/2020,Wayne,3,335,145,47864
10/5/2020,Wayne,2,337,411,48275
10/6/2020,Wayne,2,339,349,48624
10/7/2020,Wayne,8,347,470,49094
10/8/2020,Wayne,10,357,407,49501
10/9/2020,Wayne,4,361,507,50008
10/10/2020,Wayne,1,362,337,50345
10/11/2020,Wayne,3,365,331,50676
10/12/2020,Wayne,0,365,459,51135
10/13/2020,Wayne,2,367,306,51441
10/14/2020,Wayne,3,370,626,52067
10/15/2020,Wayne,3,373,362,52429
10/16/2020,Wayne,4,377,438,52867
10/17/2020,Wayne,2,379,296,53163
10/18/2020,Wayne,4,383,266,53429
10/19/2020,Wayne,3,386,321,53750
10/20/2020,Wayne,7,393,392,54142
10/21/2020,Wayne,7,400,384,54526
10/22/2020,Wayne,8,408,526,55052
10/23/2020,Wayne,24,432,520,55572
10/24/2020,Wayne,16,448,368,55940
10/25/2020,Wayne,23,471,367,56307
10/26/2020,Wayne,11,482,674,56981
10/27/2020,Wayne,6,488,388,57369
10/28/2020,Wayne,24,512,685,58054
10/29/2020,Wayne,18,530,686,58740
10/30/2020,Wayne,20,550,587,59327
10/31/2020,Wayne,11,561,339,59666
11/1/2020,Wayne,12,573,313,59979
11/2/2020,Wayne,15,588,486,60465
11/3/2020,Wayne,14,602,429,60894
11/4/2020,Wayne,20,622,764,61658
11/5/2020,Wayne,17,639,528,62186
11/6/2020,Wayne,16,655,617,62803
11/7/2020,Wayne,8,663,323,63126
11/8/2020,Wayne,13,676,324,63450
11/9/2020,Wayne,13,689,513,63963
11/10/2020,Wayne,15,704,468,64431
11/11/2020,Wayne,14,718,758,65189
11/12/2020,Wayne,17,735,549,65738
11/13/2020,Wayne,14,749,501,66239
11/14/2020,Wayne,8,757,335,66574
3/1/2020,Westchester,0,0,0,0
3/2/2020,Westchester,1,1,1,1
3/3/2020,Westchester,0,1,1,2
3/4/2020,Westchester,0,1,0,2
3/5/2020,Westchester,19,20,42,44
3/6/2020,Westchester,0,20,9,53
3/7/2020,Westchester,22,42,110,163
3/8/2020,Westchester,18,60,207,370
3/9/2020,Westchester,42,102,222,592
3/10/2020,Westchester,9,111,177,769
3/11/2020,Westchester,21,132,183,952
3/12/2020,Westchester,19,151,108,1060
3/13/2020,Westchester,20,171,209,1269
3/14/2020,Westchester,11,182,220,1489
3/15/2020,Westchester,41,223,372,1861
3/16/2020,Westchester,157,380,1219,3080
3/17/2020,Westchester,158,538,1026,4106
3/18/2020,Westchester,261,799,1588,5694
3/19/2020,Westchester,292,1091,1483,7177
3/20/2020,Westchester,296,1387,1459,8636
3/21/2020,Westchester,486,1873,2011,10647
3/22/2020,Westchester,1021,2894,4037,14684
3/23/2020,Westchester,997,3891,3282,17966
3/24/2020,Westchester,800,4691,2371,20337
3/25/2020,Westchester,1253,5944,5951,26288
3/26/2020,Westchester,1243,7187,3227,29515
3/27/2020,Westchester,688,7875,1588,31103
3/28/2020,Westchester,644,8519,1410,32513
3/29/2020,Westchester,807,9326,1595,34108
3/30/2020,Westchester,641,9967,1515,35623
3/31/2020,Westchester,716,10683,1567,37190
4/1/2020,Westchester,884,11567,1891,39081
4/2/2020,Westchester,784,12351,1632,40713
4/3/2020,Westchester,730,13081,1621,42334
4/4/2020,Westchester,642,13723,1621,43955
4/5/2020,Westchester,571,14294,1398,45353
4/6/2020,Westchester,510,14804,1348,46701
4/7/2020,Westchester,1083,15887,2647,49348
4/8/2020,Westchester,1117,17004,2889,52237
4/9/2020,Westchester,1073,18077,2911,55148
4/10/2020,Westchester,652,18729,1679,56827
4/11/2020,Westchester,584,19313,1472,58299
4/12/2020,Westchester,473,19786,1163,59462
4/13/2020,Westchester,405,20191,1145,60607
4/14/2020,Westchester,756,20947,2019,62626
4/15/2020,Westchester,881,21828,2642,65268
4/16/2020,Westchester,648,22476,2042,67310
4/17/2020,Westchester,703,23179,2298,69608
4/18/2020,Westchester,624,23803,2133,71741
4/19/2020,Westchester,503,24306,1599,73340
4/20/2020,Westchester,350,24656,1208,74548
4/21/2020,Westchester,620,25276,2016,76564
4/22/2020,Westchester,683,25959,2317,78881
4/23/2020,Westchester,674,26633,2672,81553
4/24/2020,Westchester,598,27231,2468,84021
4/25/2020,Westchester,433,27664,1951,85972
4/26/2020,Westchester,343,28007,1764,87736
4/27/2020,Westchester,238,28245,1408,89144
4/28/2020,Westchester,381,28626,1843,90987
4/29/2020,Westchester,344,28970,1842,92829
4/30/2020,Westchester,262,29232,1613,94442
5/1/2020,Westchester,394,29626,2359,96801
5/2/2020,Westchester,258,29884,1809,98610
5/3/2020,Westchester,213,30097,1662,100272
5/4/2020,Westchester,143,30240,1225,101497
5/5/2020,Westchester,186,30426,1434,102931
5/6/2020,Westchester,282,30708,2311,105242
5/7/2020,Westchester,197,30905,2224,107466
5/8/2020,Westchester,182,31087,1936,109402
5/9/2020,Westchester,207,31294,1940,111342
5/10/2020,Westchester,90,31384,1321,112663
5/11/2020,Westchester,88,31472,984,113647
5/12/2020,Westchester,139,31611,1925,115572
5/13/2020,Westchester,181,31792,2450,118022
5/14/2020,Westchester,151,31943,2024,120046
5/15/2020,Westchester,154,32097,2059,122105
5/16/2020,Westchester,127,32224,1940,124045
5/17/2020,Westchester,99,32323,1326,125371
5/18/2020,Westchester,79,32402,1125,126496
5/19/2020,Westchester,115,32517,1867,128363
5/20/2020,Westchester,156,32673,2671,131034
5/21/2020,Westchester,94,32767,2350,133384
5/22/2020,Westchester,114,32881,3234,136618
5/23/2020,Westchester,87,32968,2542,139160
5/24/2020,Westchester,81,33049,2323,141483
5/25/2020,Westchester,58,33107,1695,143178
5/26/2020,Westchester,79,33186,2207,145385
5/27/2020,Westchester,107,33293,3266,148651
5/28/2020,Westchester,56,33349,3203,151854
5/29/2020,Westchester,80,33429,3388,155242
5/30/2020,Westchester,52,33481,3290,158532
5/31/2020,Westchester,71,33552,3376,161908
6/1/2020,Westchester,81,33633,3183,165091
6/2/2020,Westchester,58,33691,3253,168344
6/3/2020,Westchester,76,33767,3524,171868
6/4/2020,Westchester,87,33854,4216,176084
6/5/2020,Westchester,70,33924,3979,180063
6/6/2020,Westchester,30,33954,3162,183225
6/7/2020,Westchester,46,34000,3336,186561
6/8/2020,Westchester,35,34035,2577,189138
6/9/2020,Westchester,41,34076,3304,192442
6/10/2020,Westchester,30,34106,3494,195936
6/11/2020,Westchester,69,34175,4954,200890
6/12/2020,Westchester,78,34253,5099,205989
6/13/2020,Westchester,37,34290,3399,209388
6/14/2020,Westchester,37,34327,3594,212982
6/15/2020,Westchester,31,34358,3204,216186
6/16/2020,Westchester,27,34385,3189,219375
6/17/2020,Westchester,24,34409,3998,223373
6/18/2020,Westchester,46,34455,4521,227894
6/19/2020,Westchester,31,34486,3624,231518
6/20/2020,Westchester,35,34521,3879,235397
6/21/2020,Westchester,36,34557,3794,239191
6/22/2020,Westchester,24,34581,2844,242035
6/23/2020,Westchester,16,34597,2320,244355
6/24/2020,Westchester,45,34642,4611,248966
6/25/2020,Westchester,58,34700,4127,253093
6/26/2020,Westchester,48,34748,4520,257613
6/27/2020,Westchester,32,34780,3087,260700
6/28/2020,Westchester,18,34798,2560,263260
6/29/2020,Westchester,40,34838,3702,266962
6/30/2020,Westchester,28,34866,3730,270692
7/1/2020,Westchester,46,34912,4469,275161
7/2/2020,Westchester,68,34980,4827,279988
7/3/2020,Westchester,40,35020,3437,283425
7/4/2020,Westchester,23,35043,4519,287944
7/5/2020,Westchester,41,35084,3639,291583
7/6/2020,Westchester,22,35106,3586,295169
7/7/2020,Westchester,48,35154,3387,298556
7/8/2020,Westchester,29,35183,4843,303399
7/9/2020,Westchester,43,35226,5182,308581
7/10/2020,Westchester,34,35260,4293,312874
7/11/2020,Westchester,37,35297,3958,316832
7/12/2020,Westchester,30,35327,3238,320070
7/13/2020,Westchester,39,35366,3851,323921
7/14/2020,Westchester,28,35394,3598,327519
7/15/2020,Westchester,28,35422,4364,331883
7/16/2020,Westchester,41,35463,4989,336872
7/17/2020,Westchester,40,35503,4669,341541
7/18/2020,Westchester,12,35515,3004,344545
7/19/2020,Westchester,36,35551,3104,347649
7/20/2020,Westchester,36,35587,3044,350693
7/21/2020,Westchester,49,35636,4198,354891
7/22/2020,Westchester,31,35667,4000,358891
7/23/2020,Westchester,33,35700,4805,363696
7/24/2020,Westchester,38,35738,4045,367741
7/25/2020,Westchester,39,35777,3149,370890
7/26/2020,Westchester,22,35799,3937,374827
7/27/2020,Westchester,39,35838,3847,378674
7/28/2020,Westchester,36,35874,3393,382067
7/29/2020,Westchester,39,35913,4552,386619
7/30/2020,Westchester,20,35933,3133,389752
7/31/2020,Westchester,41,35974,4465,394217
8/1/2020,Westchester,24,35998,3363,397580
8/2/2020,Westchester,16,36014,2919,400499
8/3/2020,Westchester,35,36049,4310,404809
8/4/2020,Westchester,26,36075,4340,409149
8/5/2020,Westchester,32,36107,4246,413395
8/6/2020,Westchester,29,36136,3794,417189
8/7/2020,Westchester,44,36180,4021,421210
8/8/2020,Westchester,25,36205,4018,425228
8/9/2020,Westchester,28,36233,3572,428800
8/10/2020,Westchester,39,36272,4879,433679
8/11/2020,Westchester,52,36324,4970,438649
8/12/2020,Westchester,33,36357,4767,443416
8/13/2020,Westchester,45,36402,4340,447756
8/14/2020,Westchester,33,36435,5397,453153
8/15/2020,Westchester,18,36453,5180,458333
8/16/2020,Westchester,33,36486,3985,462318
8/17/2020,Westchester,54,36540,4984,467302
8/18/2020,Westchester,23,36563,4578,471880
8/19/2020,Westchester,23,36586,5147,477027
8/20/2020,Westchester,35,36621,5357,482384
8/21/2020,Westchester,30,36651,6410,488794
8/22/2020,Westchester,38,36689,4646,493440
8/23/2020,Westchester,21,36710,3977,497417
8/24/2020,Westchester,32,36742,3725,501142
8/25/2020,Westchester,38,36780,4334,505476
8/26/2020,Westchester,45,36825,5279,510755
8/27/2020,Westchester,38,36863,4891,515646
8/28/2020,Westchester,32,36895,5080,520726
8/29/2020,Westchester,54,36949,5745,526471
8/30/2020,Westchester,35,36984,4143,530614
8/31/2020,Westchester,37,37021,4338,534952
9/1/2020,Westchester,36,37057,4422,539374
9/2/2020,Westchester,49,37106,5469,544843
9/3/2020,Westchester,46,37152,5292,550135
9/4/2020,Westchester,53,37205,5401,555536
9/5/2020,Westchester,41,37246,5013,560549
9/6/2020,Westchester,31,37277,3619,564168
9/7/2020,Westchester,37,37314,3039,567207
9/8/2020,Westchester,41,37355,3322,570529
9/9/2020,Westchester,50,37405,4394,574923
9/10/2020,Westchester,49,37454,4849,579772
9/11/2020,Westchester,32,37486,4795,584567
9/12/2020,Westchester,45,37531,3976,588543
9/13/2020,Westchester,40,37571,3371,591914
9/14/2020,Westchester,30,37601,4081,595995
9/15/2020,Westchester,33,37634,4896,600891
9/16/2020,Westchester,38,37672,4826,605717
9/17/2020,Westchester,46,37718,4825,610542
9/18/2020,Westchester,37,37755,5740,616282
9/19/2020,Westchester,46,37801,5776,622058
9/20/2020,Westchester,36,37837,3507,625565
9/21/2020,Westchester,29,37866,4373,629938
9/22/2020,Westchester,37,37903,3880,633818
9/23/2020,Westchester,45,37948,4839,638657
9/24/2020,Westchester,53,38001,5209,643866
9/25/2020,Westchester,50,38051,5411,649277
9/26/2020,Westchester,47,38098,5203,654480
9/27/2020,Westchester,35,38133,2944,657424
9/28/2020,Westchester,49,38182,4215,661639
9/29/2020,Westchester,57,38239,3993,665632
9/30/2020,Westchester,61,38300,5027,670659
10/1/2020,Westchester,46,38346,6018,676677
10/2/2020,Westchester,85,38431,6800,683477
10/3/2020,Westchester,44,38475,5443,688920
10/4/2020,Westchester,40,38515,4438,693358
10/5/2020,Westchester,52,38567,4267,697625
10/6/2020,Westchester,61,38628,5097,702722
10/7/2020,Westchester,66,38694,7634,710356
10/8/2020,Westchester,77,38771,7257,717613
10/9/2020,Westchester,76,38847,7337,724950
10/10/2020,Westchester,47,38894,5815,730765
10/11/2020,Westchester,107,39001,5332,736097
10/12/2020,Westchester,63,39064,4990,741087
10/13/2020,Westchester,54,39118,5661,746748
10/14/2020,Westchester,82,39200,6575,753323
10/15/2020,Westchester,88,39288,7113,760436
10/16/2020,Westchester,110,39398,7386,767822
10/17/2020,Westchester,78,39476,5852,773674
10/18/2020,Westchester,72,39548,4893,778567
10/19/2020,Westchester,68,39616,4171,782738
10/20/2020,Westchester,78,39694,4962,787700
10/21/2020,Westchester,95,39789,7568,795268
10/22/2020,Westchester,101,39890,7241,802509
10/23/2020,Westchester,151,40041,7199,809708
10/24/2020,Westchester,90,40131,5455,815163
10/25/2020,Westchester,71,40202,4502,819665
10/26/2020,Westchester,120,40322,5760,825425
10/27/2020,Westchester,116,40438,6312,831737
10/28/2020,Westchester,116,40554,7381,839118
10/29/2020,Westchester,127,40681,7446,846564
10/30/2020,Westchester,116,40797,6188,852752
10/31/2020,Westchester,149,40946,7355,860107
11/1/2020,Westchester,115,41061,5095,865202
11/2/2020,Westchester,165,41226,6484,871686
11/3/2020,Westchester,134,41360,6358,878044
11/4/2020,Westchester,182,41542,7790,885834
11/5/2020,Westchester,178,41720,7653,893487
11/6/2020,Westchester,234,41954,8184,901671
11/7/2020,Westchester,225,42179,6606,908277
11/8/2020,Westchester,275,42454,6601,914878
11/9/2020,Westchester,242,42696,5528,920406
11/10/2020,Westchester,244,42940,7158,927564
11/11/2020,Westchester,352,43292,8163,935727
11/12/2020,Westchester,364,43656,9137,944864
11/13/2020,Westchester,437,44093,9495,954359
11/14/2020,Westchester,253,44346,6983,961342
3/1/2020,Wyoming,0,0,0,0
3/2/2020,Wyoming,0,0,0,0
3/3/2020,Wyoming,0,0,0,0
3/4/2020,Wyoming,0,0,0,0
3/5/2020,Wyoming,0,0,0,0
3/6/2020,Wyoming,0,0,0,0
3/7/2020,Wyoming,0,0,0,0
3/8/2020,Wyoming,0,0,0,0
3/9/2020,Wyoming,0,0,0,0
3/10/2020,Wyoming,0,0,0,0
3/11/2020,Wyoming,0,0,0,0
3/12/2020,Wyoming,0,0,0,0
3/13/2020,Wyoming,0,0,0,0
3/14/2020,Wyoming,0,0,0,0
3/15/2020,Wyoming,1,1,3,3
3/16/2020,Wyoming,0,1,0,3
3/17/2020,Wyoming,0,1,2,5
3/18/2020,Wyoming,1,2,6,11
3/19/2020,Wyoming,0,2,3,14
3/20/2020,Wyoming,0,2,0,14
3/21/2020,Wyoming,0,2,4,18
3/22/2020,Wyoming,2,4,11,29
3/23/2020,Wyoming,0,4,8,37
3/24/2020,Wyoming,0,4,7,44
3/25/2020,Wyoming,3,7,9,53
3/26/2020,Wyoming,0,7,14,67
3/27/2020,Wyoming,0,7,15,82
3/28/2020,Wyoming,1,8,13,95
3/29/2020,Wyoming,0,8,7,102
3/30/2020,Wyoming,1,9,13,115
3/31/2020,Wyoming,1,10,10,125
4/1/2020,Wyoming,4,14,12,137
4/2/2020,Wyoming,1,15,11,148
4/3/2020,Wyoming,3,18,11,159
4/4/2020,Wyoming,4,22,16,175
4/5/2020,Wyoming,1,23,6,181
4/6/2020,Wyoming,0,23,7,188
4/7/2020,Wyoming,4,27,18,206
4/8/2020,Wyoming,2,29,12,218
4/9/2020,Wyoming,1,30,13,231
4/10/2020,Wyoming,1,31,12,243
4/11/2020,Wyoming,0,31,2,245
4/12/2020,Wyoming,0,31,2,247
4/13/2020,Wyoming,1,32,21,268
4/14/2020,Wyoming,2,34,9,277
4/15/2020,Wyoming,0,34,8,285
4/16/2020,Wyoming,1,35,11,296
4/17/2020,Wyoming,1,36,6,302
4/18/2020,Wyoming,0,36,6,308
4/19/2020,Wyoming,0,36,4,312
4/20/2020,Wyoming,0,36,6,318
4/21/2020,Wyoming,4,40,14,332
4/22/2020,Wyoming,1,41,15,347
4/23/2020,Wyoming,2,43,18,365
4/24/2020,Wyoming,14,57,117,482
4/25/2020,Wyoming,2,59,19,501
4/26/2020,Wyoming,4,63,15,516
4/27/2020,Wyoming,0,63,9,525
4/28/2020,Wyoming,2,65,26,551
4/29/2020,Wyoming,2,67,17,568
4/30/2020,Wyoming,1,68,16,584
5/1/2020,Wyoming,1,69,32,616
5/2/2020,Wyoming,0,69,15,631
5/3/2020,Wyoming,0,69,16,647
5/4/2020,Wyoming,1,70,24,671
5/5/2020,Wyoming,0,70,42,713
5/6/2020,Wyoming,1,71,22,735
5/7/2020,Wyoming,2,73,130,865
5/8/2020,Wyoming,2,75,187,1052
5/9/2020,Wyoming,2,77,26,1078
5/10/2020,Wyoming,0,77,39,1117
5/11/2020,Wyoming,0,77,24,1141
5/12/2020,Wyoming,0,77,63,1204
5/13/2020,Wyoming,0,77,41,1245
5/14/2020,Wyoming,0,77,106,1351
5/15/2020,Wyoming,1,78,28,1379
5/16/2020,Wyoming,0,78,43,1422
5/17/2020,Wyoming,1,79,56,1478
5/18/2020,Wyoming,0,79,27,1505
5/19/2020,Wyoming,0,79,60,1565
5/20/2020,Wyoming,0,79,64,1629
5/21/2020,Wyoming,0,79,46,1675
5/22/2020,Wyoming,1,80,150,1825
5/23/2020,Wyoming,1,81,113,1938
5/24/2020,Wyoming,1,82,42,1980
5/25/2020,Wyoming,0,82,29,2009
5/26/2020,Wyoming,0,82,42,2051
5/27/2020,Wyoming,0,82,77,2128
5/28/2020,Wyoming,0,82,66,2194
5/29/2020,Wyoming,2,84,90,2284
5/30/2020,Wyoming,2,86,45,2329
5/31/2020,Wyoming,0,86,85,2414
6/1/2020,Wyoming,0,86,229,2643
6/2/2020,Wyoming,1,87,91,2734
6/3/2020,Wyoming,0,87,122,2856
6/4/2020,Wyoming,1,88,67,2923
6/5/2020,Wyoming,1,89,129,3052
6/6/2020,Wyoming,0,89,124,3176
6/7/2020,Wyoming,1,90,127,3303
6/8/2020,Wyoming,1,91,102,3405
6/9/2020,Wyoming,0,91,188,3593
6/10/2020,Wyoming,0,91,97,3690
6/11/2020,Wyoming,0,91,97,3787
6/12/2020,Wyoming,0,91,113,3900
6/13/2020,Wyoming,1,92,65,3965
6/14/2020,Wyoming,0,92,49,4014
6/15/2020,Wyoming,1,93,201,4215
6/16/2020,Wyoming,0,93,85,4300
6/17/2020,Wyoming,0,93,68,4368
6/18/2020,Wyoming,0,93,126,4494
6/19/2020,Wyoming,0,93,33,4527
6/20/2020,Wyoming,0,93,33,4560
6/21/2020,Wyoming,0,93,151,4711
6/22/2020,Wyoming,0,93,147,4858
6/23/2020,Wyoming,0,93,83,4941
6/24/2020,Wyoming,0,93,95,5036
6/25/2020,Wyoming,1,94,167,5203
6/26/2020,Wyoming,1,95,113,5316
6/27/2020,Wyoming,0,95,65,5381
6/28/2020,Wyoming,0,95,149,5530
6/29/2020,Wyoming,0,95,99,5629
6/30/2020,Wyoming,0,95,94,5723
7/1/2020,Wyoming,0,95,167,5890
7/2/2020,Wyoming,0,95,112,6002
7/3/2020,Wyoming,1,96,224,6226
7/4/2020,Wyoming,1,97,64,6290
7/5/2020,Wyoming,0,97,42,6332
7/6/2020,Wyoming,0,97,89,6421
7/7/2020,Wyoming,1,98,67,6488
7/8/2020,Wyoming,1,99,222,6710
7/9/2020,Wyoming,2,101,70,6780
7/10/2020,Wyoming,0,101,211,6991
7/11/2020,Wyoming,0,101,86,7077
7/12/2020,Wyoming,1,102,65,7142
7/13/2020,Wyoming,1,103,215,7357
7/14/2020,Wyoming,0,103,97,7454
7/15/2020,Wyoming,0,103,92,7546
7/16/2020,Wyoming,0,103,75,7621
7/17/2020,Wyoming,1,104,83,7704
7/18/2020,Wyoming,0,104,161,7865
7/19/2020,Wyoming,0,104,113,7978
7/20/2020,Wyoming,3,107,114,8092
7/21/2020,Wyoming,1,108,102,8194
7/22/2020,Wyoming,0,108,122,8316
7/23/2020,Wyoming,2,110,101,8417
7/24/2020,Wyoming,0,110,151,8568
7/25/2020,Wyoming,0,110,209,8777
7/26/2020,Wyoming,0,110,175,8952
7/27/2020,Wyoming,1,111,106,9058
7/28/2020,Wyoming,0,111,83,9141
7/29/2020,Wyoming,0,111,129,9270
7/30/2020,Wyoming,1,112,114,9384
7/31/2020,Wyoming,0,112,74,9458
8/1/2020,Wyoming,0,112,309,9767
8/2/2020,Wyoming,1,113,64,9831
8/3/2020,Wyoming,0,113,85,9916
8/4/2020,Wyoming,1,114,116,10032
8/5/2020,Wyoming,1,115,104,10136
8/6/2020,Wyoming,1,116,114,10250
8/7/2020,Wyoming,0,116,139,10389
8/8/2020,Wyoming,2,118,153,10542
8/9/2020,Wyoming,0,118,96,10638
8/10/2020,Wyoming,0,118,88,10726
8/11/2020,Wyoming,0,118,56,10782
8/12/2020,Wyoming,0,118,167,10949
8/13/2020,Wyoming,0,118,117,11066
8/14/2020,Wyoming,0,118,151,11217
8/15/2020,Wyoming,0,118,284,11501
8/16/2020,Wyoming,0,118,26,11527
8/17/2020,Wyoming,2,120,110,11637
8/18/2020,Wyoming,0,120,94,11731
8/19/2020,Wyoming,0,120,132,11863
8/20/2020,Wyoming,1,121,138,12001
8/21/2020,Wyoming,0,121,159,12160
8/22/2020,Wyoming,2,123,80,12240
8/23/2020,Wyoming,1,124,166,12406
8/24/2020,Wyoming,1,125,156,12562
8/25/2020,Wyoming,0,125,128,12690
8/26/2020,Wyoming,0,125,99,12789
8/27/2020,Wyoming,0,125,120,12909
8/28/2020,Wyoming,0,125,237,13146
8/29/2020,Wyoming,1,126,197,13343
8/30/2020,Wyoming,0,126,61,13404
8/31/2020,Wyoming,0,126,98,13502
9/1/2020,Wyoming,0,126,153,13655
9/2/2020,Wyoming,0,126,102,13757
9/3/2020,Wyoming,0,126,86,13843
9/4/2020,Wyoming,0,126,115,13958
9/5/2020,Wyoming,0,126,196,14154
9/6/2020,Wyoming,1,127,161,14315
9/7/2020,Wyoming,0,127,40,14355
9/8/2020,Wyoming,0,127,92,14447
9/9/2020,Wyoming,0,127,103,14550
9/10/2020,Wyoming,0,127,51,14601
9/11/2020,Wyoming,1,128,128,14729
9/12/2020,Wyoming,0,128,76,14805
9/13/2020,Wyoming,2,130,222,15027
9/14/2020,Wyoming,0,130,411,15438
9/15/2020,Wyoming,0,130,430,15868
9/16/2020,Wyoming,0,130,459,16327
9/17/2020,Wyoming,1,131,342,16669
9/18/2020,Wyoming,1,132,416,17085
9/19/2020,Wyoming,0,132,579,17664
9/20/2020,Wyoming,0,132,126,17790
9/21/2020,Wyoming,0,132,722,18512
9/22/2020,Wyoming,0,132,417,18929
9/23/2020,Wyoming,2,134,374,19303
9/24/2020,Wyoming,1,135,251,19554
9/25/2020,Wyoming,1,136,165,19719
9/26/2020,Wyoming,1,137,291,20010
9/27/2020,Wyoming,0,137,62,20072
9/28/2020,Wyoming,0,137,78,20150
9/29/2020,Wyoming,0,137,98,20248
9/30/2020,Wyoming,0,137,157,20405
10/1/2020,Wyoming,0,137,190,20595
10/2/2020,Wyoming,3,140,177,20772
10/3/2020,Wyoming,1,141,348,21120
10/4/2020,Wyoming,1,142,54,21174
10/5/2020,Wyoming,2,144,126,21300
10/6/2020,Wyoming,3,147,129,21429
10/7/2020,Wyoming,0,147,153,21582
10/8/2020,Wyoming,3,150,267,21849
10/9/2020,Wyoming,0,150,218,22067
10/10/2020,Wyoming,2,152,80,22147
10/11/2020,Wyoming,0,152,166,22313
10/12/2020,Wyoming,1,153,68,22381
10/13/2020,Wyoming,3,156,86,22467
10/14/2020,Wyoming,0,156,108,22575
10/15/2020,Wyoming,4,160,139,22714
10/16/2020,Wyoming,3,163,458,23172
10/17/2020,Wyoming,3,166,89,23261
10/18/2020,Wyoming,1,167,70,23331
10/19/2020,Wyoming,0,167,278,23609
10/20/2020,Wyoming,5,172,142,23751
10/21/2020,Wyoming,2,174,218,23969
10/22/2020,Wyoming,3,177,176,24145
10/23/2020,Wyoming,2,179,296,24441
10/24/2020,Wyoming,3,182,104,24545
10/25/2020,Wyoming,3,185,191,24736
10/26/2020,Wyoming,1,186,124,24860
10/27/2020,Wyoming,2,188,92,24952
10/28/2020,Wyoming,4,192,169,25121
10/29/2020,Wyoming,4,196,164,25285
10/30/2020,Wyoming,3,199,213,25498
10/31/2020,Wyoming,4,203,230,25728
11/1/2020,Wyoming,2,205,218,25946
11/2/2020,Wyoming,11,216,171,26117
11/3/2020,Wyoming,3,219,160,26277
11/4/2020,Wyoming,7,226,166,26443
11/5/2020,Wyoming,4,230,233,26676
11/6/2020,Wyoming,13,243,312,26988
11/7/2020,Wyoming,3,246,129,27117
11/8/2020,Wyoming,4,250,120,27237
11/9/2020,Wyoming,11,261,198,27435
11/10/2020,Wyoming,10,271,218,27653
11/11/2020,Wyoming,16,287,178,27831
11/12/2020,Wyoming,45,332,365,28196
11/13/2020,Wyoming,8,340,330,28526
11/14/2020,Wyoming,3,343,92,28618
3/1/2020,Yates,0,0,0,0
3/2/2020,Yates,0,0,0,0
3/3/2020,Yates,0,0,0,0
3/4/2020,Yates,0,0,0,0
3/5/2020,Yates,0,0,0,0
3/6/2020,Yates,0,0,0,0
3/7/2020,Yates,0,0,0,0
3/8/2020,Yates,0,0,0,0
3/9/2020,Yates,0,0,0,0
3/10/2020,Yates,0,0,0,0
3/11/2020,Yates,0,0,0,0
3/12/2020,Yates,0,0,0,0
3/13/2020,Yates,0,0,1,1
3/14/2020,Yates,0,0,2,3
3/15/2020,Yates,0,0,1,4
3/16/2020,Yates,0,0,0,4
3/17/2020,Yates,0,0,0,4
3/18/2020,Yates,0,0,3,7
3/19/2020,Yates,0,0,1,8
3/20/2020,Yates,0,0,2,10
3/21/2020,Yates,0,0,3,13
3/22/2020,Yates,0,0,3,16
3/23/2020,Yates,0,0,3,19
3/24/2020,Yates,0,0,3,22
3/25/2020,Yates,0,0,1,23
3/26/2020,Yates,0,0,2,25
3/27/2020,Yates,0,0,10,35
3/28/2020,Yates,0,0,7,42
3/29/2020,Yates,0,0,2,44
3/30/2020,Yates,0,0,3,47
3/31/2020,Yates,0,0,7,54
4/1/2020,Yates,1,1,8,62
4/2/2020,Yates,0,1,7,69
4/3/2020,Yates,0,1,3,72
4/4/2020,Yates,0,1,6,78
4/5/2020,Yates,0,1,2,80
4/6/2020,Yates,0,1,3,83
4/7/2020,Yates,0,1,5,88
4/8/2020,Yates,0,1,7,95
4/9/2020,Yates,1,2,3,98
4/10/2020,Yates,0,2,5,103
4/11/2020,Yates,1,3,6,109
4/12/2020,Yates,1,4,4,113
4/13/2020,Yates,2,6,5,118
4/14/2020,Yates,0,6,5,123
4/15/2020,Yates,1,7,2,125
4/16/2020,Yates,1,8,10,135
4/17/2020,Yates,1,9,28,163
4/18/2020,Yates,0,9,2,165
4/19/2020,Yates,1,10,13,178
4/20/2020,Yates,0,10,1,179
4/21/2020,Yates,1,11,1,180
4/22/2020,Yates,0,11,8,188
4/23/2020,Yates,0,11,5,193
4/24/2020,Yates,5,16,41,234
4/25/2020,Yates,1,17,4,238
4/26/2020,Yates,0,17,3,241
4/27/2020,Yates,0,17,3,244
4/28/2020,Yates,0,17,8,252
4/29/2020,Yates,1,18,10,262
4/30/2020,Yates,0,18,12,274
5/1/2020,Yates,0,18,13,287
5/2/2020,Yates,1,19,23,310
5/3/2020,Yates,0,19,9,319
5/4/2020,Yates,0,19,7,326
5/5/2020,Yates,0,19,13,339
5/6/2020,Yates,0,19,13,352
5/7/2020,Yates,1,20,12,364
5/8/2020,Yates,0,20,24,388
5/9/2020,Yates,1,21,27,415
5/10/2020,Yates,0,21,15,430
5/11/2020,Yates,0,21,15,445
5/12/2020,Yates,1,22,23,468
5/13/2020,Yates,0,22,51,519
5/14/2020,Yates,0,22,16,535
5/15/2020,Yates,0,22,15,550
5/16/2020,Yates,1,23,14,564
5/17/2020,Yates,2,25,22,586
5/18/2020,Yates,1,26,25,611
5/19/2020,Yates,8,34,67,678
5/20/2020,Yates,0,34,62,740
5/21/2020,Yates,0,34,107,847
5/22/2020,Yates,3,37,22,869
5/23/2020,Yates,0,37,58,927
5/24/2020,Yates,0,37,28,955
5/25/2020,Yates,0,37,67,1022
5/26/2020,Yates,2,39,28,1050
5/27/2020,Yates,0,39,50,1100
5/28/2020,Yates,0,39,130,1230
5/29/2020,Yates,0,39,31,1261
5/30/2020,Yates,0,39,87,1348
5/31/2020,Yates,0,39,77,1425
6/1/2020,Yates,0,39,48,1473
6/2/2020,Yates,0,39,108,1581
6/3/2020,Yates,0,39,78,1659
6/4/2020,Yates,0,39,113,1772
6/5/2020,Yates,0,39,109,1881
6/6/2020,Yates,0,39,73,1954
6/7/2020,Yates,0,39,110,2064
6/8/2020,Yates,0,39,30,2094
6/9/2020,Yates,0,39,64,2158
6/10/2020,Yates,0,39,99,2257
6/11/2020,Yates,0,39,103,2360
6/12/2020,Yates,0,39,52,2412
6/13/2020,Yates,1,40,64,2476
6/14/2020,Yates,0,40,89,2565
6/15/2020,Yates,0,40,98,2663
6/16/2020,Yates,0,40,58,2721
6/17/2020,Yates,0,40,53,2774
6/18/2020,Yates,0,40,74,2848
6/19/2020,Yates,1,41,49,2897
6/20/2020,Yates,0,41,70,2967
6/21/2020,Yates,1,42,72,3039
6/22/2020,Yates,1,43,43,3082
6/23/2020,Yates,1,44,44,3126
6/24/2020,Yates,0,44,41,3167
6/25/2020,Yates,1,45,61,3228
6/26/2020,Yates,0,45,56,3284
6/27/2020,Yates,0,45,63,3347
6/28/2020,Yates,1,46,133,3480
6/29/2020,Yates,0,46,55,3535
6/30/2020,Yates,0,46,53,3588
7/1/2020,Yates,0,46,28,3616
7/2/2020,Yates,0,46,67,3683
7/3/2020,Yates,2,48,84,3767
7/4/2020,Yates,0,48,45,3812
7/5/2020,Yates,0,48,33,3845
7/6/2020,Yates,0,48,59,3904
7/7/2020,Yates,0,48,73,3977
7/8/2020,Yates,0,48,87,4064
7/9/2020,Yates,0,48,65,4129
7/10/2020,Yates,0,48,59,4188
7/11/2020,Yates,0,48,44,4232
7/12/2020,Yates,0,48,46,4278
7/13/2020,Yates,1,49,54,4332
7/14/2020,Yates,1,50,55,4387
7/15/2020,Yates,0,50,84,4471
7/16/2020,Yates,1,51,89,4560
7/17/2020,Yates,0,51,104,4664
7/18/2020,Yates,0,51,33,4697
7/19/2020,Yates,0,51,46,4743
7/20/2020,Yates,0,51,109,4852
7/21/2020,Yates,0,51,53,4905
7/22/2020,Yates,0,51,115,5020
7/23/2020,Yates,0,51,41,5061
7/24/2020,Yates,0,51,79,5140
7/25/2020,Yates,0,51,120,5260
7/26/2020,Yates,1,52,67,5327
7/27/2020,Yates,0,52,55,5382
7/28/2020,Yates,0,52,47,5429
7/29/2020,Yates,0,52,39,5468
7/30/2020,Yates,1,53,90,5558
7/31/2020,Yates,2,55,58,5616
8/1/2020,Yates,0,55,86,5702
8/2/2020,Yates,0,55,51,5753
8/3/2020,Yates,1,56,65,5818
8/4/2020,Yates,0,56,49,5867
8/5/2020,Yates,0,56,75,5942
8/6/2020,Yates,0,56,50,5992
8/7/2020,Yates,0,56,122,6114
8/8/2020,Yates,1,57,64,6178
8/9/2020,Yates,0,57,37,6215
8/10/2020,Yates,0,57,49,6264
8/11/2020,Yates,0,57,133,6397
8/12/2020,Yates,1,58,94,6491
8/13/2020,Yates,0,58,58,6549
8/14/2020,Yates,1,59,55,6604
8/15/2020,Yates,0,59,82,6686
8/16/2020,Yates,0,59,59,6745
8/17/2020,Yates,0,59,70,6815
8/18/2020,Yates,0,59,51,6866
8/19/2020,Yates,0,59,64,6930
8/20/2020,Yates,0,59,96,7026
8/21/2020,Yates,0,59,61,7087
8/22/2020,Yates,1,60,90,7177
8/23/2020,Yates,0,60,27,7204
8/24/2020,Yates,0,60,35,7239
8/25/2020,Yates,0,60,78,7317
8/26/2020,Yates,0,60,47,7364
8/27/2020,Yates,0,60,94,7458
8/28/2020,Yates,1,61,65,7523
8/29/2020,Yates,0,61,100,7623
8/30/2020,Yates,1,62,80,7703
8/31/2020,Yates,0,62,32,7735
9/1/2020,Yates,0,62,47,7782
9/2/2020,Yates,0,62,69,7851
9/3/2020,Yates,0,62,86,7937
9/4/2020,Yates,0,62,56,7993
9/5/2020,Yates,0,62,87,8080
9/6/2020,Yates,0,62,60,8140
9/7/2020,Yates,0,62,37,8177
9/8/2020,Yates,0,62,34,8211
9/9/2020,Yates,0,62,35,8246
9/10/2020,Yates,0,62,85,8331
9/11/2020,Yates,0,62,97,8428
9/12/2020,Yates,0,62,74,8502
9/13/2020,Yates,0,62,113,8615
9/14/2020,Yates,0,62,40,8655
9/15/2020,Yates,0,62,50,8705
9/16/2020,Yates,0,62,94,8799
9/17/2020,Yates,0,62,91,8890
9/18/2020,Yates,0,62,71,8961
9/19/2020,Yates,0,62,179,9140
9/20/2020,Yates,0,62,71,9211
9/21/2020,Yates,0,62,43,9254
9/22/2020,Yates,0,62,72,9326
9/23/2020,Yates,0,62,63,9389
9/24/2020,Yates,0,62,92,9481
9/25/2020,Yates,0,62,77,9558
9/26/2020,Yates,2,64,124,9682
9/27/2020,Yates,0,64,103,9785
9/28/2020,Yates,0,64,45,9830
9/29/2020,Yates,0,64,63,9893
9/30/2020,Yates,0,64,87,9980
10/1/2020,Yates,1,65,86,10066
10/2/2020,Yates,0,65,101,10167
10/3/2020,Yates,1,66,132,10299
10/4/2020,Yates,0,66,66,10365
10/5/2020,Yates,1,67,78,10443
10/6/2020,Yates,0,67,66,10509
10/7/2020,Yates,0,67,101,10610
10/8/2020,Yates,3,70,112,10722
10/9/2020,Yates,1,71,111,10833
10/10/2020,Yates,0,71,117,10950
10/11/2020,Yates,1,72,93,11043
10/12/2020,Yates,5,77,52,11095
10/13/2020,Yates,0,77,60,11155
10/14/2020,Yates,1,78,107,11262
10/15/2020,Yates,3,81,205,11467
10/16/2020,Yates,3,84,106,11573
10/17/2020,Yates,4,88,111,11684
10/18/2020,Yates,6,94,99,11783
10/19/2020,Yates,4,98,52,11835
10/20/2020,Yates,1,99,133,11968
10/21/2020,Yates,3,102,110,12078
10/22/2020,Yates,5,107,107,12185
10/23/2020,Yates,4,111,119,12304
10/24/2020,Yates,1,112,109,12413
10/25/2020,Yates,3,115,69,12482
10/26/2020,Yates,6,121,109,12591
10/27/2020,Yates,2,123,47,12638
10/28/2020,Yates,3,126,209,12847
10/29/2020,Yates,2,128,133,12980
10/30/2020,Yates,4,132,89,13069
10/31/2020,Yates,2,134,92,13161
11/1/2020,Yates,3,137,124,13285
11/2/2020,Yates,8,145,78,13363
11/3/2020,Yates,2,147,51,13414
11/4/2020,Yates,6,153,99,13513
11/5/2020,Yates,3,156,82,13595
11/6/2020,Yates,5,161,117,13712
11/7/2020,Yates,2,163,145,13857
11/8/2020,Yates,8,171,88,13945
11/9/2020,Yates,5,176,80,14025
11/10/2020,Yates,2,178,51,14076
11/11/2020,Yates,4,182,72,14148
11/12/2020,Yates,8,190,138,14286
11/13/2020,Yates,11,201,101,14387
11/14/2020,Yates,5,206,85,14472
